2 0.0567708 0.505556 0.0229167 0.103704
2 0.0895833 0.50463 0.0166667 0.0962963
2 0.432813 0.534259 0.028125 0.118519
2 0.458073 0.521759 0.0151042 0.110185
2 0.467448 0.526852 0.0203125 0.109259
2 0.498958 0.520833 0.015625 0.123148
2 0.510938 0.52037 0.0229167 0.122222
2 0.5375 0.532407 0.0229167 0.12037
2 0.540365 0.528704 0.0203125 0.133333
2 0.769271 0.509259 0.0145833 0.0759259
2 0.78099 0.506944 0.0192708 0.0842593
2 0.989583 0.535648 0.0208333 0.137963
2 0.921875 0.625926 0.034375 0.181481
2 0.944531 0.586574 0.0505208 0.267593
1 0.8625 0.601389 0.271875 0.125
0 0.405729 0.462963 0.0052083 0.0092593
0 0.415885 0.463426 0.0078125 0.0101852
2 0.567448 0.53287 0.0203125 0.119444
