2 0.964063 0.549074 0.0333333 0.140741
2 0.945833 0.543981 0.0270833 0.150926
2 0.716927 0.603704 0.0630208 0.188889
2 0.21224 0.554167 0.0119792 0.0583333
2 0.168229 0.559722 0.009375 0.0638889
2 0.158073 0.558333 0.0109375 0.0685185
2 0.103385 0.561111 0.0151042 0.0722222
2 0.0429688 0.55787 0.0161458 0.087963
2 0.183854 0.563426 0.0114583 0.037963
2 0.0703125 0.558796 0.015625 0.0712963
2 0.803906 0.596296 0.0348958 0.151852
2 0.0330729 0.559722 0.0119792 0.0805556
2 0.110677 0.561574 0.0109375 0.0731481
2 0.471615 0.556944 0.0057292 0.0194444
1 0.36276 0.673611 0.641146 0.0546296
1 0.904688 0.671296 0.190625 0.161111
0 0.43776 0.172222 0.0296875 0.12037
0 0.56875 0.172685 0.0291667 0.113889
