1 0.310937 0.858333 0.355208 0.177778
2 0.717188 0.60463 0.0520833 0.281482
2 0.347656 0.559722 0.0151042 0.0435185
2 0.488281 0.591667 0.0421875 0.142593
2 0.572656 0.60787 0.0380208 0.178704
1 0.603646 0.628241 0.034375 0.0472222
2 0.591146 0.566204 0.015625 0.0787037
2 0.615625 0.569444 0.0125 0.0685185
2 0.65 0.589815 0.0395833 0.246296
2 0.749479 0.569907 0.0208333 0.110185
2 0.765625 0.568519 0.0197917 0.116667
2 0.80625 0.569444 0.0333333 0.168518
1 0.53125 0.615741 0.05625 0.037037
2 0.605208 0.562963 0.0135417 0.0740741
2 0.927604 0.661111 0.0708333 0.451852
2 0.122135 0.562037 0.0098958 0.0518519
2 0.966667 0.647222 0.0447917 0.455556
2 0.834115 0.571296 0.0265625 0.151852
2 0.885677 0.575926 0.0359375 0.237037
