2 0.0114583 0.511111 0.021875 0.131481
2 0.0390625 0.518519 0.025 0.0833333
2 0.0721354 0.494444 0.0244792 0.122222
2 0.0942708 0.500926 0.0208333 0.116667
2 0.115885 0.487963 0.0276042 0.122222
2 0.159375 0.511111 0.0145833 0.0722222
2 0.171615 0.494444 0.0234375 0.107407
2 0.209375 0.499074 0.0208333 0.109259
2 0.225781 0.475926 0.0151042 0.0796296
2 0.273958 0.474537 0.0114583 0.0583333
2 0.284375 0.471759 0.0114583 0.0546296
2 0.319531 0.46713 0.0098958 0.0509259
2 0.375521 0.456019 0.0083333 0.0435185
2 0.56901 0.468982 0.0109375 0.0546296
2 0.597656 0.490278 0.0213542 0.0953704
2 0.686198 0.505556 0.0276042 0.142593
2 0.720312 0.485648 0.01875 0.0972222
2 0.0882813 0.521296 0.0130208 0.0574074
