0 0.542188 0.488889 0.0072917 0.0185185
0 0.0833333 0.443056 0.00625 0.0175926
1 0.464844 0.824074 0.908854 0.268519
1 0.795052 0.624074 0.251563 0.0759259
2 0.508333 0.550463 0.0125 0.0546296
2 0.657812 0.594444 0.03125 0.159259
2 0.982292 0.594907 0.0166667 0.087963
1 0.697656 0.605093 0.0296875 0.141667
2 0.607031 0.55787 0.0119792 0.0435185
2 0.726823 0.575463 0.0130208 0.0731481
2 0.75625 0.581944 0.0177083 0.0916667
2 0.796354 0.59213 0.021875 0.102778
2 0.0541667 0.504167 0.0104167 0.0509259
2 0.622656 0.564352 0.0098958 0.0601852
2 0.453906 0.54537 0.0192708 0.0648148
2 0.439323 0.540278 0.0078125 0.0472222
2 0.0403646 0.505093 0.0098958 0.0398148
2 0.476823 0.543056 0.0078125 0.0398148
2 0.636198 0.563889 0.0109375 0.05
