2 0.882031 0.612037 0.0671875 0.237037
2 0.794531 0.641204 0.0921875 0.384259
2 0.342969 0.543518 0.0255208 0.127778
2 0.298177 0.552778 0.0223958 0.118519
2 0.273958 0.554167 0.021875 0.134259
2 0.189063 0.555093 0.0270833 0.137963
2 0.159896 0.56713 0.0197917 0.108333
2 0.139844 0.556481 0.0234375 0.127778
2 0.0760417 0.543981 0.021875 0.117593
1 0.278906 0.833333 0.557813 0.216667
2 0.00625 0.549074 0.0125 0.122222
2 0.0328125 0.539352 0.0135417 0.100926
2 0.988542 0.639815 0.0229167 0.240741
