2 0.285677 0.49213 0.0171875 0.0805556
2 0.279687 0.452315 0.009375 0.0527778
2 0.288281 0.458796 0.0088542 0.0453704
2 0.300781 0.472222 0.0078125 0.0314815
2 0.307552 0.465278 0.0098958 0.0490741
2 0.316667 0.4625 0.0114583 0.0527778
2 0.334115 0.453241 0.0098958 0.0490741
2 0.363542 0.456019 0.009375 0.0490741
2 0.372135 0.444907 0.0078125 0.0398148
2 0.513281 0.436111 0.0067708 0.0296296
2 0.533854 0.446296 0.009375 0.0407407
2 0.541927 0.46713 0.0119792 0.0453704
2 0.618229 0.490278 0.028125 0.141667
1 0.332031 0.497222 0.0838542 0.0240741
