2 0.0359375 0.535648 0.0166667 0.0861111
2 0.0497396 0.513426 0.0369792 0.147222
2 0.0710937 0.531018 0.0359375 0.191667
2 0.166927 0.492593 0.0244792 0.0962963
2 0.364062 0.472222 0.0125 0.0481481
2 0.65651 0.506944 0.0265625 0.136111
2 0.852865 0.498611 0.0255208 0.143518
2 0.278125 0.487037 0.015625 0.0796296
2 0.592188 0.481019 0.0166667 0.0694444
2 0.300521 0.4875 0.0083333 0.0287037
2 0.228125 0.486111 0.0125 0.0740741
2 0.239323 0.485185 0.0130208 0.0759259
2 0.986979 0.582407 0.0260417 0.344444
