2 0.35599 0.464352 0.0078125 0.037963
2 0.575521 0.580093 0.009375 0.0416667
2 0.604167 0.503241 0.0083333 0.0398148
2 0.851563 0.661574 0.134375 0.439815
2 0.345833 0.484722 0.0072917 0.0324074
2 0.73099 0.559722 0.0109375 0.0712963
2 0.710417 0.558796 0.00625 0.0638889
2 0.719531 0.558796 0.0130208 0.0657407
2 0.286979 0.588889 0.021875 0.1
2 0.553906 0.576852 0.0130208 0.0462963
2 0.533333 0.578241 0.0135417 0.0435185
2 0.270573 0.584259 0.0151042 0.0759259
2 0.233333 0.58287 0.009375 0.0453704
2 0.245312 0.578241 0.0104167 0.0472222
2 0.703125 0.560185 0.0104167 0.0648148
