2 0.194271 0.499537 0.0166667 0.0824074
2 0.57474 0.431482 0.0078125 0.0277778
2 0.590104 0.440741 0.0083333 0.0296296
2 0.590885 0.499537 0.0223958 0.0842593
2 0.648438 0.5 0.028125 0.122222
2 0.69375 0.483333 0.0208333 0.0944444
2 0.416667 0.481481 0.0135417 0.0574074
2 0.457812 0.473148 0.0114583 0.0481481
2 0.183073 0.496759 0.0119792 0.0694444
2 0.381771 0.499537 0.0145833 0.0787037
2 0.445052 0.480556 0.0130208 0.0518519
2 0.801562 0.493056 0.0260417 0.143518
2 0.470573 0.474537 0.0130208 0.0472222
2 0.401042 0.4875 0.0114583 0.0490741
1 0.427083 0.564815 0.0625 0.037037
