2 0.585677 0.477315 0.0161458 0.0657407
2 0.647656 0.528241 0.0442708 0.160185
2 0.570573 0.486111 0.0109375 0.0444444
2 0.563542 0.475926 0.0135417 0.0592593
2 0.551042 0.488889 0.0114583 0.0351852
2 0.523698 0.478704 0.0130208 0.0537037
2 0.51276 0.475463 0.0130208 0.0546296
2 0.513802 0.445833 0.0088542 0.0305556
2 0.503906 0.435185 0.0067708 0.0333333
2 0.33724 0.443981 0.0098958 0.0361111
2 0.289063 0.509722 0.0125 0.0601852
2 0.270573 0.493982 0.0182292 0.0824074
2 0.256771 0.516204 0.0114583 0.0564815
2 0.247135 0.502778 0.0161458 0.0833333
2 0.208594 0.5125 0.0255208 0.087963
2 0.184896 0.508796 0.025 0.110185
2 0.147135 0.52037 0.0161458 0.0648148
2 0.0416667 0.501389 0.03125 0.147222
2 0.119271 0.5125 0.0135417 0.075
