0 0.538802 0.496759 0.0067708 0.0175926
0 0.1125 0.458796 0.0072917 0.0175926
1 0.590365 0.721759 0.328646 0.10463
1 0.720052 0.60787 0.204688 0.0583333
2 0.0104167 0.511111 0.0125 0.0555556
2 0.51276 0.552778 0.0161458 0.0481481
2 0.607031 0.588889 0.0223958 0.114815
2 0.773698 0.592593 0.0192708 0.0851852
2 0.926302 0.591204 0.0151042 0.0861111
2 0.907552 0.590741 0.0130208 0.0685185
1 0.634115 0.597222 0.0234375 0.111111
2 0.586979 0.559259 0.0114583 0.0425926
2 0.709115 0.575 0.0109375 0.0611111
2 0.734375 0.584722 0.0166667 0.0842593
1 0.127604 0.683333 0.255208 0.107407
