2 0.218229 0.419444 0.0125 0.0537037
2 0.195833 0.42037 0.0145833 0.0611111
2 0.204688 0.428704 0.009375 0.0444444
2 0.172917 0.406018 0.009375 0.037963
2 0.096875 0.425463 0.0135417 0.0972222
2 0.156771 0.411111 0.009375 0.037037
2 0.147396 0.409259 0.0083333 0.0425926
2 0.727604 0.428241 0.0104167 0.0546296
2 0.55026 0.414352 0.0109375 0.0527778
1 0.61849 0.466204 0.260938 0.0324074
1 0.470313 0.436111 0.119792 0.0092593
1 0.254948 0.465741 0.215104 0.0277778
0 0.582031 0.27963 0.0255208 0.0185185
0 0.536979 0.275463 0.025 0.0212963
0 0.254948 0.350463 0.0078125 0.0287037
