1 0.321615 0.655556 0.346354 0.0462963
0 0.540885 0.414352 0.0255208 0.0231481
1 0.460417 0.573148 0.0927083 0.012963
2 0.847396 0.572685 0.0208333 0.15463
2 0.288281 0.572685 0.0130208 0.0546296
2 0.782292 0.563889 0.0208333 0.105556
2 0.764844 0.561111 0.0213542 0.109259
2 0.275781 0.572222 0.0088542 0.0462963
2 0.8375 0.578241 0.0177083 0.128704
1 0.790365 0.628704 0.230729 0.0555556
2 0.888542 0.547222 0.015625 0.0888889
2 0.70625 0.551852 0.0114583 0.0481481
2 0.71224 0.549074 0.0109375 0.0555556
2 0.171094 0.573611 0.0098958 0.0361111
2 0.859115 0.569907 0.0192708 0.130556
2 0.828385 0.570833 0.0213542 0.110185
