2 0.567187 0.443518 0.0104167 0.0277778
2 0.578125 0.442593 0.0083333 0.0296296
2 0.597396 0.443056 0.0114583 0.0342593
2 0.666146 0.443056 0.0104167 0.0509259
2 0.650521 0.453241 0.0135417 0.0509259
2 0.688281 0.452778 0.0161458 0.0611111
2 0.753906 0.456481 0.0161458 0.0611111
2 0.765885 0.435648 0.0098958 0.0546296
2 0.961979 0.436574 0.01875 0.0842593
2 0.933333 0.435185 0.015625 0.0796296
2 0.932813 0.460648 0.015625 0.0546296
2 0.882031 0.439815 0.0119792 0.0814815
2 0.77526 0.434722 0.0098958 0.0509259
2 0.557031 0.44213 0.0067708 0.0231481
2 0.853646 0.433796 0.0114583 0.0546296
2 0.804688 0.430093 0.0135417 0.0527778
2 0.895052 0.449074 0.0192708 0.0796296
