2 0.189583 0.496759 0.0177083 0.0861111
2 0.57474 0.428704 0.0078125 0.0277778
2 0.590625 0.438889 0.0083333 0.0296296
2 0.590885 0.498611 0.0223958 0.0842593
2 0.654427 0.5 0.0296875 0.124074
2 0.694792 0.478704 0.0208333 0.0944444
2 0.415104 0.480093 0.0104167 0.0601852
2 0.456771 0.473148 0.0114583 0.0481481
2 0.179427 0.495833 0.0119792 0.0694444
2 0.442708 0.481019 0.0177083 0.0564815
2 0.809375 0.49213 0.0260417 0.143518
2 0.467448 0.471759 0.0130208 0.0472222
2 0.398958 0.485648 0.0114583 0.0490741
1 0.426042 0.565741 0.0645833 0.037037
