2 0.288802 0.461574 0.0078125 0.0472222
2 0.0684896 0.513889 0.0348958 0.12963
2 0.0911458 0.540741 0.021875 0.0981481
2 0.136198 0.533796 0.0182292 0.0731481
2 0.511719 0.436574 0.0057292 0.0268519
2 0.703125 0.502778 0.028125 0.131481
2 0.711719 0.531482 0.0192708 0.103704
2 0.752865 0.520833 0.0348958 0.134259
2 0.779688 0.531482 0.028125 0.111111
2 0.0447917 0.56713 0.025 0.0935185
2 0.574219 0.48287 0.0161458 0.100926
2 0.535677 0.4625 0.0088542 0.0361111
2 0.0166667 0.543056 0.0333333 0.169444
