2 0.493229 0.458333 0.0072917 0.0314815
2 0.464844 0.458796 0.0109375 0.0342593
2 0.430729 0.458333 0.0104167 0.0407407
2 0.414323 0.461574 0.0098958 0.037963
2 0.364062 0.459722 0.0072917 0.037963
2 0.196354 0.463426 0.0104167 0.0416667
2 0.213802 0.463889 0.0067708 0.037037
2 0.20651 0.46713 0.0078125 0.0342593
2 0.219531 0.46713 0.0057292 0.0324074
2 0.0221354 0.479167 0.0098958 0.0472222
2 0.18099 0.46713 0.0109375 0.037963
0 0.0614583 0.290278 0.0145833 0.0657407
0 0.108854 0.27963 0.0145833 0.0666667
