2 0.563281 0.469444 0.0171875 0.0759259
2 0.491406 0.475926 0.0213542 0.0925926
2 0.501042 0.456019 0.0083333 0.0287037
2 0.436719 0.472685 0.0161458 0.0824074
2 0.428385 0.47963 0.0265625 0.103704
2 0.336458 0.465741 0.0083333 0.0296296
2 0.32474 0.486574 0.0182292 0.0824074
2 0.227604 0.493056 0.01875 0.0861111
2 0.188802 0.500463 0.0203125 0.0824074
2 0.178385 0.499537 0.0151042 0.0842593
2 0.147917 0.485185 0.0104167 0.0537037
2 0.117708 0.502315 0.0135417 0.0842593
2 0.110677 0.494444 0.0119792 0.0592593
2 0.0854167 0.510185 0.0239583 0.107407
2 0.0401042 0.513426 0.0177083 0.0972222
2 0.0309896 0.518982 0.0182292 0.0972222
2 0.130208 0.500463 0.0135417 0.0787037
2 0.297917 0.466204 0.0104167 0.0398148
2 0.357292 0.461111 0.0114583 0.0444444
2 0.40625 0.458333 0.00625 0.0203704
1 0.451823 0.532407 0.660937 0.0296296
0 0.396094 0.424074 0.0067708 0.0185185
0 0.707552 0.39213 0.0078125 0.025
0 0.689323 0.390741 0.0067708 0.0240741
