2 0.658073 0.477315 0.0317708 0.187963
2 0.694531 0.437037 0.0223958 0.0907407
2 0.878906 0.473148 0.0171875 0.0888889
2 0.190885 0.477778 0.0119792 0.0555556
2 0.202865 0.48287 0.0203125 0.0935185
2 0.265885 0.48287 0.0192708 0.075
2 0.301042 0.459722 0.0114583 0.0509259
2 0.292969 0.458796 0.0109375 0.0509259
2 0.76875 0.442593 0.0197917 0.0944444
2 0.611198 0.433333 0.0088542 0.0407407
2 0.59375 0.433333 0.0114583 0.0425926
1 0.595833 0.524537 0.285417 0.0342593
1 0.197135 0.550926 0.265104 0.0592593
1 0.880469 0.59213 0.239063 0.128704
