2 0.369271 0.46713 0.0125 0.0472222
2 0.535677 0.440278 0.0098958 0.0361111
2 0.54401 0.455556 0.0078125 0.037037
2 0.655729 0.509259 0.015625 0.0777778
2 0.682813 0.503241 0.0260417 0.100926
2 0.70599 0.509722 0.0182292 0.0842593
2 0.360156 0.455556 0.0098958 0.0388889
2 0.324479 0.45 0.0104167 0.0481481
2 0.35 0.452778 0.0072917 0.0407407
2 0.378906 0.455093 0.0088542 0.0398148
2 0.342708 0.453241 0.0083333 0.0453704
2 0.334896 0.452315 0.00625 0.0268519
2 0.317708 0.45787 0.0083333 0.0416667
