2 0.859375 0.528704 0.0333333 0.162963
2 0.815104 0.491667 0.0125 0.062963
2 0.44401 0.475 0.0140625 0.0666667
2 0.421094 0.473148 0.0140625 0.0574074
2 0.336979 0.473611 0.0104167 0.0509259
2 0.313802 0.475463 0.0078125 0.0490741
2 0.323177 0.475926 0.0088542 0.05
2 0.328646 0.473611 0.0072917 0.0546296
0 0.141927 0.265278 0.0151042 0.0694444
1 0.277604 0.484259 0.028125 0.0092593
1 0.397656 0.567593 0.197396 0.12963
1 0.853646 0.64213 0.286458 0.0805556
2 0.479427 0.501389 0.0296875 0.167593
2 0.796615 0.481944 0.0109375 0.037963
2 0.983073 0.564815 0.0296875 0.194444
2 0.498698 0.512963 0.0328125 0.144444
2 0.957812 0.5 0.0104167 0.0462963
0 0.370833 0.386574 0.0114583 0.0305556
