2 0.614583 0.520833 0.0333333 0.126852
2 0.583073 0.478704 0.0098958 0.0592593
2 0.574479 0.486111 0.009375 0.0388889
2 0.552604 0.488889 0.0104167 0.037037
2 0.5625 0.477315 0.0145833 0.0564815
2 0.528906 0.475926 0.0119792 0.0592593
2 0.520833 0.475926 0.0125 0.0611111
2 0.51875 0.450926 0.009375 0.0277778
2 0.506771 0.440741 0.0083333 0.0296296
2 0.340365 0.442593 0.0088542 0.0277778
2 0.274479 0.51713 0.0125 0.0527778
2 0.28099 0.512037 0.0109375 0.0462963
2 0.29349 0.493519 0.0161458 0.0796296
2 0.247656 0.505093 0.0161458 0.0787037
2 0.267448 0.504167 0.0119792 0.0805556
2 0.171354 0.515278 0.0135417 0.0638889
2 0.202604 0.499537 0.0197917 0.0990741
2 0.0591146 0.506482 0.0328125 0.142593
2 0.282552 0.488426 0.0130208 0.0712963
