2 0.1 0.567593 0.0260417 0.103704
2 0.803646 0.678704 0.084375 0.431482
2 0.843229 0.637963 0.0572917 0.32037
2 0.939323 0.67963 0.109896 0.490741
2 0.613281 0.698611 0.104687 0.502778
1 0.24401 0.831944 0.486979 0.221296
2 0.134375 0.571296 0.0229167 0.112963
2 0.692969 0.596759 0.0401042 0.263889
2 0.338542 0.558333 0.015625 0.0555556
2 0.482812 0.588889 0.0447917 0.151852
2 0.736198 0.566667 0.0234375 0.12963
2 0.747135 0.559722 0.0192708 0.100926
2 0.821615 0.685648 0.0453125 0.391667
2 0.5375 0.593056 0.0322917 0.152778
1 0.560156 0.616667 0.0411458 0.0462963
2 0.55625 0.547685 0.0125 0.062037
