2 0.847656 0.605093 0.0640625 0.226852
2 0.719792 0.599537 0.0697917 0.308333
2 0.390104 0.54213 0.025 0.125
2 0.346875 0.550926 0.021875 0.114815
2 0.324479 0.548611 0.0208333 0.121296
2 0.242188 0.555556 0.0260417 0.138889
2 0.213281 0.564352 0.0223958 0.10463
2 0.195573 0.553704 0.0223958 0.124074
2 0.128646 0.544444 0.0260417 0.109259
2 0.0726563 0.543981 0.0192708 0.0990741
1 0.459635 0.821759 0.918229 0.263889
2 0.9875 0.637963 0.025 0.261111
2 0.0067708 0.553241 0.0135417 0.143518
2 0.0247396 0.54213 0.0171875 0.0972222
