2 0.257031 0.465741 0.0119792 0.0518519
2 0.500781 0.439352 0.0078125 0.0287037
2 0.526563 0.468056 0.0114583 0.0435185
2 0.813542 0.528241 0.046875 0.200926
2 0.852865 0.57037 0.0359375 0.17037
2 0.920313 0.554167 0.0416667 0.217593
2 0.954427 0.568519 0.0463542 0.172222
2 0.21276 0.481019 0.0182292 0.0805556
2 0.19401 0.483333 0.0140625 0.0777778
2 0.28125 0.458333 0.009375 0.05
2 0.26849 0.465278 0.0067708 0.0435185
2 0.27474 0.465278 0.0067708 0.0490741
2 0.571615 0.487963 0.0203125 0.0925926
