0 0.540885 0.49537 0.0067708 0.0185185
0 0.106771 0.456019 0.0072917 0.0175926
1 0.400781 0.71713 0.801562 0.167593
1 0.726563 0.60787 0.204167 0.0583333
2 0.513281 0.551852 0.0161458 0.0481481
2 0.617188 0.590278 0.0229167 0.117593
2 0.779948 0.594907 0.0203125 0.0898148
2 0.94349 0.592593 0.0151042 0.087037
2 0.923698 0.591204 0.0140625 0.0731481
1 0.646875 0.599537 0.025 0.121296
2 0.592708 0.558333 0.0125 0.0462963
2 0.714323 0.574537 0.0109375 0.062037
2 0.74375 0.583796 0.0177083 0.087963
2 0.0057292 0.507407 0.0104167 0.0740741
