2 0.166667 0.512037 0.0104167 0.0574074
2 0.177865 0.497685 0.0161458 0.100926
2 0.211719 0.512037 0.0151042 0.0388889
2 0.260417 0.496296 0.0166667 0.0666667
2 0.272396 0.515278 0.009375 0.037963
2 0.282031 0.51713 0.0088542 0.0398148
2 0.291146 0.499074 0.0145833 0.0685185
2 0.528125 0.481944 0.0125 0.062037
2 0.54974 0.496759 0.0203125 0.0898148
2 0.582031 0.477315 0.0098958 0.0527778
2 0.0291667 0.50463 0.0270833 0.162963
2 0.0171875 0.504167 0.025 0.158333
2 0.517187 0.481481 0.0104167 0.0592593
