2 0.533594 0.447222 0.0140625 0.0518519
2 0.545313 0.446759 0.0125 0.0527778
2 0.728906 0.456019 0.0213542 0.102778
2 0.34375 0.465278 0.0145833 0.062037
2 0.377604 0.453241 0.009375 0.0435185
2 0.440885 0.444444 0.0078125 0.0333333
2 0.396354 0.454167 0.009375 0.0472222
2 0.421875 0.448148 0.0083333 0.0314815
2 0.620573 0.443981 0.0109375 0.0527778
2 0.591146 0.442593 0.0083333 0.0462963
2 0.70651 0.437963 0.0098958 0.05
0 0.373698 0.275 0.0151042 0.0555556
0 0.527344 0.371296 0.0057292 0.0222222
