2 0.585417 0.452778 0.025 0.109259
2 0.427344 0.458333 0.0234375 0.0833333
2 0.320313 0.47037 0.0260417 0.0944444
2 0.394792 0.457407 0.0166667 0.0722222
2 0.0471354 0.48287 0.0130208 0.0694444
2 0.251302 0.468518 0.0161458 0.062963
2 0.642969 0.430093 0.0088542 0.0490741
2 0.782812 0.437037 0.025 0.0944444
2 0.846875 0.4375 0.0229167 0.0935185
2 0.753646 0.42963 0.0114583 0.0481481
2 0.0651042 0.480093 0.0104167 0.0694444
2 0.595312 0.451389 0.01875 0.0824074
2 0.869792 0.427778 0.0125 0.0592593
2 0.676302 0.433796 0.0119792 0.0472222
2 0.475 0.4375 0.0072917 0.0231481
1 0.508854 0.501852 0.258333 0.0314815
0 0.242969 0.0638889 0.0286458 0.114815
0 0.804427 0.368519 0.0078125 0.0277778
0 0.813802 0.37037 0.0078125 0.0277778
