2 0.146354 0.565741 0.009375 0.0444444
2 0.232552 0.558333 0.0067708 0.0388889
2 0.240625 0.561111 0.0083333 0.037037
2 0.654948 0.551852 0.0140625 0.062963
2 0.797396 0.558796 0.025 0.126852
2 0.825781 0.563889 0.0286458 0.125926
2 0.88151 0.56713 0.0255208 0.128704
2 0.928125 0.587037 0.021875 0.155556
2 0.944792 0.571296 0.0302083 0.2
1 0.810156 0.649074 0.348437 0.062963
1 0.415104 0.66713 0.136458 0.0638889
1 0.136979 0.684259 0.163542 0.0444444
1 0.421615 0.572685 0.0953125 0.012037
0 0.53776 0.397685 0.0276042 0.0268519
2 0.0596354 0.568982 0.0088542 0.0453704
2 0.814062 0.543518 0.015625 0.0944444
