2 0.964063 0.58287 0.0364583 0.191667
2 0.829687 0.578241 0.0385417 0.191667
2 0.856771 0.606944 0.0197917 0.0935185
2 0.797656 0.560648 0.0182292 0.0916667
2 0.771875 0.574074 0.0270833 0.12963
2 0.740885 0.624074 0.0536458 0.318518
2 0.679688 0.600926 0.0260417 0.222222
2 0.659896 0.594444 0.0375 0.25
2 0.615625 0.5625 0.0145833 0.0638889
2 0.607813 0.562963 0.0166667 0.0703704
2 0.58099 0.618056 0.0473958 0.193519
2 0.489844 0.607407 0.0505208 0.172222
2 0.344271 0.5625 0.0145833 0.0472222
1 0.536979 0.621759 0.05625 0.0268519
1 0.611979 0.635648 0.0385417 0.0546296
1 0.313281 0.868056 0.352604 0.136111
