2 0.265104 0.496296 0.0166667 0.0666667
2 0.275781 0.5125 0.0140625 0.0509259
2 0.304427 0.490741 0.0151042 0.0685185
2 0.543229 0.474074 0.0125 0.0611111
2 0.0614583 0.503241 0.0364583 0.156482
2 0.533854 0.472685 0.0135417 0.0601852
2 0.299219 0.508333 0.0109375 0.0537037
2 0.611719 0.47037 0.0182292 0.0592593
2 0.522917 0.448148 0.0072917 0.0351852
2 0.511719 0.443056 0.0088542 0.0361111
2 0.19401 0.496759 0.0171875 0.0953704
2 0.285937 0.49213 0.0166667 0.0787037
2 0.597135 0.480093 0.0088542 0.0453704
2 0.559115 0.475 0.0109375 0.0611111
2 0.577344 0.507407 0.0244792 0.0962963
