2 0.0945312 0.405556 0.0098958 0.0425926
2 0.06875 0.4125 0.009375 0.0324074
2 0.770312 0.401389 0.0114583 0.0657407
2 0.316927 0.399537 0.0151042 0.0731481
2 0.74401 0.399537 0.0130208 0.0694444
2 0.119792 0.423611 0.0166667 0.075
2 0.130729 0.43287 0.0104167 0.0564815
2 0.147917 0.421296 0.0114583 0.0685185
1 0.435417 0.49537 0.865625 0.0796296
1 0.51224 0.423148 0.344271 0.0203704
0 0.59974 0.225926 0.0296875 0.0222222
0 0.546094 0.223611 0.0296875 0.025
0 0.196094 0.329167 0.0088542 0.0305556
0 0.707292 0.327315 0.0083333 0.0268519
