2 0.0734375 0.589352 0.059375 0.236111
2 0.152344 0.563889 0.0317708 0.187037
2 0.189844 0.571296 0.0453125 0.216667
2 0.234635 0.576389 0.0640625 0.265741
2 0.264323 0.551389 0.0484375 0.223148
2 0.333594 0.574074 0.0505208 0.216667
2 0.342187 0.522222 0.0333333 0.137037
2 0.476302 0.512037 0.0244792 0.0648148
1 0.625521 0.583796 0.252083 0.0861111
1 0.958073 0.637037 0.0744792 0.146296
2 0.760677 0.51713 0.0192708 0.108333
0 0.292969 0.471759 0.0088542 0.012037
0 0.281771 0.473148 0.00625 0.0092593
