2 0.0216146 0.555093 0.0223958 0.0898148
2 0.152865 0.56713 0.0255208 0.0972222
2 0.307292 0.564352 0.0291667 0.0953704
2 0.461198 0.624074 0.0734375 0.268519
2 0.53125 0.558796 0.015625 0.0916667
2 0.580208 0.556944 0.0145833 0.0824074
2 0.604948 0.565741 0.0213542 0.1
2 0.558333 0.539352 0.0114583 0.0694444
2 0.511979 0.536111 0.009375 0.0388889
1 0.551042 0.612963 0.113542 0.05
2 0.634375 0.573148 0.0375 0.22037
2 0.704687 0.667593 0.0729167 0.387037
2 0.73099 0.671759 0.0348958 0.334259
2 0.75625 0.64213 0.0489583 0.339815
2 0.795052 0.544907 0.0286458 0.149074
2 0.847396 0.676852 0.090625 0.457407
2 0.895833 0.545833 0.03125 0.152778
2 0.923958 0.545833 0.0302083 0.152778
2 0.210938 0.679167 0.0947917 0.517593
1 0.245052 0.824537 0.490104 0.230556
