2 0.541146 0.46713 0.01875 0.0824074
2 0.379687 0.465278 0.0208333 0.0935185
2 0.339844 0.452315 0.0098958 0.0287037
2 0.30599 0.464352 0.0244792 0.0916667
2 0.273698 0.467593 0.0171875 0.0685185
2 0.250521 0.476852 0.0208333 0.0685185
2 0.226823 0.459722 0.0078125 0.0305556
2 0.199219 0.45463 0.0057292 0.0259259
2 0.163021 0.461574 0.0072917 0.0342593
2 0.129427 0.481481 0.0203125 0.0833333
2 0.0947917 0.496296 0.028125 0.101852
2 0.0773438 0.486574 0.0130208 0.062037
2 0.0682292 0.483796 0.0135417 0.0583333
2 0.0518229 0.478704 0.0109375 0.0481481
2 0.0432292 0.477315 0.0104167 0.0453704
2 0.0361979 0.492593 0.0161458 0.0759259
2 0.0208333 0.488889 0.0114583 0.0740741
1 0.358854 0.508796 0.43125 0.0268519
0 0.260677 0.422222 0.0067708 0.0185185
0 0.5375 0.388889 0.0072917 0.0203704
0 0.555469 0.391667 0.0067708 0.0222222
