2 0.785156 0.663889 0.0484375 0.294444
2 0.483333 0.689815 0.119792 0.405556
2 0.303125 0.577778 0.0208333 0.0962963
2 0.28099 0.575 0.0151042 0.0833333
2 0.101823 0.630093 0.0880208 0.313889
2 0.154167 0.575926 0.025 0.0981481
2 0.0369792 0.563889 0.015625 0.0796296
1 0.0335937 0.72963 0.0640625 0.101852
1 0.304948 0.795833 0.268229 0.200926
0 0.235677 0.0796296 0.0338542 0.131481
0 0.407031 0.0712963 0.0328125 0.124074
2 0.717448 0.638889 0.0973958 0.375926
2 0.261458 0.600463 0.0510417 0.175
2 0.68125 0.608796 0.0520833 0.330556
2 0.835417 0.62037 0.0520833 0.338889
2 0.459375 0.622685 0.040625 0.234259
2 0.613281 0.665278 0.0744792 0.326852
2 0.558333 0.549074 0.0260417 0.116667
