0 0.530208 0.381018 0.0072917 0.0212963
0 0.511198 0.352778 0.0078125 0.0259259
2 0.517187 0.413426 0.0104167 0.0453704
2 0.546615 0.411574 0.0098958 0.0472222
2 0.557813 0.410185 0.0104167 0.0462963
2 0.654167 0.408333 0.015625 0.062963
2 0.666146 0.43287 0.015625 0.0490741
2 0.686458 0.422222 0.021875 0.103704
2 0.771875 0.435648 0.028125 0.10463
2 0.85 0.426852 0.0229167 0.148148
2 0.927344 0.436111 0.0317708 0.164815
2 0.976042 0.442593 0.0239583 0.146296
1 0.40599 0.430556 0.0515625 0.0092593
1 0.508854 0.428704 0.04375 0.0092593
