2 0.065625 0.559722 0.015625 0.0787037
2 0.103906 0.561111 0.0130208 0.0722222
2 0.252865 0.571296 0.0265625 0.1
2 0.173698 0.680093 0.117188 0.456481
2 0.315625 0.641667 0.05 0.327778
2 0.347396 0.611111 0.0427083 0.292593
2 0.367448 0.681481 0.145313 0.5
2 0.49375 0.625926 0.040625 0.205556
2 0.520833 0.600463 0.028125 0.182407
2 0.545833 0.580093 0.0416667 0.176852
2 0.567187 0.676389 0.117708 0.425
2 0.632813 0.55 0.0333333 0.166667
2 0.671354 0.56713 0.0572917 0.230556
2 0.74401 0.538426 0.0494792 0.299074
0 0.257552 0.1 0.0307292 0.140741
0 0.414844 0.104167 0.0307292 0.115741
1 0.0486979 0.721759 0.0973958 0.113889
1 0.258854 0.735648 0.10625 0.147222
2 0.0080729 0.594444 0.0161458 0.138889
2 0.920052 0.561111 0.0369792 0.233333
