2 0.120833 0.586111 0.01875 0.0962963
2 0.146354 0.572222 0.0177083 0.0685185
2 0.188802 0.568519 0.0130208 0.0611111
2 0.20599 0.569444 0.0130208 0.0592593
2 0.224479 0.563426 0.0125 0.0546296
2 0.338802 0.572685 0.0151042 0.0601852
2 0.351042 0.57037 0.0166667 0.0648148
2 0.811198 0.538426 0.0151042 0.0768519
2 0.82526 0.540741 0.0130208 0.087037
2 0.8375 0.547685 0.01875 0.0935185
2 0.87474 0.531482 0.0182292 0.0777778
1 0.508333 0.575 0.0875 0.0092593
0 0.518229 0.464352 0.0145833 0.0157407
2 0.13724 0.580556 0.0130208 0.0814815
2 0.213542 0.562963 0.0114583 0.0592593
2 0.80026 0.572222 0.0255208 0.12037
2 0.783073 0.54537 0.0140625 0.0722222
2 0.769792 0.560648 0.0197917 0.100926
