2 0.129427 0.587037 0.0182292 0.0944444
2 0.151823 0.573148 0.0161458 0.0666667
2 0.191927 0.57037 0.0130208 0.0611111
2 0.209115 0.57037 0.0130208 0.0592593
2 0.226823 0.564352 0.0119792 0.0527778
2 0.341406 0.574074 0.0151042 0.0592593
2 0.354948 0.570833 0.0161458 0.0638889
2 0.768229 0.558333 0.01875 0.0962963
2 0.809896 0.539352 0.0135417 0.0787037
2 0.821354 0.540741 0.0125 0.0851852
2 0.832812 0.548148 0.01875 0.0925926
2 0.866146 0.531944 0.0177083 0.075
1 0.508333 0.575926 0.0864583 0.0092593
0 0.518229 0.466204 0.0145833 0.0157407
2 0.375781 0.56713 0.0098958 0.0472222
2 0.140885 0.581482 0.0109375 0.0796296
2 0.216406 0.563426 0.0109375 0.0583333
2 0.367708 0.564352 0.009375 0.0527778
2 0.796875 0.571296 0.025 0.118519
