0 0.516667 0.416204 0.0114583 0.0398148
0 0.539583 0.416667 0.0104167 0.0388889
0 0.566667 0.415741 0.0114583 0.0407407
0 0.689062 0.426389 0.0166667 0.0583333
0 0.139062 0.496296 0.0083333 0.0296296
2 0.938281 0.523611 0.0161458 0.0824074
2 0.697135 0.525 0.0109375 0.0481481
0 0.607292 0.483796 0.0104167 0.0398148
2 0.65651 0.522222 0.0098958 0.0444444
2 0.646354 0.521759 0.0125 0.0564815
2 0.708073 0.527778 0.0088542 0.0277778
0 0.15599 0.493519 0.0078125 0.0296296
2 0.154427 0.526852 0.0088542 0.0388889
