2 0.566667 0.443056 0.0104167 0.0287037
2 0.577604 0.442593 0.0083333 0.0296296
2 0.598698 0.443518 0.0119792 0.0351852
2 0.671615 0.444907 0.0119792 0.0564815
2 0.652083 0.452315 0.0135417 0.0509259
2 0.692708 0.453241 0.0166667 0.0638889
2 0.782292 0.435648 0.015625 0.0583333
2 0.954948 0.439815 0.0140625 0.0981481
2 0.971615 0.461574 0.0171875 0.0601852
2 0.913802 0.441204 0.0182292 0.0916667
2 0.555469 0.441204 0.0067708 0.0231481
2 0.868229 0.430093 0.0114583 0.0546296
2 0.825781 0.428704 0.0151042 0.0574074
2 0.929427 0.45 0.0203125 0.0888889
2 0.594531 0.439815 0.0078125 0.0296296
