2 0.053125 0.548611 0.0291667 0.152778
2 0.371615 0.4625 0.0119792 0.0453704
2 0.534896 0.4375 0.009375 0.0342593
2 0.54349 0.456019 0.0078125 0.037963
2 0.641667 0.504167 0.015625 0.0601852
2 0.65 0.506482 0.015625 0.0703704
2 0.675 0.500926 0.0239583 0.0981481
2 0.69401 0.506019 0.0171875 0.0805556
2 0.36224 0.450926 0.0098958 0.0388889
2 0.347135 0.451389 0.0078125 0.0416667
2 0.327083 0.45 0.0104167 0.0481481
2 0.320313 0.456944 0.0083333 0.0416667
2 0.353385 0.450926 0.0067708 0.0388889
2 0.38125 0.452778 0.0083333 0.0407407
