1 0.384375 0.445833 0.186458 0.0175926
2 0.7375 0.423611 0.025 0.128704
2 0.654167 0.412037 0.0197917 0.0944444
2 0.669531 0.410185 0.0192708 0.0759259
2 0.333073 0.423611 0.0140625 0.0675926
2 0.315365 0.422222 0.0151042 0.0537037
0 0.540885 0.328241 0.0109375 0.0342593
0 0.569792 0.364815 0.009375 0.0240741
2 0.71224 0.405093 0.0140625 0.0601852
2 0.278646 0.419444 0.009375 0.0407407
2 0.254948 0.423148 0.0088542 0.0425926
2 0.181771 0.426852 0.0145833 0.0592593
2 0.644792 0.401852 0.0083333 0.0518519
1 0.484375 0.422222 0.0291667 0.0092593
1 0.405208 0.427778 0.028125 0.0092593
