2 0.96901 0.569444 0.0390625 0.275926
2 0.809896 0.481019 0.0177083 0.0805556
2 0.867708 0.487037 0.0135417 0.0666667
2 0.634635 0.583333 0.0609375 0.353704
2 0.590365 0.477315 0.0182292 0.0972222
2 0.402604 0.464352 0.0125 0.0564815
2 0.336458 0.464352 0.0145833 0.0601852
2 0.309375 0.472222 0.0145833 0.0611111
2 0.297917 0.468518 0.0114583 0.0740741
2 0.269531 0.471296 0.0182292 0.0740741
2 0.248437 0.473148 0.0166667 0.0685185
1 0.117708 0.47963 0.05 0.0092593
1 0.414063 0.654167 0.820833 0.297222
1 0.501562 0.787963 0.995833 0.22037
2 0.163021 0.473148 0.034375 0.105556
2 0.686719 0.466204 0.0098958 0.0324074
0 0.208333 0.362963 0.0135417 0.037037
