2 0.672656 0.518056 0.0130208 0.0638889
2 0.660937 0.515278 0.015625 0.075
2 0.726042 0.518982 0.0114583 0.0509259
0 0.71901 0.393519 0.0192708 0.0740741
0 0.603646 0.464815 0.0104167 0.0351852
0 0.557292 0.391667 0.0104167 0.0425926
0 0.526042 0.39213 0.0125 0.0435185
0 0.501042 0.393056 0.0114583 0.0416667
1 0.422135 0.556944 0.0911458 0.0175926
2 0.463281 0.52037 0.0161458 0.05
2 0.733594 0.510648 0.0098958 0.0546296
1 0.810677 0.559259 0.0567708 0.0185185
0 0.10026 0.479167 0.0088542 0.0342593
0 0.0869792 0.483333 0.009375 0.0351852
