2 0.618229 0.521759 0.034375 0.130556
2 0.582031 0.478704 0.0098958 0.0592593
2 0.572396 0.486574 0.009375 0.037963
2 0.551562 0.489815 0.0104167 0.037037
2 0.561719 0.477778 0.0151042 0.0574074
2 0.525781 0.475926 0.0119792 0.0592593
2 0.51849 0.477315 0.0119792 0.0601852
2 0.517448 0.450463 0.0088542 0.0305556
2 0.505208 0.438889 0.0072917 0.0277778
2 0.338021 0.443056 0.0083333 0.0268519
2 0.271354 0.51713 0.0125 0.0527778
2 0.276563 0.507407 0.0114583 0.0555556
2 0.289323 0.494444 0.0161458 0.0796296
2 0.239844 0.506944 0.0161458 0.0787037
2 0.261979 0.50463 0.0166667 0.0814815
2 0.166146 0.51713 0.0135417 0.0638889
2 0.197917 0.502315 0.0197917 0.0990741
2 0.0580729 0.509259 0.0317708 0.138889
2 0.278125 0.489815 0.0135417 0.0722222
2 0.299219 0.512963 0.0130208 0.0518519
