2 0.351563 0.480556 0.0322917 0.174074
2 0.418229 0.451389 0.0145833 0.0472222
2 0.48125 0.466667 0.0291667 0.105556
2 0.51276 0.483796 0.0390625 0.200926
2 0.73776 0.455093 0.0234375 0.0898148
2 0.93151 0.433796 0.0130208 0.0564815
2 0.605469 0.481481 0.0453125 0.162963
2 0.966927 0.437963 0.0161458 0.0722222
2 0.946354 0.432407 0.0145833 0.0648148
2 0.466146 0.443981 0.009375 0.0324074
2 0.194271 0.456481 0.0083333 0.0314815
1 0.428646 0.575463 0.814583 0.0824074
0 0.578646 0.343982 0.0072917 0.0287037
0 0.877083 0.364815 0.0104167 0.0333333
0 0.88776 0.36713 0.0078125 0.025
