1 0.361198 0.444444 0.134896 0.0185185
2 0.708594 0.419907 0.0234375 0.121296
2 0.63776 0.412963 0.0182292 0.087037
2 0.654427 0.409259 0.0182292 0.0722222
2 0.564062 0.408796 0.0125 0.0546296
2 0.625521 0.410648 0.0104167 0.0583333
2 0.335938 0.422685 0.0145833 0.0638889
2 0.317448 0.421759 0.0140625 0.0509259
0 0.534375 0.330556 0.0104167 0.0333333
0 0.563021 0.366204 0.009375 0.0231481
1 0.585417 0.4375 0.0270833 0.012037
2 0.696354 0.40463 0.0135417 0.0574074
2 0.282292 0.418519 0.009375 0.0407407
2 0.258594 0.422222 0.0088542 0.0425926
2 0.188281 0.431944 0.0098958 0.0453704
