2 0.289844 0.465278 0.0078125 0.0472222
2 0.0736979 0.517593 0.0348958 0.12963
2 0.0953125 0.539815 0.021875 0.0981481
2 0.139844 0.53287 0.0192708 0.0768519
2 0.51224 0.434722 0.0057292 0.0268519
2 0.7 0.501852 0.028125 0.131481
2 0.708594 0.530556 0.0192708 0.103704
2 0.746354 0.518519 0.0364583 0.12963
2 0.774479 0.528704 0.028125 0.103704
2 0.0536458 0.566204 0.025 0.0935185
2 0.574479 0.48287 0.01875 0.0861111
2 0.0205729 0.542593 0.0411458 0.162963
2 0.302865 0.460185 0.0088542 0.0425926
2 0.308333 0.450463 0.009375 0.0416667
2 0.536198 0.463426 0.0088542 0.0361111
