2 0.383073 0.452778 0.0088542 0.0425926
2 0.644792 0.444907 0.0166667 0.0768519
2 0.676042 0.44213 0.0145833 0.0657407
2 0.535417 0.44213 0.0104167 0.0435185
2 0.165104 0.47037 0.0135417 0.0666667
2 0.304688 0.476389 0.0197917 0.0768519
2 0.736198 0.439352 0.0151042 0.0787037
2 0.139583 0.486111 0.0145833 0.0759259
2 0.750781 0.442593 0.0203125 0.0796296
2 0.78151 0.443056 0.0234375 0.106481
2 0.878385 0.464815 0.0234375 0.109259
2 0.146875 0.473148 0.0125 0.0574074
2 0.339583 0.459722 0.009375 0.0527778
