2 0.563021 0.472222 0.046875 0.161111
2 0.522135 0.471759 0.0401042 0.130556
2 0.333854 0.479167 0.0260417 0.143518
2 0.445313 0.465278 0.0208333 0.0935185
2 0.0341146 0.51713 0.0390625 0.143518
2 0.689844 0.451389 0.0234375 0.0824074
2 0.930208 0.438426 0.0145833 0.0601852
2 0.895833 0.427315 0.009375 0.0453704
2 0.353125 0.452778 0.0125 0.0444444
2 0.841406 0.427315 0.0151042 0.0509259
2 0.966406 0.435185 0.0109375 0.0611111
2 0.0723958 0.469444 0.0125 0.0555556
1 0.463281 0.54537 0.565104 0.0574074
0 0.858594 0.365278 0.0098958 0.0324074
0 0.86875 0.368519 0.0083333 0.0259259
