2 0.028125 0.506944 0.0260417 0.139815
2 0.0554687 0.514352 0.0286458 0.132407
2 0.0796875 0.494907 0.0239583 0.126852
2 0.129427 0.517593 0.0140625 0.0722222
2 0.143229 0.5 0.028125 0.111111
2 0.182031 0.505093 0.0234375 0.119444
2 0.209375 0.481019 0.0145833 0.0805556
2 0.258333 0.477778 0.0104167 0.062963
2 0.26901 0.477315 0.0119792 0.0638889
2 0.309896 0.475463 0.0114583 0.0583333
2 0.370573 0.4625 0.0078125 0.0416667
2 0.571875 0.468982 0.0135417 0.0638889
2 0.605208 0.494907 0.0197917 0.102778
2 0.745833 0.489352 0.0208333 0.10463
2 0.728385 0.517593 0.0328125 0.174074
