2 0.976823 0.49537 0.0213542 0.0944444
2 0.936979 0.596296 0.040625 0.218518
2 0.908333 0.584722 0.0291667 0.215741
2 0.830469 0.537037 0.0265625 0.105556
2 0.814583 0.55 0.0229167 0.107407
2 0.796354 0.54537 0.0270833 0.111111
2 0.756771 0.584722 0.046875 0.180556
2 0.73724 0.585648 0.0244792 0.147222
2 0.722396 0.589352 0.025 0.176852
2 0.69349 0.568519 0.0265625 0.101852
2 0.620833 0.575 0.025 0.0925926
2 0.546615 0.573148 0.0234375 0.103704
2 0.488021 0.573611 0.01875 0.117593
2 0.469531 0.570833 0.0192708 0.10463
2 0.284896 0.572222 0.0260417 0.101852
2 0.252083 0.567593 0.0177083 0.0759259
2 0.222396 0.552778 0.0114583 0.0537037
2 0.209115 0.574537 0.0171875 0.0916667
2 0.184115 0.568056 0.0234375 0.0805556
2 0.136458 0.558333 0.028125 0.0962963
2 0.0914062 0.558796 0.0182292 0.0824074
2 0.0442708 0.555093 0.0145833 0.0787037
2 0.0148437 0.550463 0.0140625 0.0657407
1 0.430729 0.61713 0.472917 0.0305556
1 0.834375 0.616204 0.133333 0.0898148
1 0.970833 0.634259 0.0541667 0.116667
0 0.449479 0.274074 0.021875 0.0888889
0 0.542188 0.271296 0.0197917 0.0833333
