1 0.399479 0.449537 0.228125 0.0194444
2 0.788802 0.421296 0.0255208 0.12963
2 0.688281 0.416204 0.0223958 0.108333
2 0.700521 0.412037 0.01875 0.0740741
2 0.327083 0.419444 0.015625 0.0833333
2 0.310417 0.423148 0.015625 0.0574074
0 0.551042 0.324537 0.0114583 0.0361111
2 0.741927 0.406018 0.0171875 0.0694444
2 0.274219 0.419444 0.0098958 0.0425926
2 0.246875 0.421759 0.009375 0.0453704
2 0.669271 0.404167 0.009375 0.0583333
1 0.492708 0.424074 0.05625 0.0111111
2 0.165625 0.430556 0.015625 0.0611111
