1 0.604948 0.595833 0.335938 0.113889
1 0.970573 0.653704 0.0578125 0.17037
2 0.732292 0.51713 0.025 0.128704
2 0.75651 0.50787 0.0286458 0.14537
2 0.430729 0.509259 0.0291667 0.0722222
2 0.211719 0.516667 0.0380208 0.164815
2 0.209635 0.57963 0.0692708 0.266667
2 0.1375 0.553241 0.0510417 0.252778
2 0.113802 0.553241 0.0244792 0.250926
2 0.0203125 0.559722 0.0291667 0.228704
2 0.0627604 0.581019 0.0848958 0.312037
0 0.226302 0.463889 0.0067708 0.0092593
0 0.23724 0.464815 0.0067708 0.0092593
2 0.314063 0.492593 0.009375 0.0240741
