1 0.513281 0.798148 0.931771 0.27037
2 0.120833 0.544444 0.025 0.148148
2 0.943229 0.667593 0.0822917 0.459259
2 0.295833 0.544444 0.0270833 0.114815
2 0.34401 0.548611 0.0286458 0.139815
2 0.793229 0.589815 0.071875 0.231482
2 0.436719 0.534259 0.0161458 0.103704
2 0.414583 0.536111 0.025 0.12037
2 0.311719 0.552315 0.0223958 0.0953704
2 0.685677 0.573611 0.0484375 0.232407
2 0.979427 0.615278 0.0411458 0.256481
2 0.473177 0.532407 0.0234375 0.118519
2 0.18125 0.506019 0.015625 0.0712963
2 0.221875 0.531944 0.015625 0.0935185
2 0.140365 0.533796 0.0171875 0.100926
