2 0.971875 0.544907 0.0229167 0.126852
1 0.353385 0.634259 0.282813 0.0388889
0 0.538281 0.423148 0.0244792 0.0222222
1 0.477344 0.570833 0.0713542 0.0101852
2 0.779688 0.567593 0.0166667 0.124074
2 0.303906 0.57037 0.0119792 0.0518519
2 0.748177 0.560648 0.0182292 0.0916667
2 0.733333 0.55787 0.01875 0.0953704
2 0.292448 0.568982 0.0088542 0.0453704
2 0.773438 0.571296 0.015625 0.105556
2 0.791927 0.564815 0.0161458 0.109259
1 0.764844 0.612037 0.132813 0.0351852
2 0.991927 0.544907 0.0161458 0.130556
