0 0.517708 0.418981 0.0114583 0.0398148
0 0.540104 0.419444 0.0104167 0.0388889
0 0.567187 0.418519 0.0114583 0.0407407
0 0.68724 0.428704 0.0161458 0.0574074
0 0.142708 0.500463 0.0083333 0.0305556
2 0.926562 0.524074 0.0166667 0.0833333
2 0.64375 0.526389 0.0125 0.0601852
2 0.694531 0.527315 0.0098958 0.0453704
0 0.607552 0.485648 0.0098958 0.037963
2 0.653646 0.525 0.0114583 0.0407407
2 0.703646 0.530093 0.0083333 0.0305556
2 0.15651 0.530093 0.0098958 0.0398148
0 0.159115 0.496759 0.0078125 0.0305556
