2 0.19375 0.552315 0.0114583 0.0601852
2 0.20651 0.55 0.0130208 0.0648148
2 0.321354 0.55463 0.0145833 0.0722222
2 0.369531 0.545833 0.0151042 0.0694444
2 0.48724 0.555556 0.0223958 0.0833333
2 0.508594 0.553704 0.0213542 0.0944444
2 0.52474 0.532407 0.0119792 0.0592593
2 0.83724 0.528241 0.0078125 0.0361111
2 0.872135 0.525463 0.0088542 0.0361111
1 0.203125 0.585648 0.140625 0.0194444
0 0.966146 0.238426 0.040625 0.0324074
1 0.925 0.555556 0.15 0.0111111
2 0.351823 0.548611 0.0161458 0.0564815
2 0.0348958 0.561111 0.01875 0.0814815
