2 0.878125 0.527778 0.0197917 0.114815
2 0.830208 0.539352 0.0270833 0.112037
2 0.752865 0.567593 0.0265625 0.109259
2 0.688802 0.572222 0.0255208 0.105556
2 0.679688 0.574537 0.021875 0.108333
2 0.633333 0.575463 0.021875 0.0916667
2 0.592708 0.580556 0.0260417 0.1
2 0.254167 0.55463 0.0125 0.05
2 0.215104 0.571296 0.0166667 0.0703704
2 0.121875 0.555093 0.0145833 0.0768519
2 0.0955729 0.562963 0.0223958 0.0925926
2 0.0645833 0.578704 0.0197917 0.0944444
2 0.0234375 0.556018 0.015625 0.0898148
2 0.0065104 0.539352 0.0109375 0.0657407
2 0.94375 0.511111 0.0260417 0.107407
2 0.015625 0.551389 0.0125 0.0583333
2 0.226042 0.55787 0.009375 0.0490741
2 0.184115 0.580093 0.0276042 0.0953704
2 0.191927 0.578704 0.0213542 0.0944444
2 0.86875 0.516667 0.0145833 0.0814815
1 0.830208 0.623148 0.248958 0.109259
1 0.427344 0.624537 0.468229 0.0305556
0 0.449479 0.278704 0.021875 0.0888889
0 0.542188 0.275926 0.0197917 0.0833333
