2 0.941667 0.573611 0.0427083 0.250926
2 0.772656 0.525 0.0515625 0.268519
2 0.728906 0.545833 0.0348958 0.152778
2 0.692969 0.552778 0.0536458 0.212963
2 0.64375 0.566204 0.0229167 0.173148
2 0.5375 0.581482 0.01875 0.124074
2 0.517187 0.631019 0.0395833 0.200926
2 0.488281 0.583333 0.0203125 0.103704
2 0.463281 0.569907 0.0161458 0.0768519
2 0.445833 0.593056 0.0208333 0.0972222
2 0.423438 0.590741 0.0239583 0.109259
2 0.563802 0.7 0.142188 0.483333
2 0.336719 0.689352 0.138021 0.487963
2 0.324479 0.631019 0.0302083 0.273148
2 0.23724 0.568982 0.0192708 0.0990741
2 0.169271 0.678704 0.108333 0.440741
2 0.0643229 0.561111 0.0119792 0.0740741
2 0.0757812 0.561574 0.0140625 0.075
2 0.103646 0.560648 0.0125 0.0768519
2 0.209115 0.573148 0.0171875 0.0981481
2 0.0119792 0.561574 0.0166667 0.0953704
0 0.257031 0.101389 0.0359375 0.132407
0 0.416146 0.104167 0.03125 0.117593
1 0.0557292 0.718518 0.110417 0.133333
1 0.242448 0.741204 0.0911458 0.156482
