2 0.99349 0.498611 0.0109375 0.0935185
2 0.957031 0.5 0.0192708 0.116667
2 0.865104 0.484259 0.0270833 0.0888889
2 0.770833 0.464352 0.0072917 0.025
2 0.742969 0.494907 0.0338542 0.110185
2 0.714844 0.465741 0.0067708 0.0259259
2 0.673698 0.488889 0.0182292 0.0925926
2 0.639323 0.491667 0.0276042 0.0851852
2 0.595573 0.495833 0.0276042 0.0953704
2 0.578125 0.491667 0.0166667 0.087037
2 0.51224 0.489352 0.0192708 0.0824074
2 0.50026 0.493056 0.0182292 0.0953704
2 0.475 0.481019 0.0104167 0.0546296
2 0.464583 0.497222 0.0177083 0.0925926
2 0.415104 0.505556 0.0208333 0.101852
2 0.400521 0.502315 0.0197917 0.110185
2 0.289844 0.510648 0.0359375 0.125
2 0.21901 0.501852 0.0223958 0.109259
2 0.19974 0.475926 0.0078125 0.0462963
2 0.18151 0.475 0.0078125 0.0444444
2 0.161979 0.472685 0.0072917 0.0342593
2 0.0635417 0.521296 0.0239583 0.0962963
1 0.16901 0.541204 0.172396 0.0453704
1 0.652344 0.541204 0.650521 0.0601852
0 0.766667 0.427315 0.00625 0.0175926
