2 0.388021 0.453241 0.009375 0.0453704
2 0.636198 0.447685 0.0161458 0.0731481
2 0.669271 0.445833 0.0166667 0.0638889
2 0.536198 0.447222 0.0119792 0.0425926
2 0.179427 0.475 0.0130208 0.0611111
2 0.32474 0.475463 0.0171875 0.0675926
2 0.724219 0.443056 0.0140625 0.0731481
2 0.15651 0.488426 0.0140625 0.0731481
2 0.738281 0.445833 0.0192708 0.0768519
2 0.763542 0.445833 0.0208333 0.106481
2 0.850781 0.462037 0.0244792 0.109259
2 0.891667 0.457407 0.0166667 0.0888889
2 0.163281 0.469907 0.0098958 0.0546296
