2 0.791406 0.668981 0.0682292 0.436111
2 0.71276 0.659259 0.0536458 0.340741
2 0.693229 0.658796 0.04375 0.313889
2 0.660677 0.648611 0.0723958 0.369444
2 0.603385 0.576389 0.0182292 0.115741
2 0.589583 0.568982 0.015625 0.0694444
2 0.575781 0.561111 0.0151042 0.0814815
2 0.558073 0.543518 0.0151042 0.0703704
2 0.533594 0.541204 0.0109375 0.0509259
2 0.525781 0.563889 0.0182292 0.0907407
1 0.548698 0.613426 0.109896 0.0564815
2 0.452344 0.614352 0.0838542 0.262037
2 0.297917 0.575926 0.0354167 0.131481
2 0.220052 0.565278 0.0182292 0.102778
2 0.206771 0.565741 0.0208333 0.0981481
2 0.167708 0.565741 0.0197917 0.103704
2 0.135156 0.67037 0.106771 0.562963
1 0.238021 0.830093 0.475 0.237963
2 0.625521 0.538889 0.0302083 0.137037
2 0.488802 0.543981 0.0088542 0.0509259
2 0.509896 0.538426 0.0072917 0.0416667
2 0.851042 0.546759 0.0354167 0.184259
2 0.0229167 0.55 0.0166667 0.087037
2 0.766927 0.551852 0.0203125 0.133333
2 0.889323 0.545833 0.0369792 0.160185
