2 0.892969 0.528241 0.0255208 0.106481
2 0.840365 0.538426 0.0171875 0.106481
2 0.764323 0.567593 0.0203125 0.112963
2 0.704687 0.573611 0.034375 0.108333
2 0.688281 0.573611 0.0223958 0.10463
2 0.63776 0.577315 0.0223958 0.0916667
2 0.600521 0.584259 0.021875 0.101852
2 0.253646 0.557407 0.0125 0.05
2 0.2125 0.574074 0.0166667 0.0703704
2 0.119792 0.558333 0.0145833 0.0777778
2 0.0908854 0.569444 0.0182292 0.0888889
2 0.0640625 0.57963 0.0197917 0.0944444
2 0.226042 0.560185 0.009375 0.0481481
2 0.178125 0.578704 0.0229167 0.1
2 0.866927 0.519444 0.0182292 0.0814815
2 0.0052083 0.540741 0.0104167 0.062963
2 0.953125 0.498611 0.028125 0.123148
1 0.825781 0.626389 0.240104 0.112037
1 0.427083 0.627315 0.46875 0.0305556
0 0.449479 0.280556 0.021875 0.0888889
0 0.542188 0.278704 0.0197917 0.0833333
