2 0.0924479 0.577778 0.0223958 0.1
2 0.823177 0.664815 0.0796875 0.412963
2 0.870573 0.633796 0.0567708 0.317593
2 0.730729 0.696759 0.129167 0.513889
1 0.269271 0.836111 0.438542 0.218518
2 0.120052 0.579167 0.0255208 0.102778
2 0.691927 0.6 0.0401042 0.261111
2 0.341146 0.5625 0.0177083 0.0509259
2 0.484375 0.592593 0.04375 0.148148
2 0.551042 0.599537 0.0322917 0.150926
1 0.584115 0.624537 0.0473958 0.0490741
2 0.59401 0.571759 0.0161458 0.0842593
2 0.611719 0.576389 0.0130208 0.0712963
2 0.633333 0.581482 0.0302083 0.225926
2 0.960938 0.665741 0.0770833 0.462963
2 0.529167 0.552778 0.0104167 0.0537037
2 0.795573 0.558333 0.0286458 0.138889
