2 0.319531 0.449537 0.0088542 0.037963
2 0.388021 0.438426 0.009375 0.0435185
2 0.410417 0.433796 0.0083333 0.0342593
2 0.517708 0.423148 0.0104167 0.0314815
2 0.616667 0.415278 0.0083333 0.0342593
2 0.889323 0.540741 0.0817708 0.32037
1 0.333073 0.55787 0.0734375 0.0509259
2 0.539844 0.421759 0.0067708 0.025
2 0.684375 0.497222 0.0354167 0.15
2 0.76276 0.481019 0.0234375 0.100926
2 0.971094 0.539352 0.0578125 0.271296
2 0.783854 0.471296 0.021875 0.105556
0 0.416667 0.328241 0.0083333 0.0287037
0 0.436458 0.322685 0.0072917 0.0231481
