2 0.805208 0.693519 0.105208 0.483333
2 0.398438 0.546759 0.0104167 0.0342593
1 0.758594 0.649074 0.0671875 0.0962963
2 0.592188 0.539815 0.0125 0.0518519
2 0.624219 0.538889 0.0140625 0.0666667
1 0.621094 0.633333 0.101563 0.0574074
2 0.933854 0.622222 0.0395833 0.403704
2 0.657292 0.559722 0.0177083 0.0990741
2 0.704167 0.594907 0.0489583 0.163889
2 0.0588542 0.568056 0.0208333 0.10463
2 0.960156 0.616667 0.0796875 0.501852
2 0.905208 0.552315 0.0239583 0.147222
2 0.782292 0.533796 0.0145833 0.0731481
2 0.716406 0.548148 0.0182292 0.0796296
