2 0.953125 0.550463 0.0208333 0.125
2 0.930469 0.570833 0.0296875 0.169444
2 0.904688 0.543056 0.0208333 0.128704
2 0.8875 0.561574 0.03125 0.162037
2 0.79349 0.542593 0.0161458 0.0703704
2 0.694271 0.545833 0.0135417 0.0564815
2 0.681771 0.55463 0.0145833 0.0722222
1 0.583854 0.736574 0.830208 0.162037
0 0.552604 0.377778 0.0333333 0.0259259
2 0.251823 0.571759 0.0119792 0.062037
2 0.235677 0.571759 0.0098958 0.0527778
2 0.22474 0.560185 0.0088542 0.0444444
2 0.183073 0.57037 0.0098958 0.0462963
