2 0.590625 0.476389 0.0145833 0.0712963
2 0.710677 0.541667 0.0651042 0.251852
2 0.570833 0.473148 0.015625 0.0685185
2 0.549219 0.484722 0.0109375 0.0324074
2 0.520052 0.472222 0.0140625 0.0537037
2 0.51224 0.472685 0.0140625 0.0546296
2 0.513281 0.440741 0.0088542 0.0314815
2 0.505729 0.430093 0.00625 0.0324074
2 0.339063 0.441667 0.0104167 0.037037
2 0.269271 0.510648 0.015625 0.0638889
2 0.24375 0.494907 0.0197917 0.0898148
2 0.236719 0.515741 0.0171875 0.0666667
2 0.226823 0.503704 0.0171875 0.0907407
2 0.171615 0.516667 0.0244792 0.0907407
2 0.158594 0.51713 0.0234375 0.110185
2 0.109896 0.511111 0.0177083 0.0851852
2 0.604948 0.486574 0.0119792 0.0509259
2 0.492188 0.41713 0.00625 0.0231481
2 0.31875 0.436111 0.0083333 0.0314815
2 0.555729 0.471759 0.0135417 0.062037
2 0.25625 0.484722 0.0135417 0.0712963
2 0.13151 0.519907 0.0109375 0.0675926
2 0.266927 0.490278 0.0098958 0.037963
2 0.360156 0.444907 0.0067708 0.0398148
2 0.364844 0.441667 0.0067708 0.0333333
