0 0.536719 0.500463 0.0067708 0.0175926
0 0.11875 0.464352 0.0072917 0.0175926
1 0.572135 0.709722 0.286979 0.0805556
1 0.711198 0.607407 0.202604 0.0574074
2 0.0200521 0.516204 0.0119792 0.0546296
2 0.105729 0.521759 0.0083333 0.037963
2 0.511979 0.555556 0.015625 0.0481481
2 0.594792 0.587963 0.0229167 0.107407
2 0.763281 0.593518 0.0192708 0.0851852
2 0.904688 0.590278 0.0145833 0.0842593
2 0.886198 0.590278 0.0151042 0.0694444
1 0.133594 0.664815 0.267188 0.0925926
1 0.619271 0.597222 0.0208333 0.1
