2 0.965365 0.631944 0.0588542 0.375
2 0.915104 0.526852 0.0364583 0.124074
2 0.755729 0.564352 0.0333333 0.106481
2 0.691406 0.593056 0.0359375 0.182407
2 0.661458 0.587963 0.034375 0.181481
2 0.646094 0.570833 0.0244792 0.100926
2 0.615625 0.574537 0.0260417 0.106481
2 0.593229 0.58287 0.034375 0.152778
2 0.582552 0.569444 0.0161458 0.114815
2 0.5625 0.585185 0.0291667 0.146296
2 0.547656 0.585648 0.0276042 0.119444
2 0.498177 0.575463 0.0296875 0.0990741
2 0.427604 0.576852 0.0291667 0.118519
2 0.398438 0.567593 0.0197917 0.105556
2 0.364583 0.572222 0.01875 0.087037
2 0.332031 0.572222 0.0161458 0.0944444
2 0.308333 0.568982 0.0197917 0.087963
2 0.295312 0.569907 0.0145833 0.087963
2 0.2875 0.571296 0.0260417 0.0962963
2 0.235677 0.573148 0.0171875 0.0981481
2 0.25026 0.549537 0.0098958 0.0490741
2 0.222396 0.573148 0.01875 0.105556
2 0.178906 0.550463 0.0119792 0.0564815
2 0.192708 0.577315 0.0270833 0.087963
2 0.155729 0.56713 0.0239583 0.087963
2 0.0067708 0.542593 0.0135417 0.0759259
2 0.0151042 0.551389 0.015625 0.0712963
1 0.366406 0.62037 0.338021 0.0259259
1 0.832292 0.625 0.247917 0.135185
0 0.449479 0.274074 0.021875 0.0888889
0 0.542188 0.271296 0.0197917 0.0833333
