2 0.772396 0.540278 0.0322917 0.126852
2 0.71875 0.502315 0.0135417 0.0694444
2 0.710417 0.504167 0.0145833 0.0564815
2 0.647656 0.518982 0.0244792 0.0916667
2 0.627344 0.519444 0.0255208 0.0851852
2 0.593229 0.520833 0.0177083 0.0898148
1 0.757552 0.556944 0.234896 0.075
0 0.432813 0.467593 0.009375 0.0111111
2 0.154167 0.507407 0.0145833 0.0666667
2 0.203906 0.507407 0.0161458 0.0722222
2 0.448698 0.510185 0.0182292 0.05
2 0.927865 0.527778 0.0265625 0.146296
2 0.59974 0.519444 0.0171875 0.0833333
