2 0.907292 0.573611 0.053125 0.241667
2 0.62526 0.562963 0.0151042 0.0648148
2 0.596094 0.628704 0.0557292 0.227778
2 0.503125 0.608796 0.053125 0.180556
2 0.339844 0.557407 0.0130208 0.0425926
1 0.548177 0.624074 0.0515625 0.0388889
1 0.638802 0.639815 0.0380208 0.062963
1 0.307552 0.909259 0.371354 0.0611111
2 0.819531 0.628241 0.0567708 0.408333
2 0.705208 0.596296 0.0520833 0.305556
2 0.541406 0.546759 0.0088542 0.0509259
2 0.523438 0.547222 0.009375 0.0518519
2 0.848437 0.567593 0.0177083 0.15
