2 0.48724 0.452315 0.0088542 0.0361111
2 0.463021 0.452315 0.0072917 0.0361111
2 0.443229 0.450926 0.0083333 0.0407407
2 0.425781 0.451852 0.0078125 0.0333333
2 0.365365 0.454167 0.0057292 0.0324074
2 0.20599 0.461111 0.0088542 0.037037
2 0.0419271 0.472222 0.0098958 0.0462963
0 0.0854167 0.294907 0.0135417 0.0601852
0 0.13125 0.283333 0.0135417 0.0592593
2 0.182292 0.463426 0.0072917 0.037963
2 0.190104 0.460648 0.00625 0.0361111
2 0.215885 0.453704 0.0078125 0.0277778
2 0.420312 0.451389 0.0083333 0.0342593
2 0.224219 0.456481 0.0067708 0.0314815
