2 0.856771 0.523611 0.0260417 0.15463
2 0.810677 0.491204 0.0119792 0.0601852
2 0.455208 0.480093 0.0135417 0.0546296
2 0.432813 0.472685 0.0135417 0.0564815
2 0.348437 0.472685 0.0104167 0.0509259
2 0.326302 0.473611 0.0078125 0.0490741
2 0.333854 0.472685 0.0083333 0.0472222
2 0.341146 0.472685 0.0072917 0.0509259
0 0.158073 0.268519 0.0151042 0.0685185
1 0.290104 0.484259 0.028125 0.0092593
1 0.40599 0.556018 0.181771 0.10463
1 0.843229 0.635185 0.282292 0.0833333
1 0.892448 0.881019 0.209896 0.132407
2 0.984896 0.563889 0.028125 0.196296
2 0.523438 0.491204 0.0322917 0.14537
2 0.977344 0.495833 0.0130208 0.0583333
2 0.966667 0.498148 0.0104167 0.0462963
0 0.382813 0.3875 0.0114583 0.0305556
