2 0.31901 0.564352 0.0098958 0.0398148
2 0.740104 0.541667 0.0125 0.0814815
2 0.750781 0.534259 0.0151042 0.0740741
2 0.796615 0.536574 0.0203125 0.0953704
0 0.510156 0.493519 0.0119792 0.012963
2 0.281771 0.583333 0.0177083 0.0851852
2 0.58724 0.549537 0.0098958 0.0398148
2 0.853125 0.526389 0.025 0.110185
2 0.249479 0.588889 0.0166667 0.0851852
2 0.303125 0.573148 0.0083333 0.05
2 0.309635 0.566204 0.0109375 0.0416667
2 0.684635 0.561574 0.0276042 0.119444
2 0.715365 0.574537 0.0380208 0.184259
2 0.295312 0.571296 0.0083333 0.0537037
2 0.327604 0.579167 0.0114583 0.0657407
