2 0.01875 0.558796 0.0197917 0.0898148
2 0.123958 0.569907 0.0177083 0.119444
2 0.476563 0.612963 0.0625 0.227778
2 0.540625 0.565741 0.0166667 0.0833333
2 0.588021 0.558796 0.0166667 0.0787037
2 0.604948 0.569907 0.0213542 0.0990741
2 0.558594 0.543056 0.0109375 0.0675926
1 0.561979 0.618056 0.0927083 0.0453704
2 0.636719 0.579167 0.0380208 0.221296
2 0.751302 0.675926 0.0817708 0.401852
2 0.8125 0.635648 0.05625 0.343518
2 0.897917 0.67963 0.0916667 0.475926
2 0.394271 0.690278 0.101042 0.50463
1 0.242188 0.826389 0.484375 0.230556
2 0.159115 0.571759 0.0171875 0.106481
2 0.692448 0.594444 0.0401042 0.262963
2 0.164063 0.571759 0.0166667 0.106481
2 0.53099 0.549537 0.0109375 0.0675926
2 0.325 0.560648 0.01875 0.0675926
2 0.504167 0.582407 0.0270833 0.142593
2 0.734896 0.563889 0.0239583 0.131481
