2 0.195052 0.470833 0.0088542 0.0361111
2 0.202344 0.472222 0.0067708 0.0333333
2 0.159115 0.475926 0.0078125 0.0388889
2 0.277604 0.466204 0.009375 0.0361111
2 0.266667 0.462037 0.0083333 0.0277778
2 0.171875 0.473148 0.00625 0.037037
2 0.146354 0.475463 0.009375 0.0435185
2 0.331771 0.466204 0.009375 0.0416667
2 0.100521 0.474074 0.009375 0.0462963
2 0.147917 0.477315 0.0072917 0.037963
2 0.153906 0.471759 0.0057292 0.025
2 0.0861979 0.475463 0.0078125 0.0361111
2 0.0807292 0.472685 0.0083333 0.037963
2 0.468229 0.461574 0.0104167 0.037963
2 0.398698 0.464352 0.0088542 0.0490741
2 0.359896 0.463426 0.00625 0.0324074
2 0.186198 0.472222 0.0078125 0.0351852
2 0.180469 0.472222 0.0067708 0.0333333
2 0.474479 0.456944 0.0083333 0.0398148
2 0.323958 0.459259 0.0052083 0.0203704
0 0.0460938 0.257407 0.0171875 0.0777778
