2 0.68099 0.508333 0.0161458 0.0648148
2 0.665625 0.508333 0.0166667 0.0796296
2 0.735156 0.510648 0.0119792 0.0564815
0 0.730469 0.379167 0.0203125 0.0787037
0 0.605729 0.45463 0.0104167 0.0351852
0 0.557813 0.380093 0.0104167 0.0435185
0 0.526302 0.37963 0.0130208 0.0444444
0 0.50026 0.380556 0.0119792 0.0425926
1 0.425781 0.551852 0.0776042 0.0203704
2 0.461979 0.509722 0.0114583 0.0509259
1 0.827083 0.553704 0.0822917 0.0240741
0 0.0783854 0.472222 0.0088542 0.0296296
0 0.0901042 0.468982 0.009375 0.0361111
