2 0.670313 0.513426 0.0125 0.062037
2 0.659115 0.510185 0.0151042 0.0722222
2 0.720052 0.512963 0.0109375 0.0518519
0 0.713281 0.393056 0.0182292 0.0712963
0 0.603125 0.460648 0.0104167 0.0342593
0 0.557552 0.387963 0.0098958 0.0407407
0 0.527083 0.388426 0.0125 0.0416667
0 0.502083 0.389815 0.0114583 0.0407407
1 0.421875 0.552778 0.096875 0.0185185
2 0.463021 0.515741 0.0166667 0.0518519
2 0.73099 0.510185 0.0088542 0.0444444
0 0.10651 0.474074 0.0088542 0.0333333
0 0.0932292 0.477315 0.009375 0.0342593
