2 0.194792 0.474537 0.0114583 0.0657407
2 0.218229 0.467593 0.015625 0.0555556
2 0.233854 0.506019 0.021875 0.100926
2 0.259375 0.475926 0.0072917 0.0388889
2 0.26849 0.470833 0.0109375 0.0546296
2 0.274479 0.465278 0.0145833 0.0601852
2 0.291927 0.475463 0.0140625 0.0546296
2 0.308073 0.471759 0.0130208 0.0527778
2 0.516927 0.443518 0.0057292 0.0314815
2 0.540104 0.45463 0.0083333 0.037037
2 0.548958 0.474537 0.0104167 0.0509259
2 0.578906 0.463426 0.0109375 0.0527778
2 0.651302 0.497685 0.0234375 0.150926
2 0.680729 0.508796 0.0354167 0.193519
1 0.297917 0.513426 0.0666667 0.0287037
2 0.230208 0.465278 0.0114583 0.0564815
2 0.126302 0.47963 0.0276042 0.112963
2 0.283594 0.482407 0.0088542 0.0333333
2 0.32474 0.461111 0.0088542 0.0537037
