2 0.768229 0.566667 0.025 0.107407
2 0.6625 0.587037 0.0291667 0.109259
2 0.248698 0.559722 0.0130208 0.0509259
2 0.188802 0.576389 0.0161458 0.075
2 0.104948 0.560648 0.0151042 0.075
2 0.21276 0.561574 0.0140625 0.0564815
2 0.166406 0.564352 0.0130208 0.0564815
2 0.839583 0.614352 0.0677083 0.237963
2 0.973698 0.518056 0.0296875 0.132407
2 0.785417 0.56713 0.0302083 0.102778
2 0.921354 0.525926 0.0260417 0.114815
2 0.876042 0.518056 0.0177083 0.0898148
2 0.141667 0.575 0.015625 0.0944444
2 0.130729 0.573611 0.0260417 0.108333
2 0.0351562 0.576852 0.0213542 0.101852
1 0.765625 0.602778 0.0885417 0.0685185
1 0.439583 0.635648 0.519792 0.0324074
1 0.946615 0.647222 0.101563 0.112963
0 0.45026 0.264352 0.0234375 0.0953704
0 0.54974 0.262037 0.0213542 0.0888889
