2 0.817187 0.5375 0.0229167 0.0990741
2 0.840885 0.536574 0.0234375 0.0972222
2 0.708333 0.546296 0.0197917 0.0925926
2 0.692187 0.548148 0.015625 0.0888889
2 0.648438 0.545833 0.0145833 0.0712963
2 0.323958 0.557407 0.0083333 0.0388889
2 0.329688 0.55787 0.009375 0.0453704
2 0.078125 0.59213 0.0166667 0.10463
2 0.0552083 0.597685 0.015625 0.102778
2 0.0458333 0.600926 0.01875 0.112963
2 0.021875 0.603704 0.0208333 0.118519
2 0.0078125 0.60463 0.015625 0.127778
2 0.0942708 0.588426 0.015625 0.119444
0 0.524219 0.469907 0.0140625 0.0138889
2 0.0302083 0.561111 0.009375 0.0388889
2 0.242188 0.568982 0.0145833 0.0490741
2 0.314063 0.557407 0.009375 0.037037
2 0.914583 0.528704 0.01875 0.0981481
2 0.86224 0.53287 0.0151042 0.0861111
