2 0.227604 0.420833 0.0125 0.0527778
2 0.205208 0.42037 0.0145833 0.0611111
2 0.213281 0.428241 0.0098958 0.0416667
2 0.18099 0.40787 0.0088542 0.037963
2 0.117448 0.424537 0.0130208 0.0935185
2 0.163802 0.411574 0.0098958 0.0361111
2 0.155208 0.410185 0.0072917 0.0388889
2 0.722396 0.430556 0.0104167 0.0555556
2 0.567187 0.418056 0.0104167 0.0509259
1 0.60625 0.463889 0.235417 0.0333333
1 0.4875 0.4375 0.145833 0.0101852
1 0.275 0.4625 0.202083 0.025
0 0.58125 0.285185 0.025 0.0185185
0 0.53724 0.281482 0.0244792 0.0203704
0 0.263802 0.353241 0.0067708 0.025
