2 0.511979 0.473148 0.015625 0.0722222
2 0.441927 0.480093 0.0296875 0.0898148
2 0.40026 0.481019 0.0182292 0.0953704
2 0.386458 0.477315 0.0208333 0.0805556
2 0.315885 0.463889 0.0098958 0.0407407
2 0.290625 0.486111 0.0229167 0.0796296
2 0.257031 0.472222 0.0078125 0.0314815
2 0.18776 0.493056 0.0213542 0.0824074
2 0.147656 0.502315 0.0161458 0.0861111
2 0.138542 0.5 0.0166667 0.0759259
2 0.117969 0.486574 0.0078125 0.0472222
2 0.05625 0.506944 0.015625 0.075
2 0.0955729 0.496759 0.0140625 0.0787037
2 0.0744792 0.5125 0.025 0.0972222
2 0.367969 0.462037 0.0067708 0.0203704
1 0.415365 0.52963 0.627604 0.0333333
0 0.35625 0.428704 0.0072917 0.0185185
0 0.666146 0.394907 0.0072917 0.025
0 0.647135 0.394444 0.0067708 0.0240741
