2 0.81849 0.538889 0.0192708 0.0944444
2 0.833854 0.537963 0.015625 0.0944444
2 0.705469 0.548148 0.0192708 0.0907407
2 0.689323 0.549074 0.0151042 0.087037
2 0.647917 0.547222 0.0145833 0.0703704
2 0.326562 0.558333 0.0072917 0.0407407
2 0.332552 0.55787 0.0088542 0.0435185
2 0.0880208 0.592593 0.0177083 0.111111
2 0.0684896 0.597685 0.0161458 0.10463
2 0.0567708 0.599537 0.01875 0.112037
2 0.0335937 0.602315 0.0203125 0.115741
2 0.0052083 0.615278 0.0104167 0.125
2 0.0192708 0.603241 0.0177083 0.125
2 0.101042 0.584722 0.0145833 0.110185
0 0.525781 0.472222 0.0130208 0.012963
2 0.911458 0.533796 0.0177083 0.102778
