2 0.009375 0.539815 0.01875 0.162963
2 0.0445313 0.562963 0.0265625 0.162963
2 0.0588542 0.549074 0.021875 0.144444
2 0.160677 0.531482 0.0328125 0.137037
2 0.167708 0.522685 0.0145833 0.121296
2 0.183073 0.521296 0.0182292 0.109259
2 0.191406 0.538426 0.0140625 0.0861111
2 0.203906 0.521759 0.0161458 0.0712963
2 0.220573 0.508796 0.0161458 0.0601852
2 0.373437 0.459722 0.0114583 0.0435185
2 0.381771 0.448611 0.0083333 0.037963
2 0.402344 0.43287 0.0067708 0.0268519
2 0.397135 0.431019 0.0057292 0.0268519
2 0.395312 0.449074 0.0072917 0.0351852
2 0.528385 0.431944 0.0078125 0.0361111
2 0.53776 0.449074 0.0078125 0.037037
2 0.553906 0.484259 0.0182292 0.0833333
2 0.611979 0.502315 0.0135417 0.0490741
2 0.627344 0.499074 0.0140625 0.062963
2 0.651563 0.489352 0.0177083 0.0842593
2 0.665885 0.499074 0.0151042 0.0703704
