2 0.0890625 0.568056 0.015625 0.125
2 0.103646 0.572685 0.0145833 0.110185
2 0.149219 0.559722 0.0140625 0.0731481
2 0.164063 0.575463 0.015625 0.0768519
2 0.197135 0.559259 0.0078125 0.0592593
2 0.204427 0.563889 0.0088542 0.05
2 0.239063 0.556944 0.0114583 0.0564815
2 0.684635 0.565278 0.0203125 0.0972222
2 0.706771 0.591667 0.0322917 0.112963
2 0.983333 0.523148 0.0260417 0.131481
2 0.898958 0.51713 0.0229167 0.0953704
2 0.896354 0.556018 0.0260417 0.128704
2 0.841667 0.555093 0.0270833 0.112037
2 0.830469 0.544907 0.0182292 0.0990741
2 0.783854 0.608796 0.0708333 0.210185
2 0.48125 0.555093 0.00625 0.0157407
1 0.435937 0.643519 0.582292 0.037037
1 0.911198 0.641667 0.172396 0.131481
0 0.447917 0.238426 0.025 0.102778
0 0.557031 0.237037 0.0244792 0.0962963
