1 0.252344 0.587963 0.163021 0.0203704
1 0.0575521 0.599074 0.0744792 0.0296296
2 0.0578125 0.562037 0.0177083 0.0962963
2 0.24375 0.549074 0.0125 0.0648148
2 0.257552 0.549537 0.0130208 0.0712963
2 0.365885 0.551852 0.0151042 0.0777778
2 0.420052 0.544907 0.0140625 0.062037
2 0.424479 0.535185 0.0114583 0.0555556
2 0.439063 0.538889 0.0135417 0.0611111
2 0.566667 0.556481 0.021875 0.0907407
2 0.588021 0.553241 0.021875 0.0935185
2 0.601302 0.526389 0.0098958 0.0472222
2 0.944792 0.524074 0.0083333 0.037037
2 0.914063 0.523148 0.0083333 0.0333333
1 0.949479 0.554167 0.101042 0.0138889
2 0.927344 0.520833 0.0088542 0.0324074
