2 0.0210938 0.55 0.0421875 0.177778
2 0.0557292 0.55463 0.034375 0.214815
2 0.0869792 0.543518 0.0322917 0.146296
2 0.120833 0.521759 0.03125 0.113889
2 0.142708 0.541204 0.021875 0.0805556
2 0.177604 0.524074 0.0208333 0.0666667
2 0.31849 0.45463 0.0098958 0.0481481
2 0.332552 0.459259 0.0098958 0.05
2 0.344271 0.453704 0.009375 0.0388889
2 0.354427 0.455556 0.0078125 0.037037
2 0.536458 0.446759 0.0072917 0.0324074
2 0.542969 0.458796 0.0088542 0.037963
2 0.678125 0.519907 0.0197917 0.0898148
2 0.708333 0.511574 0.0291667 0.113889
2 0.729948 0.518982 0.0234375 0.0898148
2 0.11276 0.567593 0.0182292 0.0925926
2 0.572396 0.483333 0.0145833 0.0833333
