2 0.198177 0.518519 0.0203125 0.101852
2 0.210156 0.532407 0.0151042 0.0685185
2 0.213281 0.501852 0.0223958 0.0907407
2 0.235156 0.487963 0.0151042 0.087037
2 0.258854 0.498611 0.0114583 0.0509259
2 0.23724 0.518519 0.0140625 0.0574074
2 0.321354 0.440741 0.0125 0.037037
2 0.340104 0.439352 0.0104167 0.0361111
2 0.551042 0.471759 0.015625 0.0601852
2 0.586458 0.474074 0.015625 0.0777778
2 0.607813 0.483333 0.0166667 0.0777778
2 0.623177 0.489352 0.0151042 0.0601852
2 0.361198 0.451852 0.0088542 0.0407407
2 0.0184896 0.510185 0.0307292 0.159259
2 0.0497396 0.524074 0.0244792 0.111111
2 0.508854 0.431944 0.0072917 0.0324074
2 0.51875 0.446759 0.009375 0.0342593
2 0.521094 0.478241 0.0130208 0.0583333
2 0.533854 0.476852 0.0135417 0.062963
2 0.0976562 0.538426 0.0182292 0.087963
2 0.111979 0.531944 0.0270833 0.121296
2 0.223698 0.499537 0.0098958 0.0509259
2 0.352083 0.443056 0.0083333 0.0435185
2 0.128385 0.522685 0.0182292 0.121296
2 0.249479 0.484722 0.0135417 0.0805556
2 0.310937 0.435185 0.0083333 0.0314815
