2 0.0151042 0.508333 0.0229167 0.157407
2 0.102083 0.53287 0.0302083 0.115741
2 0.13724 0.524074 0.0348958 0.118519
2 0.189583 0.5125 0.0166667 0.100926
2 0.203906 0.527315 0.0171875 0.0675926
2 0.205729 0.502315 0.01875 0.087963
2 0.22474 0.519444 0.0109375 0.0592593
2 0.21875 0.502778 0.0135417 0.0555556
2 0.23724 0.483333 0.0161458 0.0814815
2 0.25599 0.494444 0.0140625 0.05
2 0.31224 0.439815 0.0078125 0.0351852
2 0.321875 0.437963 0.009375 0.0333333
2 0.341146 0.440741 0.0083333 0.0351852
2 0.34974 0.443056 0.0078125 0.0324074
2 0.360938 0.447685 0.0083333 0.037963
2 0.509115 0.428704 0.0078125 0.0314815
2 0.517708 0.444907 0.0072917 0.0342593
2 0.525781 0.472685 0.0130208 0.062037
2 0.546875 0.476852 0.015625 0.0703704
2 0.560677 0.491667 0.0109375 0.0388889
2 0.590104 0.473611 0.0177083 0.0805556
2 0.610937 0.47963 0.015625 0.0759259
2 0.624479 0.489815 0.0166667 0.0611111
2 0.588802 0.487037 0.0119792 0.0537037
