0 0.719531 0.0597222 0.0911458 0.0861111
2 0.777865 0.650926 0.0192708 0.0833333
2 0.803125 0.648611 0.0208333 0.0935185
2 0.638021 0.646759 0.0114583 0.0546296
2 0.56875 0.65463 0.0135417 0.0648148
2 0.536198 0.65 0.0151042 0.0574074
2 0.501823 0.649074 0.0098958 0.0481481
2 0.465885 0.651389 0.0088542 0.0342593
2 0.471094 0.65 0.0088542 0.0351852
2 0.653125 0.647222 0.015625 0.062963
2 0.596875 0.64537 0.0145833 0.0685185
2 0.489062 0.648611 0.0104167 0.0435185
2 0.451042 0.650463 0.009375 0.037963
