2 0.958854 0.577315 0.0375 0.193519
2 0.933333 0.584722 0.0395833 0.200926
2 0.86276 0.528241 0.0265625 0.112037
2 0.815104 0.539815 0.0177083 0.111111
2 0.738021 0.569444 0.021875 0.109259
2 0.665885 0.569907 0.0182292 0.106481
2 0.657812 0.57037 0.0208333 0.114815
2 0.625521 0.569444 0.0197917 0.0944444
2 0.577083 0.571759 0.0229167 0.0935185
2 0.254687 0.549537 0.0125 0.0490741
2 0.222135 0.562963 0.0171875 0.0722222
2 0.205729 0.578704 0.01875 0.0944444
2 0.195313 0.573611 0.0166667 0.0990741
2 0.177604 0.549537 0.0104167 0.0564815
2 0.125521 0.550463 0.0145833 0.0787037
2 0.107813 0.559259 0.0166667 0.0944444
2 0.0630208 0.578241 0.01875 0.0972222
2 0.0348958 0.551389 0.0166667 0.0861111
2 0.0070313 0.535648 0.0119792 0.0712963
2 0.883333 0.506944 0.0125 0.0842593
2 0.925781 0.496296 0.0151042 0.0777778
2 0.0158854 0.548611 0.0130208 0.0601852
1 0.430729 0.61713 0.471875 0.0305556
1 0.808333 0.616204 0.234375 0.102778
0 0.449479 0.274074 0.021875 0.0888889
0 0.542188 0.271296 0.0197917 0.0833333
