2 0.678125 0.514815 0.0145833 0.0722222
2 0.664063 0.510648 0.0166667 0.0787037
2 0.73151 0.511111 0.0119792 0.0555556
0 0.726563 0.38287 0.0197917 0.0768519
0 0.605208 0.456944 0.0104167 0.0342593
0 0.557813 0.382407 0.0104167 0.0425926
0 0.526302 0.38287 0.0130208 0.0435185
0 0.500781 0.383796 0.0119792 0.0416667
1 0.423958 0.552315 0.08125 0.0175926
2 0.4625 0.511574 0.0145833 0.0527778
1 0.820573 0.555556 0.0786458 0.0203704
0 0.0815104 0.475926 0.0088542 0.0296296
0 0.09375 0.472685 0.009375 0.0361111
