2 0.676302 0.515741 0.0140625 0.0685185
2 0.66276 0.512963 0.0161458 0.0777778
2 0.729688 0.512963 0.0114583 0.0537037
0 0.723958 0.386111 0.0197917 0.0759259
0 0.604688 0.460185 0.0104167 0.0351852
0 0.557292 0.386111 0.0104167 0.0425926
0 0.526302 0.386574 0.0130208 0.0435185
0 0.500521 0.3875 0.0114583 0.0416667
1 0.423698 0.556018 0.0817708 0.0175926
2 0.461979 0.514815 0.0145833 0.0537037
1 0.817187 0.557407 0.0739583 0.0203704
0 0.0830729 0.478704 0.0088542 0.0296296
0 0.0953125 0.475463 0.009375 0.0361111
