2 0.965365 0.518519 0.0401042 0.131481
2 0.817187 0.543056 0.0239583 0.113889
2 0.758594 0.599074 0.0401042 0.194444
2 0.736719 0.588426 0.0307292 0.202778
2 0.694792 0.569444 0.0239583 0.109259
2 0.672135 0.579167 0.0223958 0.108333
2 0.638281 0.588889 0.0265625 0.162963
2 0.657031 0.580093 0.0192708 0.108333
2 0.607292 0.591667 0.0239583 0.153704
2 0.540104 0.577778 0.0270833 0.0944444
2 0.465885 0.575 0.0296875 0.112963
2 0.398958 0.572685 0.0197917 0.087963
2 0.360938 0.572685 0.0229167 0.106481
2 0.304427 0.572222 0.0265625 0.112963
2 0.238021 0.569907 0.0208333 0.0972222
2 0.223698 0.550926 0.0130208 0.0574074
2 0.179167 0.549537 0.0104167 0.0546296
2 0.160677 0.564352 0.0171875 0.087963
2 0.116406 0.560185 0.0161458 0.0851852
2 0.0148437 0.550926 0.0140625 0.0666667
2 0.257292 0.566667 0.0135417 0.0814815
2 0.625521 0.577315 0.021875 0.110185
2 0.0054687 0.534259 0.0109375 0.062963
2 0.284896 0.569907 0.0125 0.0842593
1 0.395312 0.620833 0.395833 0.0231481
1 0.884896 0.628241 0.227083 0.141667
0 0.449479 0.274074 0.021875 0.0888889
0 0.542188 0.271296 0.0197917 0.0833333
