2 0.490625 0.475 0.0208333 0.0740741
2 0.420312 0.481481 0.0270833 0.087037
2 0.388542 0.477315 0.025 0.102778
2 0.369792 0.475926 0.021875 0.0777778
2 0.278906 0.486574 0.0203125 0.0805556
2 0.171354 0.493056 0.0197917 0.0805556
2 0.132292 0.501389 0.0135417 0.0787037
2 0.124479 0.504167 0.015625 0.0824074
2 0.103385 0.49537 0.0098958 0.0518519
2 0.0807292 0.496759 0.0135417 0.0712963
2 0.0713542 0.50787 0.01875 0.0990741
2 0.0434896 0.509259 0.0151042 0.0759259
2 0.351042 0.463426 0.00625 0.0175926
2 0.3 0.466204 0.009375 0.037963
2 0.240104 0.469444 0.0083333 0.0351852
1 0.398698 0.531018 0.609896 0.0361111
0 0.339583 0.42963 0.0072917 0.0185185
0 0.629687 0.393981 0.0072917 0.0231481
0 0.648438 0.39537 0.0072917 0.0259259
