2 0.946094 0.371296 0.0182292 0.0796296
2 0.933854 0.365278 0.0177083 0.0935185
2 0.903125 0.383796 0.021875 0.117593
2 0.865365 0.373148 0.0192708 0.0981481
2 0.283854 0.434259 0.0270833 0.118519
2 0.263021 0.425926 0.0239583 0.15
2 0.101563 0.416667 0.01875 0.101852
2 0.0820312 0.412963 0.0255208 0.101852
2 0.0278646 0.489352 0.0557292 0.289815
2 0.277604 0.455556 0.01875 0.0833333
2 0.385156 0.37963 0.0098958 0.0537037
1 0.817187 0.493982 0.267708 0.0583333
1 0.274219 0.501852 0.361979 0.0814815
