2 0.178646 0.533796 0.009375 0.0287037
1 0.676042 0.77037 0.622917 0.27963
2 0.445052 0.546759 0.0276042 0.126852
2 0.897917 0.569444 0.0385417 0.209259
2 0.547396 0.5375 0.0197917 0.0972222
2 0.597656 0.548611 0.0234375 0.108333
2 0.829427 0.581019 0.0682292 0.210185
2 0.659375 0.528241 0.0145833 0.0916667
2 0.636979 0.525463 0.01875 0.106481
2 0.564062 0.545833 0.0177083 0.0787037
2 0.413542 0.532407 0.0145833 0.0796296
2 0.465885 0.530556 0.0161458 0.0759259
2 0.824219 0.536574 0.0338542 0.136111
2 0.986719 0.59213 0.0265625 0.215741
2 0.535677 0.536111 0.0119792 0.087037
