2 0.654167 0.453704 0.0302083 0.112963
2 0.632292 0.475 0.028125 0.166667
2 0.677604 0.438889 0.021875 0.0888889
2 0.815885 0.468518 0.0171875 0.0740741
2 0.196875 0.477315 0.0135417 0.0601852
2 0.209635 0.483333 0.0192708 0.0888889
2 0.278906 0.480556 0.0182292 0.0703704
2 0.298698 0.4625 0.0109375 0.0490741
2 0.291406 0.461574 0.0078125 0.0490741
2 0.746354 0.443518 0.01875 0.0888889
2 0.601302 0.435185 0.0088542 0.0407407
2 0.585156 0.433333 0.0109375 0.0407407
2 0.448698 0.439815 0.0067708 0.0259259
1 0.586719 0.519907 0.256771 0.0287037
1 0.198698 0.544444 0.231771 0.0388889
1 0.866406 0.597685 0.267188 0.143518
