2 0.0661458 0.512037 0.0197917 0.0944444
2 0.104167 0.50787 0.0145833 0.0935185
2 0.432292 0.501389 0.0114583 0.0398148
2 0.439323 0.53287 0.0234375 0.117593
2 0.46276 0.522685 0.0161458 0.112037
2 0.477083 0.526852 0.021875 0.112963
2 0.504948 0.515278 0.0161458 0.113889
2 0.516146 0.519907 0.025 0.125
2 0.540885 0.532407 0.0223958 0.124074
2 0.555208 0.531482 0.025 0.140741
2 0.764323 0.513426 0.0151042 0.075
2 0.778906 0.509259 0.0203125 0.0925926
2 0.98776 0.537037 0.0234375 0.133333
2 0.927083 0.581482 0.0489583 0.244444
2 0.902604 0.61713 0.0291667 0.163889
1 0.857031 0.599537 0.283854 0.128704
0 0.408854 0.464815 0.00625 0.0092593
0 0.419792 0.463889 0.0072917 0.0092593
