2 0.140885 0.468518 0.0088542 0.0481481
2 0.224479 0.485185 0.0270833 0.1
2 0.321094 0.4625 0.0182292 0.0638889
2 0.37526 0.458796 0.0182292 0.0564815
2 0.396094 0.460648 0.0140625 0.0694444
2 0.522396 0.439352 0.0083333 0.0416667
2 0.542708 0.449537 0.0145833 0.0583333
2 0.566927 0.445833 0.0130208 0.0787037
2 0.670052 0.434259 0.0098958 0.0462963
2 0.767448 0.433796 0.0098958 0.0490741
2 0.739844 0.430556 0.0088542 0.0462963
2 0.720573 0.443056 0.0098958 0.0546296
2 0.160938 0.47037 0.0104167 0.0425926
0 0.311198 0.188889 0.0223958 0.0833333
0 0.53099 0.361574 0.0067708 0.025
0 0.755469 0.378704 0.0088542 0.0277778
