2 0.065625 0.559722 0.015625 0.0787037
2 0.103906 0.561111 0.0130208 0.0722222
2 0.259375 0.571296 0.021875 0.1
2 0.172135 0.682407 0.119271 0.464815
2 0.303646 0.649537 0.0510417 0.334259
2 0.336458 0.617593 0.04375 0.301852
2 0.379948 0.677315 0.150521 0.500926
2 0.484635 0.620833 0.0390625 0.199074
2 0.516667 0.6 0.028125 0.181481
2 0.541927 0.577315 0.0411458 0.173148
2 0.565365 0.675 0.117188 0.422222
2 0.630469 0.550463 0.0328125 0.163889
2 0.665625 0.571296 0.0583333 0.235185
2 0.730469 0.538426 0.0494792 0.299074
0 0.257552 0.1 0.0307292 0.140741
0 0.414844 0.104167 0.0307292 0.115741
1 0.0497396 0.721759 0.0994792 0.117593
2 0.0101563 0.588889 0.0203125 0.151852
1 0.259115 0.736111 0.106771 0.148148
