2 0.619792 0.484259 0.0208333 0.0944444
2 0.582812 0.485185 0.01875 0.0777778
2 0.565885 0.465741 0.0171875 0.062963
2 0.329167 0.469907 0.009375 0.0435185
2 0.39375 0.452315 0.0072917 0.0342593
2 0.36849 0.462037 0.0130208 0.0518519
2 0.320313 0.468518 0.0125 0.0481481
2 0.532031 0.456944 0.0078125 0.0416667
2 0.286719 0.486111 0.0192708 0.0833333
2 0.661198 0.478241 0.0140625 0.075
2 0.277083 0.473148 0.0135417 0.0666667
2 0.346875 0.459259 0.0083333 0.0462963
2 0.25 0.481944 0.0145833 0.0731481
2 0.23724 0.497222 0.0088542 0.05
2 0.357812 0.462037 0.009375 0.05
2 0.210938 0.486574 0.0197917 0.102778
2 0.18099 0.490741 0.0203125 0.0907407
2 0.161458 0.499537 0.0125 0.062037
2 0.195833 0.510648 0.0104167 0.0527778
2 0.130729 0.49213 0.015625 0.0898148
2 0.116146 0.486574 0.0166667 0.0990741
2 0.20599 0.496759 0.0182292 0.087963
