1 0.40625 0.541667 0.127083 0.0907407
1 0.498958 0.820833 0.997917 0.191667
2 0.847135 0.516204 0.0265625 0.137963
2 0.801823 0.485648 0.0130208 0.0564815
2 0.379687 0.474537 0.009375 0.0416667
2 0.361979 0.470833 0.00625 0.0435185
2 0.371875 0.471759 0.0072917 0.0398148
0 0.197135 0.275 0.0140625 0.0648148
2 0.355208 0.470833 0.0072917 0.0453704
1 0.839583 0.616204 0.31875 0.0768519
2 0.461198 0.471296 0.0119792 0.0537037
2 0.484115 0.473148 0.0119792 0.0611111
2 0.827083 0.478241 0.0072917 0.0324074
0 0.41276 0.389352 0.0109375 0.0287037
