2 0.55 0.446759 0.0177083 0.0675926
2 0.570313 0.44537 0.0145833 0.0777778
2 0.151823 0.497222 0.0317708 0.116667
2 0.398177 0.456944 0.0151042 0.0712963
2 0.314844 0.465741 0.0140625 0.0703704
2 0.376042 0.456481 0.0125 0.0648148
2 0.695052 0.429167 0.0109375 0.0453704
2 0.115104 0.469907 0.0114583 0.0583333
2 0.784115 0.427778 0.0109375 0.0462963
2 0.811458 0.428241 0.0083333 0.0416667
2 0.659635 0.430556 0.0109375 0.037037
2 0.63099 0.430556 0.0109375 0.0407407
2 0.201823 0.461574 0.0088542 0.0268519
0 0.289063 0.155093 0.025 0.0935185
0 0.532031 0.356481 0.0067708 0.0259259
0 0.766146 0.374537 0.009375 0.0287037
0 0.775521 0.371759 0.0083333 0.0268519
