2 0.978385 0.572685 0.0401042 0.282407
2 0.81224 0.482407 0.0182292 0.0814815
2 0.867708 0.486574 0.0135417 0.0657407
2 0.654948 0.591204 0.0984375 0.360185
2 0.592969 0.478241 0.0255208 0.100926
2 0.398438 0.463426 0.0125 0.0564815
2 0.332552 0.463426 0.0151042 0.062037
2 0.304427 0.472685 0.0151042 0.0638889
2 0.292448 0.472685 0.0161458 0.0657407
2 0.265885 0.471759 0.0182292 0.075
2 0.242708 0.473611 0.0166667 0.0694444
1 0.115365 0.47963 0.0515625 0.0092593
1 0.414323 0.666204 0.821354 0.312037
1 0.501562 0.787037 0.995833 0.216667
2 0.153385 0.472685 0.0317708 0.10463
2 0.685156 0.466667 0.0098958 0.0333333
2 0.629167 0.504167 0.0375 0.176852
0 0.204688 0.362037 0.0135417 0.037037
