2 0.270573 0.499074 0.0161458 0.0833333
2 0.280208 0.513889 0.0125 0.0555556
2 0.303906 0.491667 0.0151042 0.0685185
2 0.535417 0.475463 0.0125 0.0601852
2 0.528385 0.471759 0.0109375 0.0564815
2 0.301562 0.510185 0.0135417 0.0555556
2 0.523177 0.450463 0.0078125 0.0342593
2 0.5125 0.443518 0.009375 0.0351852
2 0.205208 0.499074 0.0208333 0.103704
2 0.565365 0.476852 0.0130208 0.062963
2 0.607813 0.512963 0.0260417 0.118519
2 0.180208 0.515741 0.0145833 0.062963
2 0.344271 0.440741 0.009375 0.0296296
2 0.586458 0.481944 0.009375 0.0546296
2 0.577083 0.48287 0.009375 0.0416667
