2 0.182552 0.473148 0.0098958 0.0351852
2 0.192708 0.473148 0.0072917 0.0351852
2 0.127344 0.476852 0.0098958 0.0462963
2 0.0841146 0.477315 0.0088542 0.0490741
2 0.448958 0.466204 0.009375 0.0398148
2 0.360417 0.469907 0.009375 0.0416667
2 0.139062 0.477315 0.0072917 0.0324074
2 0.144271 0.479167 0.0083333 0.037963
2 0.15625 0.476389 0.00625 0.037963
2 0.163802 0.476389 0.0067708 0.0324074
2 0.170052 0.475 0.0088542 0.0351852
2 0.397396 0.465278 0.0114583 0.0509259
2 0.504427 0.469444 0.0088542 0.0462963
2 0.49401 0.464815 0.0078125 0.0444444
2 0.253906 0.466204 0.0078125 0.0324074
2 0.230729 0.465278 0.00625 0.0231481
2 0.309115 0.47037 0.0109375 0.0444444
2 0.485417 0.464352 0.0104167 0.0398148
