2 0.792188 0.441667 0.015625 0.0777778
2 0.746875 0.432407 0.0166667 0.0703704
2 0.0986979 0.425463 0.0140625 0.075
2 0.0822917 0.4375 0.0125 0.0601852
2 0.0710937 0.431019 0.0171875 0.0805556
2 0.0098958 0.429167 0.0197917 0.0638889
1 0.479427 0.448611 0.461979 0.0268519
1 0.49974 0.552315 0.999479 0.0787037
1 0.902604 0.513426 0.194792 0.062037
0 0.61849 0.233333 0.0328125 0.0240741
0 0.558854 0.227778 0.0333333 0.0277778
0 0.155729 0.320833 0.0104167 0.0342593
0 0.740885 0.352315 0.0098958 0.0305556
