2 0.01875 0.558333 0.0197917 0.0888889
2 0.121094 0.569444 0.0182292 0.122222
2 0.477865 0.6125 0.0609375 0.223148
2 0.542188 0.566204 0.0166667 0.0824074
2 0.588542 0.558796 0.0166667 0.0787037
2 0.604688 0.569444 0.0208333 0.0981481
2 0.558854 0.543056 0.0114583 0.0675926
1 0.564323 0.618056 0.0901042 0.0453704
2 0.636979 0.579167 0.0385417 0.221296
2 0.754167 0.675926 0.0822917 0.403704
2 0.815365 0.635648 0.0557292 0.339815
2 0.904688 0.684259 0.09375 0.487037
2 0.41875 0.684722 0.101042 0.50463
1 0.242188 0.826389 0.484375 0.230556
2 0.153646 0.569907 0.021875 0.106481
2 0.692448 0.594444 0.0401042 0.262963
2 0.530469 0.549537 0.0119792 0.0675926
2 0.327344 0.559722 0.0182292 0.0657407
2 0.513021 0.588889 0.0291667 0.155556
2 0.736979 0.563889 0.0239583 0.131481
