2 0.202344 0.418981 0.0130208 0.0564815
2 0.176823 0.421296 0.0161458 0.062963
2 0.18724 0.428241 0.0098958 0.0472222
2 0.134115 0.40787 0.0109375 0.0416667
2 0.0674479 0.431944 0.0203125 0.100926
2 0.0565104 0.42963 0.0203125 0.111111
2 0.739844 0.426852 0.0109375 0.0611111
2 0.510677 0.409259 0.0119792 0.0574074
1 0.445313 0.470833 0.648958 0.0287037
1 0.426042 0.433796 0.114583 0.012037
1 0.593229 0.4375 0.110417 0.012037
0 0.586719 0.269907 0.0265625 0.0194444
0 0.539583 0.265741 0.0260417 0.0222222
0 0.241927 0.346759 0.0078125 0.0287037
0 0.676823 0.360648 0.0088542 0.025
