2 0.617708 0.482407 0.0208333 0.0925926
2 0.58125 0.483796 0.01875 0.0787037
2 0.565104 0.464352 0.0166667 0.062037
2 0.330729 0.468518 0.009375 0.0444444
2 0.39375 0.451389 0.0072917 0.0342593
2 0.369531 0.461111 0.0130208 0.0518519
2 0.321354 0.467593 0.0125 0.0481481
2 0.532031 0.455093 0.0078125 0.0416667
2 0.288802 0.484722 0.0192708 0.0824074
2 0.658594 0.476389 0.0140625 0.075
2 0.278646 0.471296 0.0135417 0.0666667
2 0.348437 0.457407 0.0083333 0.0444444
2 0.251563 0.480556 0.0145833 0.0722222
2 0.239323 0.496759 0.0088542 0.0509259
2 0.358854 0.460185 0.009375 0.0481481
2 0.213542 0.485185 0.0197917 0.101852
2 0.184896 0.489815 0.0197917 0.0888889
2 0.165625 0.498148 0.0125 0.0611111
2 0.198698 0.509259 0.0098958 0.0518519
2 0.134375 0.490278 0.015625 0.0898148
2 0.120052 0.485648 0.0161458 0.0972222
2 0.208073 0.493982 0.0171875 0.0824074
