2 0.588021 0.475926 0.0166667 0.0685185
2 0.670052 0.527315 0.0546875 0.19537
2 0.563281 0.474074 0.0151042 0.0666667
2 0.55 0.487037 0.0114583 0.0351852
2 0.524219 0.474074 0.0119792 0.05
2 0.511458 0.475 0.0135417 0.0555556
2 0.513802 0.44213 0.0078125 0.0268519
2 0.504948 0.431944 0.0067708 0.0342593
2 0.338021 0.443518 0.0104167 0.037037
2 0.28125 0.510185 0.0145833 0.0592593
2 0.258594 0.494444 0.0192708 0.087037
2 0.248698 0.516667 0.0151042 0.0592593
2 0.238802 0.503704 0.0161458 0.0851852
2 0.19401 0.514815 0.0265625 0.0907407
2 0.172135 0.512037 0.0255208 0.111111
2 0.03125 0.500463 0.034375 0.160185
2 0.111719 0.511111 0.0192708 0.0925926
2 0.130469 0.524074 0.0151042 0.0518519
2 0.598437 0.487037 0.0114583 0.0481481
2 0.492188 0.418981 0.00625 0.0231481
2 0.320313 0.435648 0.00625 0.0268519
