2 0.55651 0.413426 0.0109375 0.0564815
2 0.96224 0.449074 0.0411458 0.205556
0 0.46901 0.358333 0.0067708 0.0259259
2 0.527083 0.408333 0.0125 0.0592593
2 0.0854167 0.471296 0.03125 0.142593
2 0.674479 0.408796 0.01875 0.102778
2 0.621354 0.418519 0.0145833 0.0685185
2 0.584375 0.41713 0.0166667 0.0712963
2 0.764583 0.412037 0.021875 0.0814815
1 0.414323 0.607407 0.828646 0.133333
2 0.576042 0.422222 0.0114583 0.0388889
2 0.571615 0.425926 0.0098958 0.0314815
2 0.177604 0.462963 0.0302083 0.116667
