2 0.513281 0.468056 0.0203125 0.075
2 0.394271 0.468518 0.0166667 0.0814815
2 0.372135 0.468056 0.0213542 0.0638889
2 0.296615 0.473611 0.0171875 0.075
2 0.333594 0.456481 0.0088542 0.0296296
2 0.272135 0.464815 0.0182292 0.0740741
2 0.260938 0.475463 0.0125 0.0657407
2 0.225521 0.460648 0.009375 0.0342593
2 0.158073 0.487037 0.0213542 0.0925926
2 0.120052 0.475926 0.0109375 0.0481481
2 0.109375 0.477315 0.009375 0.0527778
2 0.0825521 0.487963 0.0130208 0.062963
2 0.0742188 0.488889 0.0109375 0.0703704
2 0.0315104 0.497222 0.0182292 0.0962963
2 0.0166667 0.498148 0.0135417 0.0796296
2 0.197656 0.456944 0.0057292 0.025
1 0.372135 0.508796 0.384896 0.025
0 0.258854 0.425463 0.00625 0.0175926
0 0.531771 0.393519 0.0072917 0.0203704
0 0.549219 0.39537 0.0067708 0.0222222
