2 0.0591146 0.562037 0.0192708 0.0796296
1 0.310417 0.853241 0.35625 0.187963
2 0.711719 0.60463 0.0505208 0.274074
2 0.347917 0.559259 0.015625 0.0444444
2 0.488281 0.591667 0.0421875 0.142593
2 0.570833 0.605093 0.0375 0.176852
1 0.602083 0.626389 0.0333333 0.0453704
2 0.59401 0.572222 0.0192708 0.087037
2 0.618229 0.573148 0.0145833 0.0814815
2 0.646875 0.587963 0.0385417 0.240741
2 0.746875 0.581019 0.0229167 0.143518
2 0.763281 0.567593 0.0192708 0.112963
2 0.802865 0.569444 0.0328125 0.164815
1 0.529167 0.614815 0.0510417 0.0333333
2 0.604688 0.565278 0.0135417 0.0768519
2 0.902083 0.6625 0.06875 0.437963
2 0.123958 0.559722 0.009375 0.0509259
2 0.940365 0.64537 0.0640625 0.433333
2 0.833594 0.571759 0.0213542 0.147222
2 0.979427 0.689352 0.0411458 0.493519
