2 0.621615 0.523611 0.0348958 0.132407
2 0.58125 0.478241 0.0104167 0.0601852
2 0.570833 0.486574 0.009375 0.037963
2 0.550521 0.489352 0.0104167 0.037963
2 0.560677 0.476852 0.0151042 0.0574074
2 0.523958 0.476389 0.0125 0.062037
2 0.516406 0.477778 0.0119792 0.0592593
2 0.515365 0.450463 0.0088542 0.0305556
2 0.503646 0.438889 0.0072917 0.0277778
2 0.336458 0.443056 0.0083333 0.0268519
2 0.26875 0.518056 0.0125 0.0527778
2 0.272135 0.507407 0.0119792 0.0574074
2 0.284635 0.494444 0.0161458 0.0796296
2 0.233073 0.50787 0.0161458 0.0805556
2 0.259115 0.50463 0.0171875 0.0814815
2 0.16224 0.51713 0.0140625 0.0657407
2 0.19401 0.502778 0.0203125 0.1
2 0.0557292 0.508333 0.0322917 0.140741
2 0.273698 0.490278 0.0151042 0.0712963
2 0.297135 0.5125 0.0119792 0.0472222
