0 0.707552 0.0842593 0.0880208 0.0833333
2 0.771615 0.651852 0.0203125 0.0888889
2 0.798437 0.65 0.0197917 0.0888889
2 0.634896 0.650926 0.0114583 0.0555556
2 0.566146 0.655556 0.0145833 0.0592593
2 0.534635 0.654167 0.0151042 0.0564815
2 0.50026 0.652778 0.0098958 0.0481481
2 0.464844 0.655093 0.0088542 0.0342593
2 0.470573 0.65463 0.0088542 0.0351852
2 0.65026 0.65 0.0161458 0.062963
2 0.595833 0.646296 0.0145833 0.0685185
2 0.4875 0.652315 0.0104167 0.0435185
2 0.450521 0.651852 0.0083333 0.0388889
