2 0.722917 0.569907 0.0145833 0.0824074
2 0.735937 0.574074 0.0135417 0.062963
2 0.796615 0.573611 0.0130208 0.0583333
2 0.171354 0.530556 0.0083333 0.0314815
1 0.200521 0.605556 0.139583 0.0351852
0 0.227865 0.122685 0.0598958 0.0472222
2 0.0729167 0.526389 0.0104167 0.0435185
2 0.114323 0.526389 0.0109375 0.0435185
2 0.782812 0.572222 0.0125 0.0574074
2 0.611719 0.56713 0.0109375 0.0564815
2 0.598698 0.562037 0.0098958 0.0462963
2 0.163281 0.52963 0.0088542 0.0351852
2 0.684896 0.568982 0.0114583 0.0527778
0 0.158333 0.477315 0.0052083 0.0157407
