2 0.514583 0.467593 0.015625 0.0555556
2 0.484115 0.470833 0.0171875 0.0546296
2 0.423958 0.470833 0.0166667 0.0509259
2 0.363021 0.468982 0.0135417 0.0472222
2 0.388281 0.469907 0.0130208 0.0490741
2 0.348177 0.468518 0.0088542 0.0462963
2 0.321875 0.47037 0.0114583 0.05
2 0.217448 0.466667 0.0098958 0.037037
2 0.164323 0.47963 0.0109375 0.0518519
2 0.150521 0.481481 0.0104167 0.05
2 0.123177 0.475 0.0098958 0.037037
2 0.115625 0.477315 0.0072917 0.0342593
2 0.090625 0.475926 0.0083333 0.0333333
2 0.239583 0.473611 0.0114583 0.0564815
2 0.138281 0.481481 0.0088542 0.0462963
2 0.130729 0.481944 0.009375 0.0472222
2 0.10599 0.481481 0.0098958 0.0444444
2 0.0971354 0.474074 0.0067708 0.0333333
2 0.0770833 0.485185 0.0083333 0.05
0 0.276042 0.434722 0.00625 0.0175926
0 0.521615 0.405556 0.0067708 0.0185185
