2 0.942969 0.577778 0.0494792 0.194444
2 0.903385 0.585648 0.0536458 0.191667
2 0.851042 0.530556 0.0291667 0.112963
2 0.807031 0.541204 0.0276042 0.106481
2 0.728125 0.569444 0.0208333 0.103704
2 0.654167 0.571296 0.028125 0.111111
2 0.639063 0.571759 0.0239583 0.112037
2 0.61849 0.569444 0.0161458 0.0925926
2 0.56849 0.575926 0.0276042 0.0925926
2 0.255208 0.549537 0.0125 0.0490741
2 0.223698 0.565278 0.0140625 0.0694444
2 0.211979 0.576852 0.0135417 0.0888889
2 0.202344 0.575463 0.0161458 0.0972222
2 0.177604 0.549537 0.0104167 0.0564815
2 0.128646 0.550926 0.0125 0.0740741
2 0.113802 0.55787 0.0161458 0.0935185
2 0.0619792 0.581482 0.01875 0.0962963
2 0.0408854 0.547222 0.0192708 0.0944444
2 0.0070313 0.535185 0.0119792 0.0703704
2 0.891667 0.506019 0.0125 0.0842593
2 0.914063 0.494907 0.0125 0.0638889
1 0.430729 0.61713 0.471875 0.0305556
1 0.979427 0.63287 0.0390625 0.115741
1 0.798698 0.610648 0.202604 0.0935185
0 0.449479 0.274074 0.021875 0.0888889
0 0.542188 0.271296 0.0197917 0.0833333
