2 0.500781 0.468518 0.0171875 0.0759259
2 0.405469 0.466667 0.0223958 0.0759259
2 0.36901 0.468518 0.0130208 0.0592593
2 0.295833 0.471759 0.0239583 0.0694444
2 0.271875 0.473148 0.0197917 0.062963
2 0.178906 0.477315 0.0192708 0.0712963
2 0.130729 0.474537 0.0125 0.0453704
2 0.114323 0.481019 0.0161458 0.0712963
2 0.0880208 0.4875 0.015625 0.0638889
2 0.0695313 0.486574 0.0203125 0.087963
2 0.0533854 0.481481 0.0109375 0.0555556
2 0.0455729 0.490278 0.0130208 0.0657407
2 0.0372396 0.480093 0.0098958 0.0583333
2 0.0276042 0.492593 0.0104167 0.0722222
2 0.228125 0.460185 0.0104167 0.037037
2 0.332031 0.458333 0.0098958 0.0296296
1 0.386198 0.506019 0.331771 0.0212963
0 0.259635 0.426852 0.0067708 0.0185185
0 0.529688 0.394444 0.0072917 0.0203704
0 0.547135 0.397222 0.0067708 0.0222222
