2 0.960156 0.415741 0.0098958 0.037037
2 0.94349 0.413889 0.0098958 0.0388889
2 0.901302 0.421296 0.0109375 0.0518519
2 0.740365 0.468518 0.0161458 0.062963
2 0.713281 0.475926 0.0130208 0.0574074
2 0.70026 0.502315 0.0307292 0.137963
2 0.568229 0.431019 0.0114583 0.0398148
2 0.51875 0.431944 0.0083333 0.0324074
2 0.433333 0.428241 0.0083333 0.0305556
2 0.402083 0.447685 0.009375 0.0342593
1 0.346875 0.553241 0.0354167 0.0324074
2 0.333073 0.452778 0.0078125 0.037037
0 0.407813 0.349074 0.0072917 0.0259259
