2 0.197917 0.42037 0.0135417 0.0574074
2 0.172396 0.423148 0.0166667 0.0648148
2 0.182552 0.430093 0.0098958 0.0472222
2 0.130469 0.406944 0.0109375 0.0416667
2 0.0388021 0.432407 0.0161458 0.107407
2 0.743229 0.425926 0.0104167 0.0611111
2 0.494531 0.408333 0.0119792 0.0592593
2 0.714844 0.423148 0.0109375 0.0574074
1 0.446875 0.473611 0.676042 0.0342593
1 0.416667 0.433333 0.096875 0.012963
1 0.588542 0.437037 0.126042 0.012963
0 0.588802 0.26713 0.0265625 0.0194444
0 0.540885 0.262963 0.0265625 0.0222222
0 0.238542 0.344444 0.0083333 0.0277778
0 0.680469 0.358796 0.0088542 0.025
