2 0.89375 0.47037 0.009375 0.0296296
2 0.861979 0.493981 0.021875 0.119444
2 0.842708 0.466204 0.0072917 0.0287037
2 0.80026 0.49213 0.0192708 0.0916667
2 0.785937 0.49213 0.0166667 0.100926
2 0.739062 0.498148 0.0229167 0.0981481
2 0.724479 0.489352 0.0208333 0.0898148
2 0.65026 0.488426 0.0130208 0.0824074
2 0.635677 0.49213 0.0161458 0.102778
2 0.622135 0.466204 0.0098958 0.0527778
2 0.608594 0.491667 0.0203125 0.0981481
2 0.552865 0.493982 0.0171875 0.113889
2 0.545313 0.498148 0.0270833 0.109259
2 0.526302 0.483333 0.0109375 0.0648148
2 0.382552 0.508796 0.0296875 0.137963
2 0.339583 0.483333 0.0135417 0.0592593
2 0.31875 0.493056 0.0260417 0.10463
2 0.302865 0.4625 0.0078125 0.037963
2 0.18724 0.506482 0.0223958 0.0962963
1 0.255729 0.533796 0.123958 0.037963
1 0.686979 0.537963 0.577083 0.0703704
0 0.889844 0.430093 0.0067708 0.0194444
