2 0.6875 0.591204 0.025 0.113889
2 0.24375 0.559722 0.0135417 0.0527778
2 0.176302 0.575926 0.0151042 0.0759259
2 0.0929688 0.560185 0.0130208 0.0703704
2 0.20625 0.560185 0.0145833 0.0574074
2 0.158333 0.564352 0.0135417 0.0583333
2 0.807813 0.6125 0.0697917 0.219444
2 0.954167 0.524537 0.0302083 0.126852
2 0.888021 0.51713 0.0177083 0.0898148
2 0.123698 0.575463 0.0192708 0.102778
2 0.110937 0.571759 0.0197917 0.115741
2 0.867448 0.561111 0.0203125 0.124074
2 0.673437 0.562963 0.0177083 0.101852
2 0.483073 0.556018 0.0067708 0.0175926
1 0.438802 0.639352 0.543229 0.0342593
1 0.924479 0.634722 0.147917 0.123148
0 0.45026 0.251389 0.0244792 0.0990741
0 0.554167 0.25 0.0239583 0.0925926
