1 0.545833 0.798148 0.844792 0.298148
2 0.202083 0.543981 0.034375 0.152778
2 0.902604 0.631482 0.0666667 0.372222
2 0.353646 0.536574 0.0260417 0.112037
2 0.408854 0.540278 0.025 0.128704
2 0.788281 0.584259 0.0723958 0.233333
2 0.492448 0.527778 0.0161458 0.103704
2 0.467187 0.527778 0.0239583 0.114815
2 0.369531 0.54537 0.0213542 0.0907407
2 0.704427 0.552778 0.0369792 0.196296
2 0.979948 0.60463 0.0348958 0.242593
2 0.521875 0.528241 0.021875 0.112037
2 0.23776 0.500926 0.0171875 0.0685185
2 0.0028646 0.514815 0.0057292 0.0222222
