2 0.120312 0.488426 0.009375 0.0527778
2 0.133854 0.487963 0.0104167 0.0481481
2 0.15026 0.485185 0.0088542 0.0537037
2 0.199479 0.480093 0.0125 0.0546296
2 0.329688 0.473148 0.0114583 0.05
2 0.350521 0.472222 0.0125 0.0555556
2 0.442448 0.473611 0.0140625 0.0638889
2 0.468229 0.471759 0.0177083 0.0675926
2 0.529167 0.468982 0.0125 0.062037
2 0.235677 0.477778 0.0140625 0.0703704
2 0.110937 0.489815 0.009375 0.0574074
2 0.100781 0.489352 0.0098958 0.0472222
2 0.09375 0.484259 0.0072917 0.0425926
2 0.0835937 0.486111 0.0088542 0.0407407
2 0.0794271 0.476852 0.0057292 0.0333333
2 0.0492187 0.493982 0.0119792 0.0675926
2 0.19349 0.476852 0.0098958 0.0407407
2 0.213021 0.465741 0.0052083 0.0166667
2 0.178385 0.470833 0.0078125 0.0305556
2 0.254948 0.471759 0.0119792 0.0490741
2 0.288281 0.475926 0.0119792 0.0555556
1 0.465625 0.5 0.119792 0.0148148
0 0.270833 0.436111 0.00625 0.0185185
0 0.523698 0.406018 0.0067708 0.0194444
