1 0.740625 0.546759 0.0541667 0.0212963
2 0.80026 0.5125 0.0182292 0.0935185
2 0.677604 0.495833 0.0104167 0.0472222
2 0.669792 0.503241 0.0125 0.0435185
2 0.663021 0.509259 0.015625 0.0722222
2 0.647656 0.514815 0.0109375 0.0555556
2 0.623438 0.510185 0.0145833 0.0740741
2 0.579948 0.503241 0.0119792 0.037963
2 0.273438 0.500926 0.0135417 0.0574074
2 0.215365 0.50463 0.0140625 0.0574074
0 0.433073 0.466667 0.0067708 0.0092593
0 0.444531 0.465278 0.0078125 0.012037
2 0.715104 0.533333 0.0125 0.0574074
