0 0.541406 0.492593 0.0067708 0.0185185
0 0.100521 0.451389 0.0072917 0.0175926
1 0.428385 0.744907 0.856771 0.215741
1 0.752083 0.616204 0.233333 0.0712963
2 0.510677 0.551852 0.0119792 0.0518519
2 0.627344 0.590741 0.0255208 0.131481
2 0.961979 0.594907 0.015625 0.087963
2 0.939844 0.59213 0.0151042 0.0805556
1 0.660156 0.600926 0.0255208 0.122222
2 0.597656 0.558333 0.0109375 0.0407407
2 0.717708 0.575463 0.0125 0.0694444
2 0.74349 0.581482 0.0171875 0.0888889
2 0.783594 0.593056 0.0192708 0.0916667
