2 0.432813 0.538889 0.0166667 0.0592593
2 0.497396 0.549074 0.0135417 0.062963
2 0.615365 0.55787 0.0098958 0.0453704
2 0.626302 0.562963 0.0119792 0.0685185
2 0.634896 0.563426 0.009375 0.0546296
2 0.717708 0.622685 0.0416667 0.210185
2 0.767448 0.587037 0.0192708 0.101852
2 0.80026 0.589815 0.0171875 0.107407
2 0.779948 0.637037 0.0338542 0.201852
1 0.773958 0.632407 0.426042 0.122222
0 0.0526042 0.436111 0.0072917 0.0240741
0 0.360938 0.431019 0.0114583 0.0138889
0 0.536719 0.484722 0.0088542 0.0231481
