2 0.0195312 0.53287 0.0317708 0.173148
2 0.0695313 0.481944 0.0088542 0.0583333
2 0.0856771 0.477315 0.0109375 0.0657407
2 0.128125 0.468982 0.0072917 0.0453704
2 0.266406 0.463426 0.0140625 0.0564815
2 0.314323 0.464815 0.0119792 0.087037
2 0.383333 0.457407 0.0125 0.062963
2 0.409375 0.460648 0.0125 0.0824074
2 0.566927 0.452778 0.0119792 0.0814815
2 0.576302 0.450926 0.0140625 0.0925926
2 0.59401 0.433796 0.0109375 0.0398148
2 0.613281 0.434722 0.0109375 0.0416667
2 0.691927 0.430556 0.0109375 0.0388889
2 0.734375 0.436111 0.0208333 0.087037
2 0.780729 0.429167 0.0104167 0.0490741
2 0.860156 0.424537 0.0098958 0.037963
2 0.791406 0.437963 0.0151042 0.0833333
1 0.508333 0.493982 0.210417 0.0212963
0 0.263021 0.111111 0.0291667 0.107407
0 0.539323 0.353241 0.0067708 0.025
0 0.783854 0.37037 0.00625 0.0259259
