2 0.86276 0.576389 0.0421875 0.208333
2 0.691927 0.60787 0.0328125 0.24537
2 0.676823 0.597685 0.0411458 0.273148
2 0.616667 0.564815 0.0145833 0.0648148
2 0.608333 0.564815 0.0177083 0.0703704
2 0.586198 0.626852 0.0515625 0.211111
2 0.490885 0.610648 0.0515625 0.175
2 0.340104 0.563426 0.0135417 0.0435185
1 0.538802 0.628241 0.0598958 0.0324074
1 0.621875 0.642593 0.0416667 0.0574074
1 0.314583 0.88287 0.348958 0.106481
2 0.838281 0.58287 0.0307292 0.156482
2 0.770833 0.624074 0.0666667 0.362963
