2 0.13099 0.602778 0.0255208 0.124074
2 0.908333 0.528704 0.0208333 0.087037
2 0.876562 0.515278 0.0177083 0.0898148
2 0.861198 0.519444 0.0151042 0.0888889
2 0.688542 0.551389 0.015625 0.087963
2 0.699219 0.550463 0.0171875 0.0916667
2 0.646875 0.546759 0.0135417 0.0675926
0 0.527344 0.472685 0.0140625 0.012037
2 0.0809896 0.599074 0.0182292 0.103704
2 0.0992187 0.59213 0.0161458 0.112037
2 0.114323 0.597222 0.0182292 0.101852
2 0.0450521 0.602778 0.0203125 0.12037
2 0.0153646 0.612963 0.0213542 0.12963
2 0.0671875 0.600463 0.0229167 0.117593
2 0.0309896 0.6 0.0182292 0.12037
2 0.143229 0.602315 0.0208333 0.137963
2 0.329688 0.560185 0.0083333 0.0444444
2 0.33724 0.560648 0.0098958 0.0453704
2 0.823177 0.540741 0.0244792 0.0925926
