2 0.0059896 0.498611 0.0119792 0.0842593
2 0.0458333 0.482407 0.0125 0.0574074
2 0.0677083 0.493519 0.01875 0.0833333
2 0.0927083 0.489815 0.0104167 0.0648148
2 0.103125 0.4875 0.0114583 0.062037
2 0.119792 0.485185 0.0145833 0.0740741
2 0.154427 0.470833 0.0109375 0.0416667
2 0.166406 0.462037 0.0088542 0.0333333
2 0.217448 0.474074 0.0171875 0.0666667
2 0.291406 0.471759 0.0171875 0.0694444
2 0.364844 0.47037 0.0182292 0.0537037
2 0.429427 0.466667 0.0223958 0.0796296
2 0.477604 0.468518 0.01875 0.0685185
2 0.202083 0.460648 0.0052083 0.0212963
2 0.260156 0.481481 0.0182292 0.0740741
2 0.327865 0.460185 0.0109375 0.0296296
1 0.463021 0.502315 0.132292 0.0194444
0 0.2625 0.428704 0.00625 0.0185185
0 0.526823 0.397222 0.0067708 0.0203704
0 0.54401 0.398611 0.0067708 0.0212963
