1 0.636719 0.552315 0.147396 0.0472222
1 0.932813 0.611111 0.121875 0.135185
2 0.46901 0.53287 0.0338542 0.167593
2 0.457812 0.542593 0.0395833 0.164815
2 0.392188 0.544444 0.05625 0.205556
2 0.373698 0.534259 0.0296875 0.196296
2 0.357031 0.522222 0.0265625 0.177778
2 0.324479 0.538426 0.034375 0.176852
2 0.295573 0.528704 0.0296875 0.161111
2 0.248698 0.552778 0.0401042 0.190741
2 0.517708 0.501852 0.015625 0.0611111
2 0.464323 0.512037 0.0203125 0.0944444
2 0.564323 0.502315 0.0088542 0.0490741
2 0.572135 0.499074 0.0109375 0.0407407
