2 0.895052 0.527778 0.0244792 0.101852
2 0.874479 0.601852 0.0364583 0.211111
2 0.846615 0.581944 0.0494792 0.208333
2 0.796094 0.543518 0.0223958 0.1
2 0.766406 0.558333 0.0223958 0.0944444
2 0.713542 0.581482 0.0302083 0.17037
2 0.680469 0.59213 0.0307292 0.167593
2 0.664844 0.572685 0.0192708 0.106481
2 0.597396 0.576852 0.0322917 0.0981481
2 0.522917 0.575 0.028125 0.112963
2 0.447656 0.571759 0.0223958 0.087963
2 0.429688 0.573611 0.021875 0.106481
2 0.307292 0.571296 0.0270833 0.103704
2 0.264062 0.567593 0.0177083 0.0740741
2 0.250781 0.547222 0.0098958 0.0444444
2 0.239063 0.574074 0.0229167 0.087037
2 0.223177 0.553241 0.0109375 0.0527778
2 0.207813 0.568519 0.0166667 0.0814815
2 0.179948 0.552315 0.0098958 0.0546296
2 0.164583 0.560648 0.0177083 0.100926
2 0.1125 0.55787 0.0208333 0.0861111
2 0.0666667 0.558333 0.0197917 0.0759259
2 0.0151042 0.550926 0.0125 0.0666667
2 0.0075521 0.54213 0.0109375 0.0712963
2 0.746354 0.570833 0.028125 0.0916667
2 0.422135 0.568519 0.0203125 0.103704
1 0.42474 0.61713 0.450521 0.0305556
1 0.78125 0.599537 0.119792 0.0805556
1 0.94375 0.635648 0.111458 0.119444
0 0.449479 0.274074 0.021875 0.0888889
0 0.542188 0.271296 0.0197917 0.0833333
