2 0.396875 0.562963 0.0114583 0.0537037
1 0.514063 0.576852 0.105208 0.0148148
0 0.52474 0.467593 0.0161458 0.012963
2 0.795573 0.542593 0.0151042 0.0796296
2 0.216406 0.566667 0.0109375 0.0555556
2 0.233594 0.565741 0.0130208 0.0574074
2 0.770312 0.563426 0.0197917 0.0953704
2 0.26849 0.563426 0.0098958 0.0472222
2 0.248698 0.563426 0.0088542 0.0490741
2 0.18099 0.578241 0.0161458 0.0805556
2 0.2625 0.562037 0.009375 0.0462963
2 0.283073 0.559722 0.0088542 0.037963
2 0.814062 0.547222 0.01875 0.0851852
2 0.382813 0.564815 0.015625 0.0592593
