2 0.385677 0.455556 0.0098958 0.0407407
2 0.640365 0.447685 0.0161458 0.0731481
2 0.672917 0.443981 0.0166667 0.0638889
2 0.535417 0.445833 0.0104167 0.0435185
2 0.172135 0.473611 0.0130208 0.0638889
2 0.314844 0.476852 0.0182292 0.0722222
2 0.729688 0.44213 0.0145833 0.0768519
2 0.148177 0.488889 0.0140625 0.0740741
2 0.744271 0.444444 0.0197917 0.0777778
2 0.770052 0.444444 0.0213542 0.109259
2 0.861719 0.461111 0.0255208 0.114815
2 0.154948 0.471296 0.0119792 0.0537037
2 0.342708 0.462963 0.009375 0.0518519
