2 0.96849 0.427315 0.0255208 0.125
2 0.966667 0.489352 0.028125 0.147222
2 0.943229 0.496759 0.0239583 0.108333
2 0.890365 0.461574 0.0307292 0.186111
2 0.8125 0.426389 0.025 0.14537
2 0.798437 0.422222 0.01875 0.103704
2 0.640104 0.419907 0.0125 0.0787037
2 0.652083 0.403241 0.0114583 0.0472222
2 0.611719 0.409259 0.0161458 0.0537037
2 0.546354 0.410648 0.0125 0.0453704
2 0.350521 0.421759 0.0114583 0.0564815
2 0.33776 0.422222 0.0088542 0.0444444
1 0.377604 0.440741 0.113542 0.0148148
1 0.53151 0.435185 0.0505208 0.0092593
0 0.522396 0.341667 0.0072917 0.0296296
0 0.546615 0.374074 0.0088542 0.0222222
2 0.590625 0.416204 0.0104167 0.0601852
