2 0.847917 0.3625 0.0229167 0.0824074
2 0.3 0.421759 0.034375 0.132407
2 0.279427 0.420833 0.0265625 0.137963
2 0.0729167 0.471759 0.0572917 0.282407
2 0.126823 0.403241 0.0192708 0.0990741
2 0.877344 0.373611 0.0182292 0.0898148
2 0.90026 0.373148 0.0234375 0.103704
2 0.105729 0.406018 0.0197917 0.0990741
2 0.0151042 0.485648 0.0302083 0.284259
2 0.991146 0.363426 0.0166667 0.128704
2 0.291406 0.448611 0.0161458 0.0824074
2 0.394792 0.376852 0.009375 0.05
1 0.254427 0.498148 0.327604 0.0777778
1 0.806771 0.474074 0.202083 0.0425926
