2 0.719792 0.540741 0.05625 0.251852
2 0.60625 0.484259 0.0135417 0.0537037
2 0.591667 0.476852 0.015625 0.0703704
2 0.572396 0.473148 0.0145833 0.0740741
2 0.55625 0.474074 0.015625 0.0703704
2 0.546615 0.4875 0.0119792 0.0416667
2 0.521094 0.472222 0.0130208 0.0574074
2 0.511458 0.476389 0.0135417 0.0527778
2 0.513802 0.443982 0.0078125 0.0398148
2 0.50625 0.430556 0.0072917 0.0314815
2 0.492969 0.417593 0.0067708 0.0259259
2 0.339583 0.441204 0.0083333 0.0342593
2 0.31875 0.44213 0.009375 0.0416667
2 0.268229 0.508333 0.0145833 0.0537037
2 0.236979 0.516667 0.015625 0.0611111
2 0.223958 0.505093 0.0145833 0.0916667
2 0.241667 0.498611 0.015625 0.0824074
2 0.251823 0.484259 0.0130208 0.0648148
2 0.259635 0.478704 0.0098958 0.0666667
2 0.266667 0.487037 0.0083333 0.037037
2 0.130469 0.523611 0.0151042 0.0731481
2 0.156771 0.509722 0.0229167 0.10463
2 0.170833 0.514815 0.0145833 0.0944444
2 0.359635 0.446759 0.0057292 0.0398148
2 0.365104 0.441204 0.0083333 0.0342593
