2 0.557813 0.431944 0.0104167 0.0342593
2 0.821094 0.518056 0.0536458 0.202778
2 0.88776 0.407407 0.0109375 0.0407407
2 0.67526 0.506019 0.0317708 0.149074
2 0.713542 0.475926 0.0166667 0.0648148
2 0.927865 0.410185 0.0098958 0.0462963
2 0.515104 0.43287 0.0083333 0.0342593
2 0.521875 0.428241 0.00625 0.0268519
1 0.358073 0.543056 0.0307292 0.0287037
2 0.403906 0.441204 0.0098958 0.0342593
2 0.739583 0.459722 0.0125 0.0509259
2 0.3375 0.451389 0.0083333 0.0361111
0 0.408594 0.347222 0.0078125 0.0277778
