2 0.58776 0.459722 0.0307292 0.126852
2 0.459375 0.463426 0.0260417 0.10463
2 0.326302 0.471759 0.0307292 0.108333
2 0.414063 0.460185 0.015625 0.0814815
2 0.211458 0.478241 0.0208333 0.0824074
2 0.85625 0.440741 0.034375 0.118519
2 0.920833 0.445833 0.0291667 0.121296
2 0.632552 0.454167 0.0234375 0.0898148
2 0.286719 0.456944 0.0098958 0.037963
2 0.0317708 0.485185 0.0135417 0.0796296
2 0.716146 0.430093 0.015625 0.0416667
1 0.523698 0.515741 0.313021 0.0314815
0 0.201302 0.024537 0.0317708 0.0490741
0 0.829427 0.368056 0.0078125 0.0287037
0 0.838802 0.368056 0.0078125 0.025
