2 0.191667 0.42963 0.0135417 0.0592593
2 0.166927 0.431944 0.0151042 0.0657407
2 0.176823 0.440278 0.0098958 0.0472222
2 0.126042 0.413889 0.0114583 0.0407407
2 0.0434896 0.446759 0.0182292 0.110185
2 0.138021 0.413889 0.0083333 0.0351852
2 0.746615 0.436574 0.0109375 0.062037
2 0.477083 0.419444 0.0125 0.0611111
2 0.717448 0.433796 0.0109375 0.0583333
1 0.439323 0.490278 0.711979 0.0435185
1 0.388021 0.44537 0.121875 0.0111111
1 0.582031 0.447222 0.144271 0.0148148
0 0.590365 0.275 0.0276042 0.0203704
0 0.541667 0.27037 0.0270833 0.0222222
0 0.233333 0.353241 0.0083333 0.0287037
0 0.684115 0.368982 0.0078125 0.025
