2 0.110417 0.505556 0.025 0.114815
2 0.195833 0.500463 0.0166667 0.0861111
2 0.233073 0.515741 0.0119792 0.0425926
2 0.288021 0.506944 0.015625 0.0694444
2 0.305208 0.505556 0.0177083 0.0685185
2 0.506771 0.450926 0.0083333 0.0333333
2 0.515104 0.464352 0.0104167 0.0342593
2 0.533073 0.498611 0.0182292 0.0712963
2 0.542188 0.481481 0.0114583 0.0555556
2 0.553646 0.490278 0.0104167 0.037963
2 0.578646 0.488889 0.0104167 0.0407407
2 0.326042 0.498148 0.0125 0.0685185
2 0.185677 0.516667 0.0151042 0.0592593
2 0.294271 0.518056 0.0145833 0.0416667
2 0.320052 0.511574 0.0109375 0.0398148
