2 0.0854167 0.544907 0.0302083 0.134259
2 0.14375 0.531018 0.034375 0.125
2 0.18151 0.520833 0.0213542 0.112037
2 0.201562 0.535185 0.0145833 0.0703704
2 0.197917 0.511574 0.01875 0.087963
2 0.213021 0.521296 0.0166667 0.0648148
2 0.258594 0.497222 0.0140625 0.05
2 0.316406 0.441667 0.0078125 0.0351852
2 0.326823 0.44537 0.0098958 0.0351852
2 0.343229 0.447685 0.0125 0.0398148
2 0.514323 0.433333 0.0078125 0.0314815
2 0.523438 0.452315 0.0072917 0.037963
2 0.535417 0.483333 0.0125 0.0722222
2 0.54375 0.484259 0.0177083 0.0703704
2 0.573698 0.498148 0.0119792 0.0425926
2 0.600521 0.480556 0.01875 0.087037
2 0.621875 0.488426 0.01875 0.0842593
2 0.635417 0.494907 0.0177083 0.0638889
2 0.59974 0.49537 0.0119792 0.0611111
2 0.0580729 0.527778 0.0234375 0.105556
2 0.21875 0.506019 0.0177083 0.0472222
2 0.0119792 0.516204 0.0239583 0.156482
2 0.246094 0.486111 0.0119792 0.0722222
2 0.233594 0.491204 0.0140625 0.0824074
