2 0.34974 0.425926 0.0098958 0.0425926
2 0.360417 0.423611 0.0114583 0.0509259
2 0.546615 0.416667 0.0109375 0.0425926
2 0.584635 0.418056 0.0098958 0.0527778
2 0.592188 0.419907 0.009375 0.062037
2 0.607031 0.414815 0.0130208 0.0462963
2 0.63125 0.422685 0.015625 0.0731481
2 0.644271 0.409722 0.0114583 0.0546296
2 0.755729 0.425926 0.0208333 0.0907407
2 0.773438 0.431018 0.0239583 0.117593
2 0.809115 0.452315 0.0223958 0.139815
2 0.867969 0.480556 0.0265625 0.0888889
1 0.532292 0.439815 0.0520833 0.0111111
1 0.403646 0.443518 0.0739583 0.0111111
0 0.525781 0.35 0.0067708 0.0259259
0 0.549219 0.381481 0.0078125 0.0203704
