2 0.68776 0.511111 0.0109375 0.0666667
2 0.670052 0.511574 0.0171875 0.0824074
2 0.742969 0.511111 0.0130208 0.0611111
0 0.738802 0.376389 0.0213542 0.0824074
0 0.60625 0.45787 0.0104167 0.0361111
0 0.557292 0.380556 0.0104167 0.0425926
0 0.525 0.381018 0.0135417 0.0453704
0 0.498177 0.381944 0.0119792 0.0435185
1 0.426042 0.560185 0.0697917 0.0222222
1 0.846354 0.559259 0.102083 0.0277778
1 0.61849 0.556481 0.0411458 0.0296296
0 0.0700521 0.476852 0.0088542 0.0296296
0 0.08125 0.473611 0.009375 0.0361111
