1 0.235677 0.587037 0.159896 0.0203704
1 0.0513021 0.598148 0.0630208 0.0277778
2 0.0546875 0.559722 0.0229167 0.0916667
2 0.226823 0.549537 0.0119792 0.0638889
2 0.240625 0.549537 0.0125 0.0694444
2 0.352344 0.55 0.0203125 0.0777778
2 0.395573 0.547685 0.0119792 0.0564815
2 0.406771 0.537037 0.0083333 0.0611111
2 0.416406 0.539352 0.0109375 0.0601852
2 0.536458 0.555093 0.025 0.0861111
2 0.559896 0.552778 0.021875 0.0925926
2 0.573958 0.528241 0.0104167 0.0490741
2 0.919271 0.524074 0.009375 0.0351852
2 0.886198 0.524074 0.0088542 0.0314815
1 0.938542 0.555093 0.122917 0.0138889
