2 0.916667 0.465741 0.0322917 0.133333
2 0.678125 0.455556 0.0145833 0.0592593
2 0.584375 0.443056 0.0104167 0.0305556
2 0.809896 0.449537 0.0104167 0.0657407
2 0.86224 0.433796 0.0130208 0.0564815
2 0.878906 0.434722 0.0151042 0.0712963
2 0.598437 0.441204 0.0104167 0.0324074
2 0.968229 0.460185 0.025 0.0888889
2 0.730729 0.437037 0.0114583 0.0444444
2 0.647396 0.449074 0.0145833 0.0592593
2 0.846354 0.455093 0.009375 0.037963
2 0.815625 0.441204 0.0114583 0.0638889
2 0.820573 0.435648 0.0088542 0.0472222
