2 0.282813 0.536574 0.009375 0.0287037
1 0.728125 0.715741 0.528125 0.198148
2 0.567969 0.553241 0.0255208 0.123148
2 0.924219 0.5625 0.0328125 0.178704
2 0.883854 0.54537 0.0260417 0.148148
2 0.642448 0.539352 0.0192708 0.0935185
2 0.632552 0.535648 0.0140625 0.0768519
2 0.688021 0.546759 0.0229167 0.106481
2 0.857292 0.577315 0.0614583 0.189815
2 0.661198 0.548148 0.0171875 0.0759259
2 0.744792 0.529167 0.0135417 0.0861111
2 0.522917 0.530556 0.0145833 0.0740741
2 0.725 0.526852 0.0177083 0.1
