2 0.995833 0.499074 0.0083333 0.0888889
2 0.979688 0.506482 0.0270833 0.107407
2 0.961719 0.497222 0.0192708 0.107407
2 0.879167 0.489815 0.0125 0.0888889
2 0.871354 0.493056 0.021875 0.106481
2 0.853385 0.475463 0.0098958 0.0657407
2 0.845573 0.492593 0.0161458 0.1
2 0.832552 0.479167 0.0130208 0.0694444
2 0.795833 0.494907 0.0197917 0.119444
2 0.784115 0.493056 0.0244792 0.121296
2 0.705469 0.476389 0.0203125 0.075
2 0.556771 0.472222 0.0135417 0.0611111
2 0.535417 0.498611 0.0364583 0.143518
2 0.525 0.449074 0.009375 0.05
2 0.498437 0.480093 0.028125 0.106481
2 0.407552 0.490278 0.0276042 0.0990741
2 0.0882813 0.5125 0.0411458 0.143518
1 0.431771 0.528704 0.0885417 0.0388889
1 0.804427 0.523148 0.296354 0.0703704
1 0.607031 0.507407 0.125521 0.0388889
