2 0.619531 0.522685 0.0348958 0.132407
2 0.58151 0.478704 0.0098958 0.0592593
2 0.571354 0.486574 0.009375 0.037963
2 0.551042 0.489352 0.0104167 0.037963
2 0.560677 0.477315 0.0151042 0.0583333
2 0.525 0.475926 0.0125 0.0611111
2 0.517448 0.477315 0.0119792 0.0601852
2 0.516406 0.450926 0.0088542 0.0314815
2 0.504167 0.438889 0.0072917 0.0277778
2 0.3375 0.442593 0.0083333 0.0259259
2 0.270312 0.51713 0.0125 0.0527778
2 0.274479 0.507407 0.0114583 0.0555556
2 0.286719 0.494444 0.0161458 0.0796296
2 0.236198 0.506944 0.0161458 0.0787037
2 0.260417 0.504167 0.0166667 0.0805556
2 0.164323 0.517593 0.0140625 0.0648148
2 0.195833 0.502315 0.0197917 0.0990741
2 0.0565104 0.508796 0.0317708 0.139815
2 0.27526 0.490278 0.0151042 0.0712963
2 0.299219 0.514352 0.0130208 0.0509259
