2 0.215104 0.421296 0.0125 0.0537037
2 0.192708 0.421759 0.0145833 0.062037
2 0.201562 0.428704 0.009375 0.0444444
2 0.170052 0.40787 0.0088542 0.037963
2 0.0895833 0.426852 0.0135417 0.0962963
2 0.145052 0.410648 0.0098958 0.0398148
2 0.729167 0.427315 0.0104167 0.0564815
2 0.54401 0.413889 0.0109375 0.0537037
1 0.447917 0.473148 0.609375 0.0203704
1 0.445313 0.437037 0.142708 0.0092593
1 0.604688 0.439815 0.0739583 0.0148148
0 0.582292 0.278241 0.0260417 0.0194444
0 0.53724 0.274537 0.0255208 0.0212963
0 0.252865 0.351852 0.0078125 0.0277778
0 0.668229 0.365741 0.0083333 0.0240741
