1 0.325 0.862037 0.327083 0.17037
2 0.720833 0.605093 0.053125 0.286111
2 0.347135 0.559259 0.0151042 0.0425926
2 0.488281 0.591667 0.0421875 0.142593
2 0.573177 0.608333 0.0380208 0.17963
1 0.603385 0.627315 0.0369792 0.0509259
2 0.591146 0.565278 0.015625 0.0787037
2 0.615625 0.567593 0.0125 0.0685185
2 0.651042 0.588889 0.0395833 0.248148
2 0.751042 0.569907 0.0208333 0.110185
2 0.767187 0.568056 0.0197917 0.117593
2 0.810417 0.565741 0.0333333 0.166667
1 0.534896 0.615741 0.0489583 0.037037
2 0.605208 0.561111 0.0135417 0.0740741
2 0.94349 0.662963 0.0723958 0.461111
2 0.120833 0.561111 0.009375 0.05
2 0.835677 0.570833 0.0265625 0.152778
2 0.890365 0.575926 0.0359375 0.238889
