2 0.855469 0.526389 0.0265625 0.158333
2 0.814844 0.489815 0.0119792 0.0611111
2 0.451042 0.480093 0.0135417 0.0546296
2 0.428385 0.472685 0.0140625 0.0564815
2 0.34375 0.472685 0.0104167 0.0509259
2 0.321875 0.474074 0.0083333 0.05
2 0.329167 0.472222 0.0083333 0.0481481
2 0.336458 0.473148 0.0072917 0.0537037
0 0.152344 0.266667 0.0151042 0.0685185
1 0.285417 0.484259 0.028125 0.0092593
1 0.404948 0.565741 0.194271 0.124074
1 0.850781 0.637037 0.288021 0.0851852
1 0.889323 0.899537 0.215104 0.123148
2 0.507552 0.502778 0.0401042 0.168518
2 0.797656 0.481019 0.0109375 0.037963
2 0.985417 0.563889 0.0291667 0.192593
2 0.975781 0.494907 0.0130208 0.0583333
2 0.963021 0.5 0.0104167 0.0462963
0 0.378646 0.3875 0.0114583 0.0305556
