2 0.0697917 0.573148 0.0239583 0.107407
2 0.917969 0.691667 0.0713542 0.511111
1 0.3 0.844907 0.378125 0.202778
2 0.101302 0.580093 0.0244792 0.110185
2 0.70625 0.604167 0.05 0.269444
2 0.346094 0.561111 0.0161458 0.0462963
2 0.4875 0.591667 0.0427083 0.144444
2 0.566667 0.605093 0.0364583 0.171296
1 0.597396 0.626852 0.0385417 0.0481481
2 0.595312 0.571296 0.01875 0.0851852
2 0.616667 0.573611 0.0145833 0.0805556
2 0.640104 0.583796 0.03125 0.230556
2 0.742448 0.581019 0.0223958 0.141667
2 0.759375 0.568056 0.01875 0.112037
2 0.798177 0.569444 0.0328125 0.164815
2 0.0859375 0.568982 0.0135417 0.0916667
1 0.526563 0.614352 0.0458333 0.0305556
2 0.603385 0.563426 0.0130208 0.075
2 0.876302 0.66713 0.0671875 0.428704
