2 0.148177 0.448611 0.0098958 0.0435185
2 0.972917 0.47963 0.0385417 0.146296
2 0.94974 0.475463 0.0244792 0.141667
2 0.827604 0.455093 0.0177083 0.0824074
2 0.816406 0.451852 0.0098958 0.0611111
2 0.734896 0.457407 0.0145833 0.0796296
2 0.640885 0.443056 0.0098958 0.0416667
2 0.575 0.439815 0.0083333 0.0259259
2 0.710417 0.436111 0.009375 0.037037
2 0.744792 0.44213 0.0135417 0.062037
2 0.19974 0.458796 0.0161458 0.0490741
2 0.133854 0.449074 0.009375 0.0388889
2 0.141927 0.446759 0.0067708 0.0453704
2 0.698438 0.44537 0.0125 0.0592593
2 0.99401 0.453241 0.0109375 0.0564815
2 0.689062 0.441204 0.009375 0.0435185
