0 0.54974 0.38287 0.0078125 0.0231481
0 0.526823 0.351389 0.0088542 0.0287037
2 0.544271 0.422222 0.0125 0.0555556
2 0.583073 0.420833 0.0130208 0.062037
2 0.591667 0.418519 0.0125 0.0555556
1 0.39974 0.442593 0.0557292 0.0092593
1 0.532812 0.439815 0.059375 0.0111111
2 0.628125 0.422685 0.0166667 0.0787037
2 0.364062 0.426389 0.0114583 0.0490741
2 0.605729 0.416204 0.0135417 0.0472222
2 0.741406 0.418519 0.0182292 0.0796296
2 0.758333 0.434259 0.0208333 0.131481
2 0.784635 0.447222 0.0286458 0.125926
2 0.353906 0.427315 0.0067708 0.0416667
