2 0.184896 0.497685 0.0166667 0.0824074
2 0.57526 0.426852 0.0078125 0.0277778
2 0.589844 0.435185 0.0067708 0.0277778
2 0.654427 0.498148 0.0296875 0.124074
2 0.699479 0.479167 0.0229167 0.0953704
2 0.413021 0.47963 0.0125 0.062963
2 0.454427 0.47037 0.0119792 0.0425926
2 0.173698 0.49213 0.0119792 0.0694444
2 0.439063 0.480093 0.0177083 0.0564815
2 0.814062 0.488426 0.0260417 0.149074
2 0.465885 0.472685 0.0140625 0.0472222
2 0.397135 0.480093 0.0098958 0.037963
1 0.423177 0.566667 0.0640625 0.037037
