2 0.209896 0.418519 0.0125 0.0537037
2 0.185417 0.42037 0.015625 0.0611111
2 0.196094 0.428704 0.0088542 0.0407407
2 0.140885 0.409259 0.0109375 0.0425926
2 0.0835937 0.42963 0.0151042 0.0925926
2 0.0752604 0.425926 0.0171875 0.101852
2 0.733333 0.425 0.0104167 0.0592593
2 0.531771 0.409722 0.0114583 0.0546296
1 0.447396 0.466667 0.620833 0.0277778
1 0.445052 0.433333 0.144271 0.0092593
1 0.59974 0.435648 0.0890625 0.0138889
0 0.583854 0.271759 0.0260417 0.0194444
0 0.53776 0.268056 0.0255208 0.0212963
0 0.248177 0.347685 0.0078125 0.0287037
0 0.671354 0.360185 0.0083333 0.0240741
