2 0.0541667 0.543981 0.0427083 0.160185
2 0.08125 0.563426 0.0260417 0.0842593
2 0.0992187 0.518519 0.0328125 0.116667
2 0.119792 0.538426 0.0208333 0.0898148
2 0.159635 0.525 0.0203125 0.0666667
2 0.314844 0.45 0.0088542 0.0462963
2 0.308073 0.463889 0.0078125 0.0425926
2 0.540625 0.460185 0.0083333 0.0388889
2 0.691927 0.527315 0.0213542 0.0935185
2 0.725521 0.511111 0.0291667 0.127778
2 0.749479 0.523611 0.0239583 0.0953704
2 0.323958 0.459259 0.009375 0.0462963
2 0.572135 0.480556 0.0140625 0.0759259
2 0.685677 0.500463 0.0234375 0.115741
2 0.0127604 0.568519 0.0255208 0.242593
2 0.514583 0.431482 0.00625 0.0277778
2 0.533594 0.444444 0.0067708 0.0333333
2 0.295052 0.462037 0.0067708 0.0481481
