2 0.883333 0.527778 0.0197917 0.114815
2 0.835156 0.541204 0.0171875 0.112037
2 0.756771 0.568519 0.0239583 0.111111
2 0.692448 0.572685 0.0265625 0.110185
2 0.684375 0.574074 0.0166667 0.107407
2 0.634375 0.577315 0.021875 0.0916667
2 0.597135 0.582407 0.0213542 0.1
2 0.254167 0.556481 0.0125 0.05
2 0.214062 0.573148 0.0166667 0.0703704
2 0.120833 0.556018 0.0145833 0.0787037
2 0.0929688 0.565278 0.0192708 0.0935185
2 0.0645833 0.57963 0.0197917 0.0944444
2 0.0065104 0.539815 0.0109375 0.0648148
2 0.945833 0.513426 0.01875 0.102778
2 0.225781 0.560185 0.0098958 0.05
2 0.182812 0.580093 0.028125 0.0990741
2 0.867448 0.519444 0.0151042 0.0833333
2 0.0195312 0.555556 0.0140625 0.0925926
1 0.830729 0.625 0.248958 0.109259
1 0.427344 0.626389 0.468229 0.0305556
0 0.449479 0.280556 0.021875 0.0888889
0 0.542188 0.277778 0.0197917 0.0833333
