2 0.05625 0.559259 0.0125 0.0796296
2 0.0989583 0.561574 0.0135417 0.0712963
2 0.208333 0.615741 0.0739583 0.274074
2 0.278646 0.659259 0.120833 0.409259
2 0.554688 0.549074 0.0229167 0.118519
2 0.673698 0.588426 0.0348958 0.186111
2 0.711458 0.549537 0.0260417 0.14537
2 0.805469 0.531482 0.0567708 0.17963
0 0.251563 0.0972222 0.0395833 0.12963
0 0.413021 0.0958333 0.0322917 0.119444
1 0.0833333 0.737963 0.166667 0.146296
2 0.472135 0.638889 0.0359375 0.264815
2 0.416406 0.621759 0.0380208 0.237963
2 0.376563 0.61713 0.0354167 0.225
2 0.742448 0.555093 0.0307292 0.152778
2 0.685417 0.586111 0.04375 0.144444
2 0.0125 0.555093 0.0177083 0.0916667
2 0.359375 0.565741 0.0135417 0.0888889
2 0.453125 0.575463 0.015625 0.0898148
2 0.494792 0.661111 0.06875 0.344444
2 0.576823 0.684259 0.146354 0.412963
