2 0.96224 0.543056 0.0255208 0.110185
2 0.940625 0.550463 0.0208333 0.121296
1 0.364583 0.627778 0.260417 0.0388889
0 0.5375 0.425463 0.0239583 0.0212963
1 0.482812 0.571296 0.0604167 0.0111111
2 0.976042 0.540278 0.0177083 0.100926
2 0.764583 0.568056 0.015625 0.117593
2 0.307031 0.569907 0.0119792 0.0509259
2 0.740625 0.560185 0.0177083 0.0888889
2 0.726042 0.558333 0.0177083 0.0907407
2 0.295573 0.569444 0.0088542 0.0462963
2 0.777604 0.564352 0.0125 0.100926
2 0.785417 0.560648 0.0114583 0.0972222
2 0.758854 0.571296 0.0145833 0.1
