0 0.140885 0.474074 0.0057292 0.0166667
1 0.189844 0.63287 0.220313 0.0583333
2 0.598437 0.565278 0.0104167 0.0546296
2 0.688281 0.575463 0.0119792 0.0564815
2 0.840104 0.57963 0.0125 0.0537037
2 0.582031 0.584259 0.0161458 0.0888889
2 0.563542 0.583333 0.0177083 0.0888889
2 0.0520833 0.523611 0.0145833 0.0509259
2 0.710938 0.58287 0.0135417 0.062037
2 0.740625 0.575 0.0135417 0.0814815
2 0.822135 0.57963 0.0119792 0.0611111
1 0.571615 0.658796 0.105729 0.0453704
2 0.610937 0.564352 0.009375 0.0472222
0 0.167708 0.0162037 0.0802083 0.0324074
0 0.529948 0.50463 0.0067708 0.0240741
