2 0.0557292 0.530093 0.0166667 0.0861111
2 0.0700521 0.506482 0.0338542 0.135185
2 0.0984375 0.523148 0.0333333 0.177778
2 0.177083 0.489815 0.0229167 0.0907407
2 0.233854 0.482407 0.0104167 0.0611111
2 0.244271 0.483796 0.0125 0.0657407
2 0.365885 0.469444 0.0119792 0.0462963
2 0.645833 0.505093 0.025 0.128704
2 0.925781 0.575926 0.0588542 0.312963
2 0.828906 0.498611 0.0244792 0.137963
2 0.285417 0.483796 0.015625 0.0768519
2 0.585417 0.480093 0.0083333 0.0675926
2 0.303646 0.486111 0.0083333 0.0296296
