1 0.804167 0.464352 0.202083 0.0472222
1 0.42526 0.517593 0.752604 0.0666667
1 0.0447917 0.491667 0.0895833 0.0388889
2 0.0802083 0.462037 0.0395833 0.118519
2 0.101563 0.44213 0.0114583 0.0694444
2 0.14349 0.465741 0.0359375 0.162963
2 0.179688 0.449537 0.0270833 0.0935185
2 0.621615 0.421296 0.0192708 0.0777778
2 0.830469 0.431019 0.0265625 0.156482
1 0.496094 0.441667 0.164063 0.0148148
1 0.332031 0.449074 0.0432292 0.0148148
0 0.56901 0.306944 0.0119792 0.0453704
0 0.615365 0.359722 0.0109375 0.0342593
