2 0.98724 0.533333 0.0192708 0.109259
2 0.945313 0.57037 0.03125 0.146296
2 0.913802 0.537037 0.0192708 0.0962963
2 0.879167 0.563426 0.0270833 0.15463
2 0.86224 0.541204 0.0171875 0.108333
2 0.844792 0.557407 0.028125 0.146296
2 0.765885 0.539815 0.0140625 0.062963
2 0.746094 0.548148 0.0119792 0.062963
2 0.678125 0.543056 0.0125 0.0527778
2 0.667969 0.550926 0.0140625 0.0703704
2 0.03125 0.573611 0.0114583 0.0527778
1 0.392708 0.697685 0.217708 0.0972222
1 0.775 0.683333 0.45 0.116667
0 0.543229 0.385648 0.0291667 0.0231481
