2 0.0734375 0.531018 0.0166667 0.0842593
2 0.0882813 0.508333 0.0328125 0.131481
2 0.120573 0.519907 0.0307292 0.163889
2 0.184896 0.4875 0.0229167 0.0916667
2 0.239583 0.483333 0.0104167 0.062963
2 0.25 0.48287 0.0125 0.0657407
2 0.366667 0.468982 0.0114583 0.0453704
2 0.636458 0.505093 0.0239583 0.123148
2 0.866927 0.563889 0.0505208 0.268519
2 0.807552 0.497222 0.0234375 0.131481
2 0.291146 0.48287 0.0145833 0.0731481
2 0.0148437 0.499537 0.0296875 0.167593
2 0.581771 0.479167 0.0083333 0.0657407
