1 0.789583 0.635648 0.259375 0.0564815
1 0.308594 0.656482 0.370313 0.062963
1 0.442969 0.576852 0.0880208 0.0111111
0 0.539844 0.412963 0.0265625 0.0240741
2 0.898177 0.547685 0.0192708 0.0898148
2 0.870573 0.576389 0.0244792 0.158333
2 0.857031 0.582407 0.0182292 0.137037
2 0.838281 0.574074 0.0213542 0.114815
2 0.790625 0.568519 0.021875 0.116667
2 0.772135 0.565278 0.0223958 0.113889
2 0.710677 0.55463 0.0088542 0.0481481
2 0.717448 0.553704 0.0098958 0.0518519
2 0.65026 0.5625 0.0088542 0.0564815
2 0.270312 0.573611 0.0114583 0.0509259
2 0.284635 0.573148 0.0109375 0.0518519
