2 0.58151 0.473611 0.0182292 0.0824074
2 0.398698 0.469907 0.0213542 0.0675926
2 0.363802 0.472685 0.0213542 0.0935185
2 0.325521 0.476852 0.0135417 0.087037
2 0.288542 0.469907 0.0229167 0.0731481
2 0.239063 0.477778 0.0145833 0.0740741
2 0.171354 0.466204 0.0072917 0.037963
2 0.109896 0.487963 0.01875 0.0740741
2 0.0914062 0.486574 0.0182292 0.0842593
2 0.0760417 0.493519 0.0125 0.0666667
2 0.0671875 0.49213 0.0114583 0.0731481
2 0.05 0.483333 0.0104167 0.0518519
2 0.0416667 0.477315 0.0083333 0.0416667
2 0.0283854 0.48287 0.0119792 0.0527778
2 0.207813 0.459259 0.0052083 0.0222222
1 0.355729 0.51713 0.482292 0.0305556
0 0.269531 0.425926 0.0067708 0.0185185
0 0.551823 0.393056 0.0088542 0.0231481
0 0.570313 0.393519 0.0072917 0.0222222
