2 0.832552 0.655093 0.0526042 0.317593
2 0.477083 0.686574 0.115625 0.400926
2 0.290104 0.580093 0.028125 0.110185
2 0.0565104 0.625463 0.0828125 0.29537
2 0.145052 0.575926 0.0265625 0.103704
2 0.0328125 0.565741 0.015625 0.0814815
1 0.0166667 0.732407 0.0302083 0.101852
1 0.284896 0.81713 0.326042 0.236111
2 0.795833 0.64213 0.0666667 0.412037
2 0.266667 0.59537 0.04375 0.161111
2 0.723177 0.615741 0.0588542 0.353704
2 0.893229 0.637963 0.05625 0.366667
2 0.51875 0.645833 0.0333333 0.287963
2 0.647917 0.669907 0.0635417 0.35463
2 0.564323 0.549074 0.0265625 0.118519
2 0.607813 0.585648 0.0322917 0.199074
2 0.740104 0.675926 0.0489583 0.311111
2 0.227344 0.571296 0.0182292 0.0907407
2 0.698958 0.576389 0.0229167 0.130556
2 0.686458 0.568056 0.0229167 0.143518
2 0.552083 0.650463 0.046875 0.284259
0 0.411458 0.0615741 0.0333333 0.123148
0 0.23776 0.0652778 0.0328125 0.130556
