2 0.74349 0.655093 0.0609375 0.273148
2 0.682813 0.655556 0.0395833 0.240741
2 0.674219 0.572685 0.0317708 0.162037
2 0.508073 0.706482 0.139062 0.440741
2 0.483073 0.618518 0.0442708 0.237037
2 0.429688 0.623148 0.04375 0.246296
2 0.32474 0.573148 0.0213542 0.0851852
2 0.304427 0.569907 0.0171875 0.0861111
2 0.264323 0.566204 0.0161458 0.087963
2 0.163281 0.635648 0.0984375 0.350926
2 0.129427 0.575926 0.0234375 0.0981481
2 0.0908854 0.5625 0.0140625 0.0731481
2 0.0408854 0.558333 0.0151042 0.0777778
1 0.0549479 0.752778 0.109896 0.162963
1 0.33099 0.767593 0.200521 0.181481
0 0.239583 0.0819444 0.0333333 0.130556
0 0.407031 0.0782407 0.0317708 0.121296
2 0.651042 0.663889 0.0489583 0.35
2 0.25 0.602315 0.0572917 0.208333
2 0.624479 0.615278 0.0625 0.317593
2 0.771094 0.625463 0.0463542 0.325
2 0.811198 0.546296 0.0359375 0.157407
2 0.457292 0.625 0.0239583 0.233333
2 0.588542 0.552778 0.028125 0.138889
