2 0.0122396 0.564352 0.0161458 0.0898148
2 0.0632812 0.561111 0.0130208 0.0814815
2 0.0768229 0.556944 0.0140625 0.0787037
2 0.103646 0.562037 0.0135417 0.0703704
2 0.233333 0.574537 0.0197917 0.0935185
2 0.410937 0.613426 0.0354167 0.225
2 0.182552 0.640741 0.106771 0.366667
2 0.326823 0.68287 0.129688 0.475
2 0.42526 0.581482 0.0203125 0.112963
2 0.275781 0.592593 0.0244792 0.101852
2 0.448958 0.591667 0.025 0.0981481
2 0.492969 0.578704 0.0234375 0.12963
2 0.532812 0.620833 0.0385417 0.160185
2 0.553125 0.550463 0.01875 0.123148
2 0.651563 0.556481 0.03125 0.183333
2 0.674479 0.548611 0.021875 0.134259
2 0.703385 0.553704 0.0390625 0.207407
2 0.736719 0.569907 0.0328125 0.184259
2 0.78125 0.538889 0.046875 0.303704
2 0.572396 0.701852 0.140625 0.464815
0 0.257552 0.10787 0.0390625 0.126852
0 0.415625 0.105093 0.0322917 0.119444
1 0.0632812 0.732407 0.126563 0.135185
1 0.248437 0.736574 0.0604167 0.14537
1 0.490885 0.60463 0.0484375 0.0296296
