1 0.492969 0.578704 0.0776042 0.012963
0 0.519271 0.453241 0.01875 0.0194444
2 0.927083 0.552778 0.0208333 0.12963
2 0.941146 0.575926 0.0427083 0.175926
2 0.173438 0.563426 0.0135417 0.0638889
2 0.848177 0.546759 0.0171875 0.100926
2 0.8625 0.543981 0.0177083 0.0972222
2 0.896354 0.530556 0.0166667 0.0777778
2 0.882292 0.539352 0.01875 0.108333
2 0.184635 0.565741 0.0130208 0.0574074
2 0.197135 0.556944 0.0130208 0.0416667
2 0.209375 0.55463 0.009375 0.0425926
2 0.226042 0.563426 0.0104167 0.0509259
2 0.136719 0.563426 0.0109375 0.0675926
2 0.146875 0.573611 0.0125 0.0694444
