2 0.595052 0.403241 0.0140625 0.0601852
2 0.79974 0.416667 0.0307292 0.131481
2 0.859115 0.465741 0.0359375 0.187037
2 0.516406 0.408333 0.0151042 0.0555556
2 0.501562 0.406018 0.0083333 0.0472222
2 0.479688 0.40463 0.009375 0.0425926
2 0.471615 0.405556 0.0098958 0.037037
2 0.460677 0.401852 0.0078125 0.0333333
2 0.465365 0.405093 0.0057292 0.0287037
2 0.452344 0.406018 0.0078125 0.0472222
2 0.954167 0.423611 0.021875 0.0916667
2 0.0135417 0.46713 0.0270833 0.110185
1 0.3625 0.493519 0.44375 0.0481481
1 0.931771 0.541204 0.135417 0.0509259
0 0.430469 0.356481 0.0067708 0.0222222
