2 0.427344 0.539352 0.0171875 0.0601852
2 0.493229 0.549537 0.0135417 0.0638889
2 0.615625 0.558796 0.0104167 0.0472222
2 0.625 0.562963 0.0125 0.0703704
2 0.633333 0.564352 0.009375 0.0546296
2 0.734375 0.627315 0.040625 0.221296
2 0.769271 0.589352 0.0197917 0.10463
2 0.805729 0.646296 0.0364583 0.216667
1 0.775 0.635185 0.432292 0.124074
0 0.0445313 0.435185 0.0078125 0.0240741
0 0.352083 0.430556 0.0197917 0.0148148
0 0.534115 0.484722 0.0088542 0.0231481
2 0.79375 0.589352 0.0145833 0.0953704
