2 0.588542 0.476389 0.0166667 0.0694444
2 0.673698 0.528241 0.0557292 0.199074
2 0.567708 0.474537 0.015625 0.0675926
2 0.55026 0.487037 0.0119792 0.0351852
2 0.523958 0.474537 0.0125 0.0509259
2 0.511198 0.475 0.0130208 0.0537037
2 0.513802 0.441667 0.0078125 0.0259259
2 0.504948 0.43287 0.0067708 0.0342593
2 0.3375 0.444444 0.0104167 0.037037
2 0.279687 0.510185 0.015625 0.062963
2 0.255729 0.495833 0.0197917 0.0898148
2 0.247135 0.518056 0.0151042 0.0601852
2 0.236979 0.504167 0.0166667 0.0861111
2 0.190885 0.516204 0.0265625 0.0916667
2 0.169531 0.513426 0.0255208 0.112037
2 0.0307292 0.502315 0.0354167 0.165741
2 0.111979 0.512963 0.0197917 0.0944444
2 0.127865 0.525926 0.0151042 0.0518519
2 0.599479 0.4875 0.0114583 0.0490741
2 0.492188 0.418981 0.00625 0.0231481
2 0.320313 0.436574 0.00625 0.0268519
2 0.558333 0.484722 0.0083333 0.037963
