1 0.336458 0.643982 0.321875 0.0416667
0 0.540885 0.4125 0.0255208 0.0231481
1 0.469271 0.568982 0.0822917 0.012037
2 0.823698 0.566667 0.0192708 0.144444
2 0.294792 0.568056 0.0125 0.0527778
2 0.770573 0.557407 0.0203125 0.101852
2 0.753906 0.555556 0.0203125 0.103704
2 0.282031 0.567593 0.0088542 0.0462963
2 0.815104 0.571759 0.0166667 0.119444
2 0.836198 0.565278 0.0182292 0.121296
1 0.77526 0.619907 0.210938 0.0509259
2 0.873958 0.543056 0.015625 0.087963
2 0.178385 0.563889 0.0119792 0.0537037
2 0.7 0.546759 0.0114583 0.0490741
2 0.705469 0.543518 0.0098958 0.05
