2 0.065625 0.559722 0.015625 0.0787037
2 0.103906 0.561111 0.0130208 0.0722222
2 0.247917 0.571296 0.0260417 0.0981481
2 0.174219 0.67963 0.116146 0.453704
2 0.348177 0.681944 0.136979 0.482407
2 0.511719 0.624074 0.0401042 0.203704
2 0.532812 0.609259 0.0291667 0.188889
2 0.557292 0.596759 0.0427083 0.180556
2 0.570052 0.70463 0.129688 0.477778
2 0.635417 0.550926 0.0333333 0.166667
2 0.682292 0.566667 0.0572917 0.231482
2 0.755469 0.543056 0.0494792 0.299074
0 0.257552 0.1 0.0307292 0.140741
0 0.414844 0.104167 0.0307292 0.115741
1 0.0486979 0.721759 0.0973958 0.113889
1 0.258854 0.735648 0.10625 0.147222
2 0.44401 0.585648 0.0213542 0.0898148
2 0.0091146 0.556018 0.0182292 0.0972222
2 0.421354 0.575 0.0208333 0.105556
2 0.465885 0.565741 0.0223958 0.0740741
2 0.483333 0.578241 0.021875 0.10463
2 0.551823 0.548611 0.0213542 0.117593
2 0.728646 0.575926 0.0302083 0.203704
2 0.935417 0.575463 0.046875 0.275
