0 0.152865 0.481481 0.0057292 0.0166667
0 0.2125 0.102315 0.0645833 0.0490741
1 0.198437 0.623148 0.179167 0.0388889
2 0.595312 0.568982 0.009375 0.0490741
2 0.682552 0.579167 0.0130208 0.0546296
2 0.726563 0.577315 0.0114583 0.0824074
2 0.792708 0.580093 0.0114583 0.0601852
2 0.808594 0.581482 0.0151042 0.062963
2 0.567708 0.583333 0.0135417 0.0740741
2 0.554427 0.583796 0.0161458 0.0805556
2 0.0669271 0.531482 0.0098958 0.05
2 0.159635 0.537963 0.0078125 0.0314815
2 0.711198 0.580556 0.0109375 0.062963
