2 0.972396 0.571759 0.0385417 0.202778
2 0.94401 0.586111 0.0526042 0.201852
2 0.872917 0.523148 0.0270833 0.112963
2 0.822917 0.536111 0.0270833 0.112963
2 0.748177 0.566204 0.0213542 0.112037
2 0.684896 0.570833 0.0260417 0.106481
2 0.669792 0.568519 0.0229167 0.105556
2 0.631771 0.569907 0.0197917 0.0898148
2 0.586198 0.575 0.0276042 0.0925926
2 0.254167 0.550463 0.0125 0.0490741
2 0.218229 0.567593 0.0177083 0.0740741
2 0.184375 0.574074 0.0229167 0.1
2 0.177604 0.550463 0.0104167 0.0564815
2 0.123958 0.552778 0.0145833 0.0777778
2 0.0979167 0.559722 0.021875 0.0916667
2 0.0632812 0.577778 0.0192708 0.0981481
2 0.0268229 0.552778 0.0151042 0.087037
2 0.0070313 0.536111 0.0119792 0.0703704
2 0.936458 0.506944 0.0197917 0.10463
2 0.0158854 0.549537 0.0130208 0.0601852
2 0.196354 0.577315 0.0145833 0.0953704
1 0.821875 0.613426 0.233333 0.100926
1 0.427604 0.619907 0.466667 0.0305556
0 0.449479 0.274074 0.021875 0.0888889
0 0.542188 0.272222 0.0197917 0.0833333
