0 0.14349 0.475 0.0057292 0.0166667
1 0.188021 0.623148 0.2 0.0407407
2 0.596615 0.564815 0.0098958 0.0537037
2 0.685417 0.575463 0.0114583 0.0564815
2 0.83125 0.580556 0.0145833 0.062963
2 0.578646 0.583333 0.0145833 0.0814815
2 0.560156 0.583333 0.0171875 0.087037
2 0.0557292 0.525926 0.0145833 0.0518519
2 0.710417 0.581944 0.0135417 0.062037
2 0.7375 0.575463 0.0135417 0.0805556
2 0.814062 0.578241 0.0114583 0.0583333
0 0.178125 0.0300926 0.078125 0.0601852
0 0.529427 0.50463 0.0057292 0.0222222
