2 0.903906 0.493056 0.0130208 0.075
2 0.832031 0.489352 0.0119792 0.0527778
2 0.802604 0.540741 0.0375 0.227778
2 0.76901 0.537963 0.0401042 0.222222
2 0.655729 0.506019 0.0354167 0.115741
2 0.24401 0.484722 0.0182292 0.0805556
2 0.226302 0.488889 0.0161458 0.0759259
2 0.200781 0.491204 0.0192708 0.0657407
2 0.19375 0.481019 0.0166667 0.0712963
2 0.161458 0.499074 0.01875 0.0907407
2 0.0627604 0.49213 0.0098958 0.0638889
2 0.0716146 0.490741 0.0130208 0.0740741
2 0.0885417 0.4875 0.0145833 0.0638889
2 0.09375 0.49213 0.0135417 0.0657407
2 0.0419271 0.490278 0.0192708 0.0675926
1 0.496615 0.719907 0.993229 0.375
0 0.128906 0.366204 0.0130208 0.0398148
