2 0.98125 0.597685 0.0375 0.200926
2 0.964063 0.578241 0.0375 0.223148
2 0.864062 0.537963 0.0197917 0.101852
2 0.851563 0.534259 0.0208333 0.0944444
2 0.823177 0.528704 0.0276042 0.0907407
2 0.797396 0.588426 0.0427083 0.176852
2 0.78125 0.585648 0.03125 0.15463
2 0.761979 0.588426 0.0458333 0.167593
2 0.72526 0.561574 0.0223958 0.106481
2 0.649219 0.575926 0.0161458 0.105556
2 0.569792 0.570833 0.0208333 0.100926
2 0.538281 0.57037 0.0192708 0.107407
2 0.513281 0.571296 0.0317708 0.111111
2 0.49375 0.573611 0.01875 0.0935185
2 0.261979 0.570833 0.025 0.106481
2 0.24375 0.569907 0.0145833 0.0731481
2 0.221875 0.552315 0.0104167 0.0546296
2 0.227604 0.553241 0.0072917 0.0490741
2 0.179167 0.576389 0.0260417 0.0824074
2 0.163802 0.558796 0.0130208 0.0675926
2 0.109115 0.554167 0.0161458 0.0972222
2 0.0697917 0.557407 0.021875 0.0814815
2 0.0255208 0.553704 0.0135417 0.0666667
2 0.0153646 0.547222 0.0109375 0.0555556
2 0.0072917 0.537963 0.0104167 0.0648148
2 0.0447917 0.584722 0.021875 0.106481
1 0.430729 0.61713 0.471875 0.0305556
1 0.879687 0.6125 0.140625 0.10463
0 0.449479 0.274074 0.021875 0.0888889
0 0.542188 0.271296 0.0197917 0.0833333
