2 0.170573 0.513889 0.0130208 0.0648148
2 0.203646 0.5125 0.015625 0.0398148
2 0.258073 0.496759 0.0161458 0.0657407
2 0.26901 0.514815 0.0130208 0.0518519
2 0.298177 0.491667 0.0151042 0.0685185
2 0.54375 0.476852 0.0125 0.0611111
2 0.559115 0.496296 0.0223958 0.0981481
2 0.586458 0.475 0.0125 0.0537037
2 0.0526042 0.506944 0.0322917 0.160185
2 0.534115 0.474537 0.0130208 0.0527778
2 0.291927 0.508796 0.0140625 0.0509259
2 0.624219 0.471759 0.0182292 0.0638889
2 0.521354 0.45 0.0072917 0.0351852
2 0.191146 0.501852 0.0125 0.087037
