2 0.653125 0.558796 0.025 0.100926
2 0.684896 0.559259 0.0364583 0.138889
0 0.505729 0.494444 0.0104167 0.0111111
2 0.747135 0.5375 0.0171875 0.0768519
2 0.165104 0.585648 0.0177083 0.0694444
2 0.357031 0.570833 0.0140625 0.0546296
2 0.703125 0.541667 0.0104167 0.0722222
2 0.722135 0.522222 0.0109375 0.0537037
2 0.575 0.55 0.0083333 0.0388889
2 0.714323 0.535648 0.0130208 0.0712963
2 0.339063 0.572685 0.0114583 0.0564815
2 0.328385 0.57037 0.0109375 0.0481481
2 0.0304687 0.580556 0.0140625 0.0703704
