2 0.552865 0.411111 0.0109375 0.0555556
2 0.945573 0.441204 0.0453125 0.176852
0 0.466146 0.357407 0.00625 0.0259259
2 0.524219 0.406482 0.0119792 0.0574074
2 0.0927083 0.468518 0.0302083 0.137037
2 0.66849 0.406482 0.0182292 0.1
2 0.615365 0.416667 0.0140625 0.0666667
2 0.576563 0.415278 0.0197917 0.0694444
1 0.389844 0.59213 0.778646 0.126852
2 0.757552 0.410648 0.0213542 0.0805556
2 0.572135 0.419907 0.0098958 0.0361111
2 0.567448 0.423611 0.0098958 0.0324074
2 0.186198 0.459259 0.0296875 0.107407
