2 0.255729 0.472685 0.0072917 0.0453704
2 0.264323 0.472222 0.0067708 0.0462963
2 0.273958 0.475926 0.0083333 0.0518519
2 0.28125 0.474537 0.0104167 0.0527778
2 0.353385 0.482407 0.0276042 0.125926
2 0.360417 0.491204 0.0375 0.10463
2 0.557813 0.51713 0.03125 0.175
2 0.815885 0.491667 0.0151042 0.0666667
2 0.778125 0.479167 0.009375 0.037963
2 0.883854 0.534259 0.0260417 0.192593
2 0.924219 0.493056 0.0098958 0.0435185
0 0.0695313 0.247685 0.0161458 0.0731481
1 0.213802 0.484259 0.0505208 0.0092593
1 0.407031 0.583333 0.378646 0.155556
2 0.94974 0.490278 0.0130208 0.0564815
2 0.763802 0.478704 0.0109375 0.0444444
2 0.596354 0.50787 0.0239583 0.150926
2 0.410677 0.475 0.0151042 0.0537037
1 0.63125 0.687963 0.733333 0.12963
2 0.425781 0.472222 0.0109375 0.0407407
2 0.983854 0.495833 0.0135417 0.0657407
0 0.314583 0.379167 0.0125 0.0324074
