2 0.18151 0.431482 0.0140625 0.0611111
2 0.155469 0.434722 0.0171875 0.0675926
2 0.164583 0.442593 0.0104167 0.05
2 0.117188 0.416667 0.0114583 0.0407407
2 0.0184896 0.45 0.0192708 0.114815
2 0.0822917 0.423611 0.0083333 0.0305556
2 0.754687 0.435185 0.0114583 0.0648148
2 0.441406 0.418519 0.0130208 0.0648148
2 0.723958 0.432407 0.0114583 0.0592593
1 0.43724 0.493982 0.739062 0.0453704
1 0.35651 0.447222 0.105729 0.0111111
1 0.566927 0.446296 0.185937 0.0166667
0 0.593229 0.269444 0.028125 0.0203704
0 0.542969 0.266204 0.0276042 0.0231481
0 0.224219 0.352778 0.0088542 0.0296296
0 0.690885 0.366204 0.0078125 0.025
