2 0.965365 0.512037 0.0307292 0.109259
2 0.922656 0.5125 0.0192708 0.100926
2 0.893229 0.506482 0.0145833 0.0777778
2 0.904427 0.57963 0.0536458 0.183333
2 0.883594 0.574537 0.0192708 0.152778
2 0.867188 0.590741 0.046875 0.192593
2 0.82526 0.535648 0.0296875 0.10463
2 0.785677 0.546759 0.0255208 0.10463
2 0.707031 0.572685 0.0182292 0.102778
2 0.624219 0.571296 0.0203125 0.114815
2 0.607552 0.570833 0.0171875 0.110185
2 0.547917 0.575 0.021875 0.0925926
2 0.254687 0.549074 0.0072917 0.0444444
2 0.23125 0.568982 0.0145833 0.0768519
2 0.226302 0.575 0.0192708 0.0907407
2 0.218229 0.573611 0.025 0.0990741
2 0.178906 0.55 0.0130208 0.0592593
2 0.127865 0.560185 0.0203125 0.0888889
2 0.0583333 0.582407 0.0229167 0.107407
2 0.028125 0.554167 0.015625 0.0787037
2 0.0153646 0.553241 0.0130208 0.0712963
2 0.0067708 0.542593 0.0135417 0.0814815
1 0.430729 0.61713 0.471875 0.0305556
1 0.952083 0.630093 0.0927083 0.110185
1 0.782812 0.609259 0.140625 0.0907407
0 0.449479 0.274074 0.021875 0.0888889
0 0.542188 0.271296 0.0197917 0.0833333
