2 0.200521 0.501389 0.0197917 0.087963
2 0.574479 0.431944 0.0072917 0.0268519
2 0.590104 0.44213 0.0072917 0.0287037
2 0.589844 0.499537 0.0213542 0.0805556
2 0.64401 0.499074 0.0265625 0.116667
2 0.690625 0.484259 0.0208333 0.0944444
2 0.419271 0.481481 0.0135417 0.0574074
2 0.460417 0.474074 0.0114583 0.0481481
2 0.186719 0.494444 0.0119792 0.062963
2 0.390104 0.508333 0.0166667 0.0944444
2 0.448958 0.485185 0.0125 0.0518519
2 0.793229 0.488889 0.025 0.137037
1 0.429167 0.564352 0.0614583 0.0361111
