2 0.0252604 0.600463 0.0390625 0.160185
2 0.298438 0.571759 0.021875 0.0861111
2 0.952344 0.529167 0.0234375 0.113889
1 0.501042 0.568982 0.078125 0.0101852
0 0.51875 0.451389 0.0166667 0.0175926
2 0.0916667 0.573611 0.0239583 0.0972222
2 0.826563 0.54213 0.01875 0.0916667
2 0.796875 0.526852 0.0135417 0.0592593
2 0.863802 0.543981 0.0182292 0.112037
2 0.87526 0.571296 0.0317708 0.15
2 0.895312 0.54213 0.025 0.112037
2 0.811719 0.540278 0.0161458 0.0861111
2 0.84349 0.539352 0.0182292 0.087963
2 0.217187 0.55463 0.0125 0.0574074
2 0.316927 0.561111 0.0161458 0.0537037
