2 0.775521 0.441667 0.0125 0.0703704
2 0.211719 0.451389 0.0192708 0.0768519
2 0.747917 0.44213 0.0145833 0.0768519
2 0.0953125 0.461574 0.015625 0.0768519
2 0.107813 0.469444 0.015625 0.062963
2 0.12474 0.458796 0.0130208 0.0712963
1 0.488021 0.465278 0.403125 0.025
1 0.459115 0.549537 0.918229 0.0824074
1 0.870313 0.498148 0.203125 0.0425926
0 0.601302 0.25787 0.0307292 0.0231481
0 0.545313 0.255556 0.03125 0.0259259
0 0.175781 0.3625 0.0098958 0.0324074
0 0.715365 0.363426 0.0088542 0.0287037
