2 0.186719 0.436111 0.0109375 0.0611111
2 0.161198 0.435185 0.0171875 0.0666667
2 0.170833 0.443056 0.0104167 0.0509259
2 0.121615 0.417593 0.0109375 0.0388889
2 0.0307292 0.45 0.0177083 0.105556
2 0.0848958 0.424537 0.0083333 0.0305556
2 0.0096354 0.448148 0.0171875 0.114815
2 0.133594 0.42037 0.0088542 0.0351852
2 0.750781 0.440278 0.0109375 0.062037
2 0.459896 0.422685 0.0125 0.062037
2 0.720833 0.436111 0.0114583 0.0592593
1 0.439063 0.49537 0.723958 0.0444444
1 0.36875 0.449074 0.123958 0.012963
1 0.573958 0.450463 0.166667 0.0157407
0 0.591927 0.275926 0.0276042 0.0203704
0 0.542708 0.272685 0.0270833 0.0231481
0 0.229167 0.356019 0.0083333 0.0287037
0 0.68724 0.371759 0.0078125 0.025
