2 0.88776 0.526852 0.0213542 0.105556
2 0.867448 0.60463 0.0411458 0.203704
2 0.835156 0.59213 0.0317708 0.213889
2 0.790885 0.551389 0.0317708 0.106481
2 0.760156 0.549074 0.0171875 0.0925926
2 0.753385 0.564352 0.0223958 0.0990741
2 0.739844 0.573611 0.0203125 0.102778
2 0.705729 0.584259 0.0364583 0.164815
2 0.673177 0.587037 0.0401042 0.162963
2 0.588542 0.576852 0.0208333 0.105556
2 0.515625 0.575 0.028125 0.111111
2 0.442969 0.575926 0.0161458 0.0888889
2 0.418229 0.572222 0.0197917 0.111111
2 0.313021 0.571296 0.01875 0.112963
2 0.265104 0.568519 0.0166667 0.0796296
2 0.242969 0.573148 0.0255208 0.0962963
2 0.21276 0.570833 0.0182292 0.0805556
2 0.172396 0.568056 0.0270833 0.0972222
2 0.119531 0.560648 0.0182292 0.0842593
2 0.0708333 0.560648 0.0166667 0.0861111
2 0.0151042 0.547222 0.0135417 0.0555556
2 0.0072917 0.541204 0.0125 0.075
2 0.41276 0.57037 0.0182292 0.107407
2 0.188802 0.55 0.0088542 0.0537037
2 0.691146 0.571759 0.0229167 0.110185
2 0.226563 0.550926 0.009375 0.0518519
2 0.180208 0.550926 0.0104167 0.0611111
1 0.42474 0.61713 0.450521 0.0305556
1 0.772656 0.600463 0.110937 0.0842593
1 0.939583 0.635648 0.120833 0.119444
0 0.449479 0.274074 0.021875 0.0888889
0 0.542188 0.271296 0.0197917 0.0833333
