2 0.953646 0.424537 0.0239583 0.117593
2 0.944792 0.483796 0.0270833 0.141667
2 0.922917 0.491204 0.0229167 0.102778
2 0.871354 0.45787 0.0291667 0.176852
2 0.803125 0.425 0.0239583 0.140741
2 0.790104 0.422222 0.0177083 0.0962963
2 0.638021 0.421296 0.0125 0.0814815
2 0.64974 0.403241 0.0109375 0.0453704
2 0.610417 0.408796 0.015625 0.0527778
2 0.546354 0.411574 0.0125 0.0453704
2 0.352344 0.421296 0.0109375 0.0555556
2 0.340365 0.422685 0.0088542 0.0435185
1 0.380208 0.440741 0.1125 0.0148148
1 0.532552 0.435185 0.0505208 0.0092593
0 0.523438 0.342593 0.0072917 0.0296296
0 0.547135 0.375 0.0088542 0.0222222
2 0.589583 0.415741 0.0104167 0.0592593
