2 0.340625 0.480556 0.0239583 0.153704
2 0.384635 0.451852 0.0109375 0.0481481
2 0.463021 0.463426 0.0333333 0.102778
2 0.535156 0.477315 0.0484375 0.180556
2 0.714583 0.451852 0.0197917 0.087037
2 0.988542 0.436111 0.0125 0.0648148
2 0.89375 0.434259 0.0135417 0.0611111
2 0.914583 0.43287 0.0125 0.0546296
2 0.563281 0.476852 0.0463542 0.15
2 0.059375 0.477315 0.009375 0.0490741
1 0.43125 0.558796 0.707292 0.0675926
0 0.576042 0.343518 0.0072917 0.0296296
0 0.86849 0.364815 0.0098958 0.0333333
0 0.878906 0.36713 0.0078125 0.025
