0 0.545833 0.377315 0.0072917 0.0212963
0 0.526042 0.347685 0.0083333 0.0268519
2 0.534115 0.412037 0.0109375 0.0481481
2 0.567187 0.410648 0.0104167 0.0509259
2 0.578125 0.408333 0.0114583 0.05
2 0.759115 0.424537 0.0255208 0.121296
2 0.89401 0.447685 0.0390625 0.143518
1 0.414323 0.429167 0.0588542 0.0101852
1 0.527344 0.427778 0.0515625 0.0092593
2 0.603906 0.4125 0.0130208 0.062037
2 0.988021 0.446759 0.0239583 0.210185
2 0.804427 0.408333 0.0130208 0.0611111
2 0.377083 0.415278 0.0104167 0.0435185
