2 0.89375 0.680093 0.116667 0.573148
2 0.715625 0.526389 0.0416667 0.200926
2 0.692448 0.521296 0.0348958 0.196296
2 0.623698 0.493982 0.0203125 0.100926
2 0.298698 0.481019 0.0151042 0.075
2 0.269531 0.483333 0.0140625 0.0740741
2 0.241927 0.481019 0.0182292 0.075
2 0.14349 0.4875 0.0151042 0.0675926
2 0.101302 0.481944 0.0223958 0.087963
2 0.216406 0.489815 0.0171875 0.087037
1 0.075 0.494444 0.01875 0.0092593
1 0.41875 0.7125 0.8375 0.350926
1 0.810417 0.852315 0.379167 0.19537
2 0.935938 0.493519 0.015625 0.0574074
2 0.120312 0.487963 0.0135417 0.0666667
2 0.130469 0.486574 0.0119792 0.0638889
0 0.177865 0.369444 0.0140625 0.0388889
