2 0.548437 0.446759 0.0166667 0.0638889
2 0.570313 0.44537 0.0145833 0.0777778
2 0.16901 0.492593 0.0296875 0.109259
2 0.398698 0.45787 0.0151042 0.0675926
2 0.316146 0.466204 0.0125 0.0638889
2 0.376042 0.455556 0.0135417 0.0611111
2 0.690104 0.430093 0.0114583 0.0435185
2 0.147135 0.464815 0.0088542 0.037037
2 0.120052 0.469444 0.0119792 0.0574074
2 0.780469 0.428704 0.0109375 0.0462963
2 0.10651 0.461574 0.0109375 0.0472222
2 0.807552 0.428704 0.0078125 0.0407407
2 0.651302 0.430556 0.0088542 0.0351852
0 0.29401 0.161574 0.0244792 0.0916667
0 0.532031 0.357407 0.0067708 0.0259259
0 0.764063 0.375 0.009375 0.0277778
0 0.773438 0.372685 0.0083333 0.0268519
