2 0.0403646 0.523148 0.0119792 0.0537037
2 0.126042 0.522685 0.0083333 0.0416667
2 0.573177 0.58287 0.0171875 0.100926
2 0.592969 0.585648 0.0182292 0.0990741
2 0.605469 0.566667 0.0078125 0.0444444
2 0.613802 0.566204 0.0078125 0.0453704
2 0.691927 0.576389 0.0109375 0.0601852
2 0.714063 0.583796 0.0145833 0.0768519
2 0.749479 0.57963 0.0166667 0.087037
1 0.574479 0.673611 0.152083 0.0490741
1 0.151823 0.644907 0.282813 0.0712963
0 0.132813 0.472222 0.0072917 0.0222222
0 0.532031 0.503241 0.0067708 0.0194444
2 0.844792 0.587037 0.0114583 0.062963
2 0.858594 0.583333 0.0109375 0.0796296
1 0.675 0.604167 0.145833 0.0472222
