2 0.835417 0.604167 0.0635417 0.225
2 0.701823 0.600463 0.0557292 0.289815
2 0.411719 0.540278 0.0244792 0.123148
2 0.36849 0.548611 0.0213542 0.112037
2 0.347396 0.546759 0.0208333 0.121296
2 0.266667 0.550926 0.0260417 0.138889
2 0.238021 0.560648 0.021875 0.102778
2 0.220833 0.551389 0.0208333 0.121296
2 0.151302 0.540741 0.0255208 0.109259
2 0.0304687 0.548611 0.0307292 0.149074
2 0.0950521 0.541204 0.0182292 0.0935185
1 0.458854 0.811111 0.916667 0.253704
2 0.982552 0.626852 0.0338542 0.248148
2 0.0606771 0.531944 0.0140625 0.0953704
2 0.0510417 0.539815 0.0145833 0.0981481
2 0.109635 0.524074 0.0171875 0.0759259
