0 0.142708 0.386574 0.01875 0.0175926
0 0.346094 0.453241 0.0098958 0.0268519
2 0.264323 0.524537 0.0161458 0.0527778
2 0.4375 0.543981 0.0114583 0.0564815
2 0.44401 0.546759 0.0171875 0.075
2 0.521354 0.547222 0.0135417 0.0537037
2 0.575 0.561111 0.0270833 0.087037
2 0.588281 0.570833 0.0286458 0.136111
2 0.64349 0.57963 0.0338542 0.125926
1 0.67526 0.665741 0.583854 0.201852
2 0.454948 0.551389 0.0119792 0.0657407
2 0.174479 0.515278 0.0166667 0.0509259
2 0.480208 0.551852 0.0125 0.0722222
2 0.39974 0.541204 0.0109375 0.0490741
0 0.946354 0.285648 0.0364583 0.0361111
0 0.993229 0.275926 0.0135417 0.0333333
