2 0.0625 0.548611 0.040625 0.152778
2 0.0880208 0.560648 0.0260417 0.0842593
2 0.103906 0.518519 0.0328125 0.116667
2 0.125 0.536574 0.0208333 0.0898148
2 0.161719 0.52037 0.0203125 0.0666667
2 0.315885 0.451852 0.0088542 0.0462963
2 0.308594 0.462963 0.0078125 0.0425926
2 0.540625 0.459259 0.0083333 0.0388889
2 0.688542 0.523611 0.021875 0.0953704
2 0.721875 0.517593 0.0291667 0.127778
2 0.745313 0.523611 0.0239583 0.0953704
2 0.326042 0.460185 0.009375 0.0462963
2 0.0177083 0.563889 0.0354167 0.242593
2 0.573438 0.478704 0.015625 0.0796296
2 0.683073 0.506019 0.0234375 0.115741
