2 0.983073 0.503241 0.0223958 0.121296
2 0.942448 0.510648 0.0192708 0.102778
2 0.913542 0.499074 0.0135417 0.0722222
2 0.932552 0.581482 0.0369792 0.194444
2 0.90651 0.588426 0.0473958 0.19537
2 0.847396 0.533796 0.0302083 0.110185
2 0.800781 0.539815 0.0192708 0.109259
2 0.721094 0.569907 0.0203125 0.102778
2 0.647917 0.569907 0.0229167 0.112037
2 0.634375 0.57037 0.0166667 0.111111
2 0.617448 0.569907 0.0161458 0.0916667
2 0.560938 0.574074 0.0177083 0.1
2 0.255208 0.549537 0.0125 0.0490741
2 0.224479 0.565278 0.0135417 0.0675926
2 0.213542 0.576852 0.0135417 0.0888889
2 0.204688 0.573611 0.015625 0.0953704
2 0.177604 0.549537 0.0104167 0.0564815
2 0.128646 0.55 0.0125 0.0740741
2 0.116146 0.558796 0.0166667 0.0953704
2 0.0614583 0.582407 0.01875 0.0962963
2 0.0455729 0.549074 0.0119792 0.0851852
2 0.0065104 0.531482 0.0109375 0.062963
2 0.891667 0.50463 0.0166667 0.0907407
1 0.430729 0.61713 0.471875 0.0305556
1 0.973958 0.631944 0.0489583 0.113889
1 0.808854 0.610185 0.16875 0.0925926
0 0.449479 0.274074 0.021875 0.0888889
0 0.542188 0.271296 0.0197917 0.0833333
