2 0.83099 0.457407 0.0286458 0.192593
2 0.275 0.433796 0.0197917 0.102778
2 0.267188 0.432407 0.0145833 0.0759259
2 0.228906 0.423611 0.0109375 0.0490741
1 0.41276 0.469444 0.411979 0.0259259
1 0.498698 0.43287 0.108854 0.012037
0 0.563802 0.317593 0.0098958 0.0351852
0 0.6 0.363889 0.0104167 0.0296296
2 0.784115 0.427315 0.0296875 0.10463
2 0.603125 0.410648 0.0166667 0.0712963
2 0.195833 0.426389 0.0135417 0.0601852
2 0.98776 0.464815 0.0244792 0.216667
2 0.0861979 0.439352 0.0151042 0.0842593
