2 0.903646 0.518519 0.0229167 0.12963
2 0.759896 0.527315 0.0229167 0.126852
2 0.7125 0.501389 0.0135417 0.0657407
2 0.703646 0.506944 0.0145833 0.0564815
2 0.648958 0.513426 0.0166667 0.0805556
2 0.63151 0.518056 0.0171875 0.0787037
2 0.602344 0.521759 0.0234375 0.0898148
1 0.748438 0.554167 0.236458 0.075
0 0.424479 0.470833 0.0072917 0.012037
0 0.434635 0.468518 0.0088542 0.0111111
2 0.915885 0.500926 0.0182292 0.0907407
2 0.621875 0.497685 0.009375 0.0342593
2 0.165625 0.510185 0.0177083 0.0703704
2 0.942969 0.491204 0.0171875 0.0972222
2 0.219271 0.507407 0.015625 0.0685185
