1 0.636719 0.55787 0.156771 0.0583333
1 0.93724 0.611574 0.117188 0.139815
2 0.459896 0.533796 0.034375 0.171296
2 0.448958 0.543981 0.040625 0.169444
2 0.379427 0.544444 0.0578125 0.209259
2 0.346354 0.522222 0.0270833 0.181481
2 0.314323 0.537963 0.0369792 0.17963
2 0.283073 0.530093 0.0307292 0.165741
2 0.234635 0.552315 0.0411458 0.19537
2 0.515104 0.501389 0.015625 0.062037
2 0.455208 0.511574 0.0208333 0.0953704
2 0.559635 0.501389 0.0088542 0.0490741
2 0.567448 0.498148 0.0109375 0.0407407
