2 0.753906 0.539815 0.0130208 0.0851852
2 0.764323 0.52963 0.0140625 0.0851852
2 0.819271 0.537963 0.0229167 0.103704
0 0.510417 0.492593 0.0114583 0.012963
2 0.276823 0.583796 0.0182292 0.087963
2 0.589323 0.55 0.0098958 0.0407407
2 0.87526 0.524537 0.0265625 0.117593
2 0.239844 0.590278 0.0171875 0.0861111
2 0.696354 0.5625 0.028125 0.123148
2 0.727865 0.560185 0.0421875 0.166667
2 0.107292 0.590278 0.015625 0.0861111
2 0.304948 0.568519 0.0098958 0.0481481
2 0.296615 0.573148 0.0078125 0.0481481
2 0.290365 0.572685 0.0098958 0.0527778
2 0.313021 0.566204 0.0083333 0.0453704
