2 0.535937 0.472685 0.0177083 0.087963
2 0.4625 0.480093 0.0270833 0.0916667
2 0.409635 0.480556 0.0213542 0.1
2 0.314844 0.466667 0.0078125 0.0259259
2 0.307552 0.485648 0.0213542 0.0805556
2 0.276563 0.468518 0.0083333 0.0333333
2 0.20599 0.492593 0.0223958 0.0833333
2 0.166927 0.497685 0.0161458 0.0787037
2 0.157031 0.5 0.0171875 0.0796296
2 0.111719 0.496759 0.0119792 0.0824074
2 0.101563 0.503241 0.0166667 0.0824074
2 0.0708333 0.503241 0.009375 0.0731481
2 0.078125 0.512963 0.0177083 0.0944444
2 0.0216146 0.514815 0.0151042 0.0944444
2 0.0145833 0.518056 0.0197917 0.0916667
2 0.386198 0.459259 0.0067708 0.0203704
2 0.335156 0.463426 0.0098958 0.0453704
1 0.432031 0.530556 0.643229 0.0314815
0 0.37526 0.426389 0.0067708 0.0175926
0 0.666927 0.392593 0.0067708 0.0240741
0 0.686198 0.393056 0.0067708 0.025
