2 0.160677 0.595833 0.0276042 0.121296
2 0.89401 0.524074 0.0171875 0.0907407
2 0.857552 0.509259 0.0161458 0.0851852
2 0.84375 0.513426 0.0145833 0.0842593
2 0.80625 0.5375 0.0177083 0.0972222
2 0.680208 0.54537 0.0145833 0.0833333
2 0.689844 0.544444 0.0161458 0.087037
2 0.645312 0.544444 0.0145833 0.062963
0 0.529167 0.468982 0.0125 0.012037
2 0.109375 0.59213 0.0166667 0.0953704
2 0.122917 0.5875 0.0145833 0.100926
2 0.132292 0.581019 0.0166667 0.100926
2 0.0221354 0.593518 0.0213542 0.133333
2 0.0393229 0.619907 0.0296875 0.180556
2 0.0763021 0.594444 0.0192708 0.111111
2 0.0518229 0.602778 0.0171875 0.118519
2 0.0966146 0.593056 0.0182292 0.106481
2 0.194531 0.568056 0.0109375 0.0583333
2 0.0625 0.6 0.0135417 0.109259
2 0.0078125 0.608796 0.015625 0.128704
