2 0.171615 0.592593 0.0255208 0.114815
2 0.884115 0.522222 0.0182292 0.087037
2 0.848958 0.513426 0.015625 0.0842593
2 0.836979 0.514352 0.015625 0.0861111
2 0.796875 0.531944 0.0166667 0.0916667
2 0.67474 0.543056 0.0140625 0.0805556
2 0.684375 0.54213 0.015625 0.0842593
2 0.641406 0.541667 0.0140625 0.0611111
0 0.528906 0.468056 0.0130208 0.012037
2 0.122917 0.590741 0.0166667 0.0944444
2 0.136198 0.581944 0.0161458 0.102778
2 0.143229 0.579167 0.015625 0.0953704
2 0.0408854 0.590278 0.0223958 0.125
2 0.0591146 0.610648 0.0276042 0.178704
2 0.0924479 0.59213 0.0182292 0.106481
2 0.0268229 0.607407 0.0234375 0.12963
2 0.0778646 0.593982 0.0161458 0.121296
2 0.110156 0.591204 0.0171875 0.100926
2 0.203646 0.566204 0.0104167 0.0564815
