2 0.857813 0.524537 0.0260417 0.156482
2 0.809635 0.491204 0.0119792 0.0601852
2 0.453125 0.480093 0.0135417 0.0546296
2 0.430208 0.472685 0.0135417 0.0564815
2 0.346354 0.473611 0.0104167 0.0509259
2 0.324219 0.473611 0.0078125 0.0490741
2 0.331771 0.472685 0.0083333 0.0472222
2 0.338802 0.472685 0.0067708 0.0509259
0 0.155469 0.26713 0.0151042 0.0675926
1 0.2875 0.484259 0.028125 0.0092593
1 0.403385 0.556944 0.183854 0.108333
1 0.84401 0.6375 0.283854 0.0805556
1 0.891927 0.887037 0.209896 0.12037
2 0.514323 0.503241 0.0401042 0.169444
2 0.985156 0.559722 0.0296875 0.191667
2 0.798698 0.481944 0.0109375 0.037963
2 0.976302 0.496296 0.0130208 0.0592593
2 0.965104 0.499074 0.0104167 0.0462963
0 0.380729 0.387037 0.0114583 0.0296296
