1 0.633854 0.550463 0.133333 0.0453704
1 0.930469 0.603241 0.129688 0.14537
2 0.480729 0.533796 0.0302083 0.162037
2 0.467448 0.541204 0.0359375 0.162037
2 0.403906 0.543981 0.0557292 0.202778
2 0.384115 0.527315 0.0276042 0.182407
2 0.367708 0.521759 0.0260417 0.175
2 0.336719 0.538426 0.0338542 0.173148
2 0.307552 0.527315 0.0286458 0.15463
2 0.259896 0.552315 0.03125 0.186111
2 0.520052 0.500926 0.0151042 0.0592593
2 0.473177 0.511574 0.0203125 0.0935185
2 0.56901 0.498611 0.0098958 0.0472222
2 0.576042 0.496296 0.0104167 0.0425926
2 0.447917 0.487963 0.0104167 0.0481481
