2 0.0908854 0.508333 0.0296875 0.122222
2 0.189323 0.500463 0.0182292 0.0916667
2 0.227344 0.515278 0.0119792 0.0435185
2 0.28099 0.504167 0.0203125 0.075
2 0.302083 0.505556 0.0177083 0.0703704
2 0.507292 0.449537 0.0083333 0.0324074
2 0.516406 0.463426 0.0109375 0.0342593
2 0.536979 0.499537 0.01875 0.0731481
2 0.554167 0.490278 0.0104167 0.037963
2 0.58125 0.489352 0.0104167 0.0398148
2 0.570833 0.4875 0.0083333 0.0416667
2 0.319531 0.500463 0.0161458 0.0657407
2 0.179427 0.518056 0.0151042 0.0675926
2 0.290365 0.51713 0.0151042 0.0435185
2 0.317448 0.511111 0.0109375 0.0407407
