2 0.110937 0.586111 0.01875 0.0981481
2 0.141927 0.570833 0.0182292 0.0694444
2 0.185677 0.567593 0.0130208 0.0611111
2 0.201042 0.568982 0.0135417 0.0601852
2 0.336979 0.572222 0.015625 0.0611111
2 0.346615 0.569444 0.0171875 0.0666667
2 0.816927 0.537037 0.0151042 0.0759259
2 0.829427 0.539352 0.0130208 0.087963
2 0.842448 0.547685 0.0192708 0.0953704
2 0.88099 0.531482 0.0192708 0.0814815
1 0.508333 0.574074 0.0885417 0.0092593
0 0.518229 0.4625 0.0145833 0.0157407
2 0.132552 0.580093 0.0130208 0.0824074
2 0.210938 0.561111 0.0114583 0.0592593
2 0.811979 0.571759 0.0260417 0.123148
2 0.786979 0.544444 0.0145833 0.0740741
2 0.77526 0.562963 0.0223958 0.109259
2 0.755469 0.543981 0.0130208 0.0638889
