2 0.0127604 0.564815 0.0161458 0.0907407
2 0.0627604 0.562963 0.0130208 0.0814815
2 0.0799479 0.559722 0.0140625 0.0787037
2 0.103125 0.563889 0.0135417 0.0703704
2 0.224479 0.577315 0.0208333 0.0972222
2 0.427344 0.611111 0.0338542 0.214815
2 0.190104 0.639352 0.102083 0.350926
2 0.315365 0.666204 0.123438 0.417593
2 0.4375 0.586111 0.0208333 0.116667
2 0.267188 0.593982 0.0239583 0.0972222
2 0.453906 0.593518 0.0203125 0.0851852
2 0.497396 0.584722 0.0208333 0.121296
2 0.546615 0.622222 0.0390625 0.162963
2 0.549479 0.551852 0.01875 0.122222
2 0.657552 0.556018 0.0317708 0.186111
2 0.684635 0.552315 0.0223958 0.137963
2 0.721094 0.555556 0.0578125 0.211111
2 0.794792 0.531482 0.04375 0.283333
2 0.576563 0.706019 0.141667 0.467593
0 0.257552 0.108796 0.0390625 0.126852
0 0.415625 0.106018 0.0322917 0.119444
1 0.0632812 0.733333 0.126563 0.135185
1 0.24349 0.735185 0.0536458 0.12963
1 0.498177 0.608333 0.0609375 0.0351852
2 0.398698 0.633333 0.0411458 0.301852
