2 0.071875 0.509722 0.0145833 0.087963
2 0.435677 0.50463 0.0130208 0.0444444
2 0.446094 0.531944 0.0171875 0.119444
2 0.46849 0.522222 0.0119792 0.122222
2 0.479427 0.524537 0.0192708 0.108333
2 0.507552 0.515741 0.0171875 0.105556
2 0.520312 0.519907 0.0270833 0.119444
2 0.551562 0.523148 0.0239583 0.125926
2 0.763542 0.513889 0.0125 0.0703704
2 0.777083 0.510185 0.0177083 0.087037
2 0.894531 0.609259 0.0244792 0.164815
2 0.91901 0.581944 0.0473958 0.249074
2 0.984896 0.531018 0.0260417 0.134259
1 0.853906 0.592593 0.292188 0.125926
0 0.421875 0.464352 0.0072917 0.0101852
