2 0.689323 0.450926 0.0244792 0.0814815
2 0.609375 0.4375 0.009375 0.0435185
2 0.624479 0.439352 0.0135417 0.0527778
2 0.585938 0.4375 0.0104167 0.0324074
2 0.570833 0.437963 0.0104167 0.0333333
2 0.543229 0.433796 0.009375 0.025
2 0.533333 0.431944 0.0072917 0.0212963
2 0.559375 0.431482 0.0072917 0.0222222
2 0.78099 0.43287 0.0140625 0.062037
2 0.870052 0.431944 0.0151042 0.0638889
2 0.889583 0.428704 0.0135417 0.0814815
2 0.707292 0.4375 0.009375 0.0509259
2 0.766146 0.441204 0.015625 0.0935185
