2 0.791667 0.4375 0.0166667 0.0805556
2 0.730208 0.424074 0.0197917 0.0740741
2 0.0869792 0.426389 0.0145833 0.0768519
2 0.0768229 0.440278 0.0119792 0.0564815
2 0.0679687 0.429167 0.0161458 0.0824074
2 0.059375 0.408796 0.0104167 0.0509259
1 0.484375 0.448611 0.48125 0.0287037
1 0.5 0.568982 0.996875 0.100926
1 0.909896 0.516204 0.175 0.0583333
0 0.626823 0.224537 0.0338542 0.025
0 0.565625 0.218056 0.034375 0.0287037
0 0.146615 0.318056 0.0109375 0.0361111
0 0.753906 0.346759 0.0098958 0.0324074
