2 0.552344 0.447685 0.0182292 0.0694444
2 0.572917 0.447222 0.0197917 0.0833333
2 0.132552 0.501852 0.0338542 0.124074
2 0.397656 0.457407 0.0151042 0.0722222
2 0.314063 0.465278 0.0177083 0.075
2 0.375521 0.456944 0.0125 0.0657407
2 0.7 0.426852 0.0114583 0.0481481
2 0.109635 0.47037 0.0109375 0.0592593
2 0.7875 0.427315 0.0114583 0.0472222
2 0.815104 0.427315 0.0083333 0.0416667
2 0.807813 0.427778 0.0052083 0.0388889
2 0.56224 0.439815 0.0088542 0.0481481
2 0.0947917 0.464815 0.0114583 0.0481481
1 0.502865 0.487037 0.186979 0.0203704
0 0.284115 0.147685 0.0255208 0.0953704
0 0.532292 0.355556 0.0072917 0.0259259
0 0.777083 0.374074 0.0083333 0.0259259
