2 0.281771 0.496759 0.0177083 0.0824074
2 0.282031 0.455556 0.0098958 0.0481481
2 0.286198 0.4625 0.0109375 0.0453704
2 0.29974 0.476389 0.0078125 0.0324074
2 0.30651 0.469444 0.0098958 0.05
2 0.317708 0.466204 0.0114583 0.0527778
2 0.334115 0.456944 0.0098958 0.0490741
2 0.363542 0.460648 0.009375 0.0490741
2 0.372656 0.449074 0.0078125 0.0388889
2 0.515365 0.440741 0.0067708 0.0296296
2 0.535937 0.451852 0.009375 0.0407407
2 0.54401 0.472222 0.0119792 0.0462963
1 0.330729 0.502778 0.0895833 0.0259259
2 0.256771 0.46713 0.0104167 0.0490741
2 0.238281 0.46713 0.0130208 0.0583333
2 0.242188 0.462037 0.0083333 0.0537037
2 0.617708 0.493519 0.0270833 0.138889
