2 0.0135417 0.512037 0.021875 0.103704
2 0.0450521 0.510185 0.0140625 0.105556
2 0.392448 0.53287 0.0286458 0.132407
2 0.427604 0.520833 0.0208333 0.125
2 0.440625 0.521759 0.028125 0.123148
2 0.471094 0.519907 0.0213542 0.132407
2 0.4875 0.519907 0.0229167 0.130556
2 0.50599 0.530556 0.0244792 0.137037
2 0.522917 0.530556 0.040625 0.144444
2 0.77526 0.508333 0.0171875 0.0759259
2 0.788802 0.503704 0.0192708 0.0888889
1 0.874219 0.594444 0.210938 0.111111
0 0.390885 0.460648 0.0067708 0.0101852
0 0.402083 0.459259 0.0072917 0.0111111
2 0.551042 0.529167 0.0302083 0.132407
2 0.572917 0.527315 0.021875 0.132407
2 0.528125 0.500926 0.0104167 0.0592593
2 0.553646 0.505556 0.0177083 0.0759259
