2 0.199219 0.475 0.0119792 0.0685185
2 0.220313 0.467593 0.015625 0.0574074
2 0.239323 0.50463 0.0213542 0.1
2 0.261458 0.475 0.0072917 0.0388889
2 0.270833 0.47037 0.0104167 0.0537037
2 0.274219 0.465278 0.0098958 0.0601852
2 0.284635 0.482407 0.0078125 0.037037
2 0.29401 0.474074 0.0140625 0.0537037
2 0.309115 0.472222 0.0130208 0.0537037
2 0.326042 0.460648 0.0083333 0.0490741
2 0.517448 0.442593 0.0057292 0.0314815
2 0.540104 0.453704 0.0083333 0.037037
2 0.549219 0.474074 0.0098958 0.05
2 0.579167 0.4625 0.0135417 0.0527778
2 0.647917 0.496759 0.0229167 0.147222
2 0.676302 0.506944 0.0348958 0.189815
1 0.30625 0.5125 0.078125 0.0287037
2 0.232812 0.460185 0.0135417 0.0666667
2 0.133073 0.47963 0.0359375 0.109259
