2 0.936458 0.551852 0.0947917 0.412963
2 0.867188 0.530093 0.0427083 0.267593
2 0.827344 0.528704 0.0526042 0.261111
2 0.584115 0.470833 0.0171875 0.0694444
2 0.561979 0.477315 0.015625 0.0638889
2 0.548958 0.458333 0.0135417 0.05
2 0.274479 0.477778 0.015625 0.0666667
2 0.241146 0.477778 0.0166667 0.0777778
2 0.24375 0.481481 0.0177083 0.0685185
2 0.26276 0.488889 0.0109375 0.0425926
2 0.2125 0.488889 0.0114583 0.05
2 0.223438 0.480556 0.0135417 0.0722222
2 0.160156 0.475 0.0151042 0.0777778
2 0.172396 0.480556 0.015625 0.0703704
