2 0.0783854 0.490741 0.0255208 0.107407
2 0.0950521 0.496296 0.0171875 0.101852
2 0.123958 0.506944 0.0135417 0.0675926
2 0.148177 0.49537 0.0234375 0.1
2 0.172135 0.498611 0.0192708 0.100926
2 0.182031 0.486574 0.0151042 0.0972222
2 0.214323 0.503704 0.0119792 0.062963
2 0.22526 0.491204 0.0192708 0.0898148
2 0.26276 0.493982 0.0213542 0.0935185
2 0.30625 0.471759 0.0104167 0.0509259
2 0.315365 0.475463 0.0109375 0.0527778
2 0.354167 0.467593 0.0104167 0.05
2 0.532552 0.460648 0.0098958 0.0416667
2 0.568229 0.46713 0.0114583 0.0601852
2 0.588542 0.486574 0.015625 0.0787037
2 0.640885 0.493056 0.0223958 0.106481
2 0.682552 0.481019 0.0140625 0.075
