2 0.783854 0.463889 0.0166667 0.0796296
2 0.753125 0.462963 0.0114583 0.0462963
2 0.216406 0.489352 0.0151042 0.0935185
2 0.0799479 0.487037 0.0182292 0.112963
2 0.171875 0.471296 0.0166667 0.0851852
2 0.150781 0.474074 0.0119792 0.0759259
2 0.452344 0.449537 0.0067708 0.0324074
2 0.768229 0.456481 0.0104167 0.0518519
2 0.142969 0.483333 0.0203125 0.0851852
2 0.344271 0.461574 0.0104167 0.0435185
2 0.446094 0.456481 0.0078125 0.037037
2 0.641406 0.443056 0.0078125 0.0324074
2 0.460156 0.446759 0.0067708 0.0268519
