2 0.897396 0.525463 0.025 0.108333
2 0.848177 0.539352 0.0234375 0.108333
2 0.773698 0.566204 0.0265625 0.110185
2 0.71276 0.575 0.0338542 0.107407
2 0.702604 0.575463 0.0229167 0.106481
2 0.640885 0.578241 0.0223958 0.0916667
2 0.608333 0.583333 0.0302083 0.1
2 0.253646 0.558796 0.0125 0.0490741
2 0.211458 0.575463 0.0166667 0.0712963
2 0.11875 0.560648 0.0145833 0.0768519
2 0.0841146 0.57037 0.0182292 0.0888889
2 0.0630208 0.581019 0.0197917 0.0953704
2 0.224479 0.5625 0.009375 0.0490741
2 0.175521 0.582407 0.0197917 0.1
2 0.865365 0.520833 0.0182292 0.0824074
2 0.959896 0.511111 0.0177083 0.112963
2 0.0145833 0.557407 0.0125 0.0592593
2 0.165885 0.576852 0.0140625 0.0888889
1 0.813802 0.625 0.213021 0.107407
1 0.426823 0.629167 0.469271 0.0305556
0 0.449479 0.280556 0.021875 0.0888889
0 0.542188 0.278704 0.0197917 0.0833333
