2 0.950781 0.547685 0.0223958 0.139815
2 0.920573 0.518056 0.0276042 0.0972222
2 0.898698 0.549074 0.0369792 0.12963
2 0.880208 0.549074 0.034375 0.135185
2 0.747917 0.605093 0.06875 0.193519
2 0.696875 0.566667 0.0239583 0.103704
2 0.226563 0.554167 0.0114583 0.0564815
2 0.188281 0.559722 0.0088542 0.0601852
2 0.179167 0.559259 0.0104167 0.0648148
2 0.138281 0.573148 0.0130208 0.0777778
2 0.128385 0.561111 0.0140625 0.0685185
2 0.0739583 0.550926 0.0125 0.1
2 0.0601563 0.576389 0.0265625 0.108333
2 0.0432292 0.56713 0.021875 0.126852
1 0.397917 0.648148 0.619792 0.0388889
1 0.894271 0.650463 0.20625 0.136111
0 0.44375 0.210648 0.0270833 0.110185
0 0.561719 0.209259 0.0265625 0.103704
