2 0.771094 0.428241 0.0119792 0.0694444
2 0.2875 0.412037 0.015625 0.0759259
2 0.74375 0.424074 0.0135417 0.0703704
2 0.0632812 0.418981 0.0078125 0.037963
2 0.0882813 0.410648 0.0088542 0.0435185
2 0.111458 0.428704 0.015625 0.0759259
2 0.121354 0.436574 0.0125 0.0546296
2 0.139844 0.426852 0.0130208 0.0703704
1 0.440625 0.50463 0.879167 0.05
1 0.497135 0.441204 0.374479 0.0231481
0 0.6 0.243519 0.0302083 0.0222222
0 0.545833 0.239352 0.0302083 0.025
0 0.189583 0.334259 0.009375 0.0314815
0 0.709115 0.35 0.0088542 0.0277778
