2 0.888802 0.561574 0.0380208 0.156482
2 0.767969 0.560185 0.0171875 0.111111
2 0.78776 0.560185 0.0223958 0.118519
0 0.555469 0.475463 0.0130208 0.012037
2 0.969531 0.519907 0.0192708 0.10463
2 0.936979 0.530556 0.021875 0.118519
2 0.465625 0.558796 0.0072917 0.0435185
1 0.542448 0.566667 0.0640625 0.0092593
2 0.127344 0.584722 0.0161458 0.0768519
2 0.974479 0.555556 0.0239583 0.135185
2 0.0122396 0.608333 0.0203125 0.148148
2 0.0257812 0.605556 0.0151042 0.131481
2 0.0434896 0.631482 0.0255208 0.155556
2 0.0802083 0.580093 0.0145833 0.0824074
2 0.99349 0.556481 0.0130208 0.137037
