0 0.53724 0.500463 0.0067708 0.0175926
0 0.117188 0.4625 0.0072917 0.0175926
1 0.571875 0.709722 0.288542 0.0805556
1 0.71276 0.60787 0.203646 0.0583333
2 0.0174479 0.514352 0.0119792 0.0546296
2 0.103906 0.521759 0.0078125 0.0342593
2 0.51224 0.55463 0.0161458 0.0481481
2 0.597656 0.588426 0.0234375 0.108333
2 0.766667 0.59213 0.01875 0.0824074
2 0.909896 0.591667 0.0145833 0.0833333
2 0.891406 0.591204 0.0151042 0.0694444
1 0.622656 0.597685 0.0213542 0.102778
1 0.135417 0.671296 0.270833 0.103704
2 0.727604 0.592593 0.0166667 0.0703704
