2 0.85651 0.523611 0.0255208 0.152778
2 0.809115 0.489815 0.0119792 0.0611111
2 0.457292 0.480093 0.0135417 0.0546296
2 0.434896 0.472685 0.0135417 0.0564815
2 0.350781 0.473611 0.0098958 0.0472222
2 0.328385 0.473611 0.0078125 0.0490741
2 0.335938 0.472685 0.0083333 0.0490741
2 0.342969 0.472685 0.0067708 0.0509259
0 0.161198 0.268981 0.0151042 0.0675926
1 0.292188 0.484259 0.028125 0.0092593
1 0.407031 0.556018 0.182812 0.102778
1 0.841146 0.631944 0.283333 0.0842593
1 0.801042 0.881019 0.39375 0.132407
2 0.985937 0.5625 0.028125 0.19537
2 0.978385 0.494907 0.0130208 0.0583333
2 0.966406 0.497685 0.0109375 0.0472222
0 0.385417 0.387963 0.0114583 0.0296296
