2 0.665104 0.548611 0.0145833 0.0657407
2 0.833073 0.556018 0.0286458 0.14537
2 0.868229 0.560185 0.0333333 0.146296
2 0.931771 0.565278 0.0322917 0.14537
1 0.808594 0.671296 0.378646 0.101852
1 0.390625 0.687037 0.169792 0.0888889
1 0.0307292 0.710185 0.0583333 0.0648148
1 0.419271 0.572222 0.0958333 0.0092593
0 0.541667 0.387037 0.0291667 0.0296296
2 0.0361979 0.568056 0.0088542 0.0453704
2 0.742969 0.540278 0.0119792 0.0583333
2 0.758594 0.539352 0.0161458 0.0675926
2 0.905208 0.543518 0.0229167 0.111111
2 0.975781 0.535648 0.0192708 0.0972222
2 0.853646 0.529167 0.0145833 0.102778
2 0.675521 0.541204 0.009375 0.0490741
