2 0.976302 0.577315 0.0453125 0.213889
2 0.971094 0.505556 0.0182292 0.1
2 0.947656 0.501389 0.0182292 0.0953704
2 0.88125 0.533796 0.0145833 0.108333
2 0.869531 0.537037 0.0171875 0.0944444
2 0.83724 0.530093 0.0182292 0.10463
2 0.815885 0.582407 0.0359375 0.190741
2 0.79401 0.584722 0.0171875 0.15463
2 0.777083 0.591204 0.028125 0.186111
2 0.76901 0.550463 0.0130208 0.112037
2 0.732813 0.561574 0.028125 0.10463
2 0.65625 0.575926 0.0302083 0.1
2 0.573438 0.572222 0.0229167 0.0981481
2 0.550521 0.572222 0.0302083 0.109259
2 0.530469 0.571296 0.0161458 0.111111
2 0.501302 0.573611 0.0192708 0.087963
2 0.254427 0.571759 0.0234375 0.102778
2 0.241406 0.566204 0.0130208 0.0712963
2 0.223177 0.551389 0.0119792 0.0546296
2 0.175 0.572222 0.0239583 0.0925926
2 0.160677 0.55463 0.0140625 0.0722222
2 0.100781 0.556018 0.0234375 0.0916667
2 0.0635417 0.562037 0.015625 0.0722222
2 0.0473958 0.591667 0.021875 0.103704
2 0.0221354 0.554167 0.0109375 0.0675926
2 0.0158854 0.551389 0.0130208 0.062037
2 0.0067708 0.540278 0.0135417 0.0731481
1 0.430729 0.61713 0.471875 0.0305556
1 0.898698 0.615741 0.140104 0.105556
1 0.730729 0.605093 0.078125 0.0546296
0 0.449479 0.274074 0.021875 0.0888889
0 0.542188 0.271296 0.0197917 0.0833333
