2 0.410677 0.449074 0.0078125 0.037037
2 0.61276 0.45 0.0119792 0.0611111
2 0.648177 0.446759 0.0140625 0.0546296
2 0.540885 0.445833 0.0098958 0.0398148
2 0.243229 0.460648 0.0125 0.0509259
2 0.20625 0.462963 0.0114583 0.0462963
2 0.389323 0.455556 0.0130208 0.0444444
2 0.682552 0.446296 0.0151042 0.0648148
2 0.601042 0.442593 0.0104167 0.0425926
2 0.224219 0.468982 0.0130208 0.0638889
2 0.69349 0.449537 0.0161458 0.0601852
2 0.364844 0.452315 0.0057292 0.0398148
0 0.441667 0.378704 0.0052083 0.0222222
