2 0.0085938 0.513889 0.0161458 0.105556
2 0.0390625 0.511574 0.0177083 0.106481
2 0.385938 0.533796 0.0291667 0.134259
2 0.422135 0.521759 0.0213542 0.126852
2 0.435677 0.521759 0.0286458 0.125
2 0.466146 0.52037 0.021875 0.135185
2 0.482552 0.519907 0.0234375 0.132407
2 0.500781 0.52963 0.0244792 0.138889
2 0.513021 0.530556 0.03125 0.148148
2 0.776563 0.507407 0.0177083 0.0777778
2 0.790104 0.502778 0.0197917 0.0907407
1 0.88099 0.594907 0.223438 0.115741
0 0.388281 0.459722 0.0067708 0.0101852
0 0.399479 0.459259 0.0072917 0.0111111
2 0.546615 0.52963 0.0307292 0.133333
2 0.570573 0.526389 0.0276042 0.130556
2 0.523177 0.499074 0.0109375 0.0611111
2 0.529427 0.498148 0.0130208 0.0611111
2 0.549219 0.506482 0.0182292 0.0777778
