2 0.86849 0.49537 0.0140625 0.0685185
2 0.760417 0.533333 0.05625 0.211111
2 0.735937 0.531018 0.053125 0.197222
2 0.680729 0.476389 0.009375 0.0361111
2 0.639323 0.496296 0.0255208 0.111111
2 0.273177 0.485185 0.0161458 0.0796296
2 0.252083 0.488889 0.015625 0.0703704
2 0.21901 0.485185 0.0192708 0.0796296
2 0.0703125 0.484259 0.0208333 0.0833333
1 0.0554687 0.496296 0.0182292 0.0092593
1 0.489583 0.7125 0.975 0.387963
2 0.842708 0.488889 0.0104167 0.0481481
2 0.0908854 0.487037 0.0078125 0.0537037
2 0.0981771 0.487963 0.0109375 0.0666667
2 0.114323 0.487037 0.0109375 0.062963
2 0.121354 0.490741 0.0145833 0.0666667
2 0.192448 0.496759 0.0203125 0.087963
0 0.155729 0.369444 0.0125 0.0388889
