2 0.533073 0.437963 0.0057292 0.0222222
2 0.55625 0.437963 0.00625 0.0259259
2 0.570052 0.443056 0.0109375 0.0324074
2 0.585677 0.443056 0.0088542 0.0342593
2 0.609635 0.444444 0.0088542 0.0444444
2 0.629427 0.446296 0.0119792 0.05
2 0.698177 0.456019 0.0213542 0.0787037
2 0.766927 0.460185 0.0255208 0.0907407
2 0.794531 0.451389 0.0171875 0.100926
2 0.803125 0.442593 0.009375 0.062963
2 0.897917 0.435648 0.0125 0.0861111
2 0.921354 0.436574 0.0125 0.0898148
2 0.932031 0.436574 0.0161458 0.0805556
2 0.82526 0.443981 0.0140625 0.0712963
