2 0.668229 0.515741 0.0114583 0.0555556
2 0.65625 0.513426 0.0177083 0.0712963
2 0.716667 0.51713 0.0104167 0.0509259
0 0.709635 0.398148 0.0182292 0.0703704
0 0.602865 0.464815 0.0098958 0.0333333
0 0.558333 0.393981 0.0104167 0.0416667
0 0.528125 0.393981 0.0125 0.0416667
0 0.503385 0.394907 0.0109375 0.0398148
1 0.378646 0.55463 0.0291667 0.012963
2 0.463281 0.520833 0.0171875 0.0527778
1 0.45599 0.555093 0.0286458 0.0175926
0 0.111719 0.477315 0.0088542 0.0324074
2 0.116146 0.514815 0.0104167 0.0425926
0 0.0979167 0.481019 0.009375 0.0342593
