2 0.723958 0.677778 0.0875 0.4
2 0.638281 0.603704 0.0536458 0.168518
2 0.378385 0.550926 0.0109375 0.0351852
1 0.674219 0.636111 0.0223958 0.0703704
2 0.566146 0.54213 0.0135417 0.0564815
2 0.598177 0.543981 0.0130208 0.062037
2 0.804427 0.551389 0.0213542 0.0990741
1 0.576823 0.617593 0.0703125 0.0333333
2 0.925781 0.55463 0.0265625 0.151852
2 0.683594 0.555093 0.0182292 0.0787037
2 0.667448 0.544444 0.0130208 0.0685185
2 0.867969 0.616667 0.0734375 0.431482
2 0.773438 0.539815 0.015625 0.0777778
