2 0.607292 0.475926 0.0135417 0.0537037
2 0.521615 0.471296 0.0161458 0.0537037
2 0.475 0.470833 0.0135417 0.0564815
2 0.434375 0.471759 0.015625 0.0564815
2 0.367188 0.475 0.0135417 0.0518519
2 0.33776 0.473611 0.0109375 0.0601852
2 0.299219 0.475463 0.0151042 0.062037
2 0.215625 0.478704 0.0135417 0.0555556
2 0.205208 0.481019 0.0125 0.0546296
2 0.15651 0.484259 0.0119792 0.0537037
2 0.139844 0.486111 0.0109375 0.05
2 0.128125 0.485185 0.0114583 0.0537037
2 0.116927 0.485648 0.0098958 0.0527778
2 0.109115 0.485648 0.0098958 0.0527778
2 0.103646 0.485648 0.009375 0.0472222
2 0.0867187 0.475 0.0067708 0.0351852
2 0.0796875 0.478704 0.0083333 0.0407407
2 0.0929688 0.486574 0.0088542 0.0453704
2 0.0617188 0.493056 0.0130208 0.0675926
0 0.272917 0.435648 0.00625 0.0175926
0 0.522656 0.406018 0.0067708 0.0194444
