2 0.134375 0.485185 0.01875 0.0814815
2 0.157813 0.528704 0.025 0.135185
2 0.0635417 0.490278 0.0291667 0.117593
2 0.191667 0.462963 0.0104167 0.0462963
2 0.23776 0.480093 0.0109375 0.0398148
2 0.248437 0.475463 0.0104167 0.062037
2 0.260156 0.473148 0.0109375 0.0703704
2 0.333594 0.472222 0.0098958 0.0555556
2 0.346354 0.459259 0.0072917 0.0425926
2 0.352604 0.459259 0.0072917 0.0407407
2 0.54401 0.457407 0.0098958 0.0481481
2 0.552083 0.474537 0.0114583 0.0601852
2 0.576823 0.468056 0.0161458 0.0583333
2 0.7625 0.522222 0.0510417 0.262963
2 0.744531 0.5125 0.0307292 0.187963
2 0.714583 0.514352 0.0375 0.193519
2 0.201823 0.477315 0.0109375 0.0583333
