2 0.0427083 0.522685 0.0197917 0.0824074
2 0.320313 0.451389 0.009375 0.037963
2 0.385938 0.440278 0.0114583 0.0416667
2 0.409375 0.434722 0.0083333 0.0342593
2 0.517187 0.424537 0.0104167 0.0305556
2 0.611198 0.42037 0.0088542 0.0351852
2 0.85651 0.535648 0.0765625 0.300926
2 0.963802 0.536574 0.0546875 0.250926
1 0.333594 0.55787 0.0640625 0.0435185
2 0.538802 0.422222 0.0067708 0.0240741
2 0.678906 0.496759 0.0328125 0.139815
2 0.758333 0.481481 0.0177083 0.0944444
0 0.415104 0.331019 0.0083333 0.0287037
0 0.434896 0.326389 0.0072917 0.0231481
