2 0.185156 0.473148 0.0088542 0.037037
2 0.194531 0.474537 0.0067708 0.0324074
2 0.132552 0.477315 0.0098958 0.0453704
2 0.0877604 0.476389 0.0088542 0.0490741
2 0.452604 0.465278 0.009375 0.0398148
2 0.360156 0.469444 0.0078125 0.0407407
2 0.484115 0.463889 0.0078125 0.0425926
2 0.142188 0.477315 0.0072917 0.0324074
2 0.147396 0.478704 0.0083333 0.037037
2 0.159375 0.475926 0.00625 0.037037
2 0.166927 0.475926 0.0067708 0.0333333
2 0.173438 0.475 0.0083333 0.0351852
2 0.39375 0.465741 0.0125 0.05
2 0.50599 0.469444 0.0088542 0.0444444
2 0.25651 0.464815 0.0078125 0.0314815
2 0.231771 0.465741 0.00625 0.0240741
0 0.0067708 0.239352 0.0135417 0.0787037
