2 0.878125 0.46713 0.028125 0.115741
2 0.673177 0.457407 0.0151042 0.0592593
2 0.585677 0.445833 0.0088542 0.0287037
2 0.784375 0.451852 0.009375 0.0611111
2 0.991667 0.474537 0.015625 0.112037
2 0.792969 0.443056 0.0130208 0.0583333
2 0.838021 0.439815 0.009375 0.0574074
2 0.851042 0.437963 0.0145833 0.0685185
2 0.597917 0.445833 0.0083333 0.0268519
2 0.915104 0.455093 0.01875 0.0805556
2 0.722917 0.436574 0.0104167 0.0490741
2 0.646615 0.451852 0.0140625 0.0592593
2 0.804688 0.4375 0.0125 0.0509259
2 0.66276 0.443981 0.0088542 0.0416667
2 0.136198 0.457407 0.0098958 0.0388889
