2 0.0934896 0.575463 0.0223958 0.0990741
2 0.816146 0.664352 0.0791667 0.410185
2 0.863542 0.635185 0.0572917 0.32037
2 0.697656 0.680093 0.104687 0.500926
1 0.258854 0.834259 0.458333 0.218518
2 0.122656 0.577778 0.0255208 0.101852
2 0.339583 0.561111 0.0177083 0.0518519
2 0.484115 0.591204 0.0442708 0.149074
2 0.73724 0.569444 0.0234375 0.12963
2 0.750521 0.564352 0.025 0.10463
2 0.842188 0.684259 0.0447917 0.387037
2 0.547656 0.597222 0.0317708 0.15
1 0.579167 0.622685 0.05625 0.0490741
2 0.594792 0.568982 0.0166667 0.0861111
2 0.610677 0.573611 0.0130208 0.0731481
2 0.632813 0.579167 0.0302083 0.225
2 0.960417 0.663426 0.0770833 0.463889
2 0.528646 0.55 0.0104167 0.0537037
2 0.79375 0.557407 0.025 0.138889
