2 0.0533854 0.506944 0.0234375 0.137963
2 0.159375 0.51713 0.0135417 0.0675926
2 0.190365 0.501852 0.0182292 0.0962963
2 0.228906 0.511111 0.0151042 0.0888889
2 0.264583 0.517593 0.0104167 0.05
2 0.294531 0.512963 0.0119792 0.0518519
2 0.280729 0.498148 0.01875 0.0833333
2 0.253125 0.502778 0.0166667 0.0833333
2 0.335677 0.443518 0.0078125 0.0333333
2 0.503385 0.437963 0.0078125 0.0314815
2 0.514323 0.44537 0.0088542 0.0296296
2 0.514323 0.476852 0.0109375 0.0592593
2 0.525 0.475 0.0114583 0.0555556
2 0.549479 0.490278 0.0104167 0.0361111
2 0.560677 0.476389 0.0109375 0.0583333
2 0.56875 0.485185 0.0072917 0.0314815
2 0.629167 0.521759 0.0333333 0.137963
2 0.579687 0.478241 0.0135417 0.062037
