2 0.01875 0.498611 0.0114583 0.0527778
2 0.763542 0.631019 0.0416667 0.187963
2 0.708073 0.617593 0.0348958 0.183333
2 0.797917 0.597222 0.0229167 0.109259
2 0.62526 0.568519 0.0119792 0.0574074
2 0.636198 0.565278 0.0109375 0.0509259
2 0.434375 0.538889 0.0166667 0.0481481
2 0.499219 0.550463 0.0140625 0.0546296
2 0.614062 0.557407 0.0104167 0.0444444
1 0.490365 0.880556 0.980729 0.175926
1 0.767187 0.626852 0.378125 0.109259
0 0.53776 0.487037 0.0078125 0.0222222
0 0.05625 0.437963 0.00625 0.0203704
2 0.732292 0.574537 0.015625 0.0675926
