2 0.795052 0.435648 0.0192708 0.0805556
2 0.739323 0.424074 0.0213542 0.0722222
2 0.0890625 0.421759 0.0145833 0.0768519
2 0.0765625 0.435648 0.0125 0.0583333
2 0.0671875 0.425 0.0177083 0.0833333
2 0.0596354 0.401389 0.0098958 0.0453704
1 0.484115 0.444444 0.476563 0.0277778
1 0.5 0.564815 0.996875 0.0981481
1 0.911458 0.512037 0.177083 0.0666667
0 0.625781 0.223611 0.0338542 0.025
0 0.565104 0.21713 0.034375 0.0287037
0 0.148698 0.314352 0.0109375 0.0361111
0 0.751823 0.34537 0.0098958 0.0314815
