2 0.29349 0.462963 0.0067708 0.0481481
2 0.040625 0.554167 0.0395833 0.162037
2 0.0768229 0.556018 0.0255208 0.0842593
2 0.0867187 0.523611 0.0296875 0.125
2 0.109375 0.543981 0.0208333 0.0935185
2 0.15026 0.526389 0.0182292 0.0731481
2 0.30599 0.463889 0.0078125 0.0407407
2 0.31276 0.455556 0.0098958 0.0481481
2 0.324219 0.465278 0.0057292 0.0361111
2 0.513542 0.434722 0.0052083 0.025
2 0.532812 0.444907 0.00625 0.0324074
2 0.538021 0.462037 0.0083333 0.0333333
2 0.573698 0.477315 0.0151042 0.0824074
2 0.690885 0.505093 0.0265625 0.125
2 0.698177 0.525463 0.0192708 0.0972222
2 0.733854 0.516204 0.0291667 0.121296
2 0.757813 0.525926 0.028125 0.103704
