2 0.902604 0.52037 0.0197917 0.1
2 0.891406 0.598611 0.0359375 0.210185
2 0.864323 0.584259 0.0317708 0.216667
2 0.805469 0.54213 0.0213542 0.102778
2 0.775781 0.558796 0.0244792 0.10463
2 0.75625 0.568056 0.028125 0.0916667
2 0.725521 0.585648 0.040625 0.173148
2 0.704427 0.589352 0.0161458 0.147222
2 0.691667 0.589815 0.025 0.172222
2 0.668229 0.572685 0.025 0.10463
2 0.598698 0.575926 0.0286458 0.0944444
2 0.526823 0.574537 0.0296875 0.102778
2 0.454688 0.574537 0.0166667 0.0972222
2 0.443229 0.57037 0.0302083 0.109259
2 0.432031 0.568519 0.0317708 0.1
2 0.303125 0.571759 0.025 0.10463
2 0.260417 0.569444 0.015625 0.0814815
2 0.250521 0.547222 0.0104167 0.0462963
2 0.229948 0.574074 0.0130208 0.0888889
2 0.221875 0.552778 0.0104167 0.0518519
2 0.201823 0.566204 0.0203125 0.0805556
2 0.180469 0.554167 0.0119792 0.0583333
2 0.1875 0.551389 0.0083333 0.0509259
2 0.158594 0.559722 0.0234375 0.100926
2 0.108073 0.560648 0.0192708 0.0842593
2 0.0611979 0.558333 0.0171875 0.0796296
2 0.0158854 0.549074 0.0130208 0.0611111
2 0.00625 0.540741 0.0125 0.0740741
1 0.42474 0.61713 0.450521 0.0305556
1 0.794271 0.612963 0.129167 0.103704
1 0.95026 0.635648 0.0994792 0.119444
0 0.449479 0.274074 0.021875 0.0888889
0 0.542188 0.271296 0.0197917 0.0833333
