0 0.517187 0.418981 0.0114583 0.0398148
0 0.539583 0.419444 0.0104167 0.0388889
0 0.567187 0.418519 0.0114583 0.0407407
0 0.688281 0.430093 0.0161458 0.0583333
0 0.140625 0.498611 0.0083333 0.0305556
2 0.932552 0.524537 0.0161458 0.0805556
2 0.696875 0.526852 0.0104167 0.0462963
0 0.607552 0.483796 0.0109375 0.0342593
2 0.655208 0.525463 0.0104167 0.0398148
2 0.645312 0.524537 0.0125 0.0564815
2 0.70651 0.52963 0.0088542 0.0277778
2 0.154948 0.532407 0.0098958 0.0388889
0 0.157552 0.496296 0.0078125 0.0296296
