2 0.790365 0.516204 0.0130208 0.0768519
2 0.655208 0.527778 0.0104167 0.0444444
2 0.60026 0.54213 0.0109375 0.0527778
0 0.519271 0.479167 0.0125 0.012037
2 0.610937 0.543056 0.0125 0.062037
2 0.277344 0.575463 0.0140625 0.0694444
2 0.773698 0.523611 0.0203125 0.0916667
2 0.578646 0.537963 0.0072917 0.0333333
2 0.242969 0.585648 0.0151042 0.0972222
2 0.258333 0.568519 0.0104167 0.0555556
2 0.6625 0.527315 0.0114583 0.0435185
2 0.621615 0.542593 0.0109375 0.0592593
2 0.177083 0.599074 0.0208333 0.114815
2 0.16276 0.604167 0.0234375 0.158333
2 0.216927 0.582407 0.0151042 0.0740741
2 0.197396 0.587963 0.015625 0.0703704
2 0.228906 0.57963 0.0119792 0.0685185
2 0.703646 0.522222 0.009375 0.0425926
2 0.959896 0.590278 0.0802083 0.40463
