2 0.905208 0.552778 0.0291667 0.124074
2 0.845312 0.559259 0.0322917 0.133333
2 0.727604 0.558796 0.0145833 0.100926
2 0.745313 0.55787 0.0197917 0.106481
2 0.674219 0.552778 0.0161458 0.0703704
2 0.123958 0.620833 0.05 0.158333
0 0.539063 0.477778 0.0145833 0.012963
2 0.917708 0.519907 0.021875 0.0953704
2 0.93099 0.54537 0.0223958 0.1
2 0.883073 0.530556 0.0171875 0.107407
2 0.0703125 0.6125 0.0291667 0.132407
2 0.457552 0.55787 0.0078125 0.037963
2 0.059375 0.601389 0.0166667 0.134259
2 0.0473958 0.604167 0.0177083 0.130556
2 0.0299479 0.594444 0.0192708 0.087037
2 0.0809896 0.621759 0.0213542 0.132407
