2 0.292188 0.573148 0.0229167 0.0888889
2 0.961458 0.529167 0.0208333 0.115741
1 0.500781 0.570833 0.0796875 0.0101852
0 0.51901 0.451389 0.0171875 0.0175926
2 0.0861979 0.575463 0.0234375 0.0972222
2 0.83099 0.54213 0.0192708 0.0935185
2 0.802344 0.527315 0.0140625 0.0601852
2 0.871094 0.544907 0.0182292 0.113889
2 0.882813 0.573611 0.0322917 0.152778
2 0.902083 0.543056 0.025 0.113889
2 0.815625 0.540741 0.0166667 0.087037
2 0.314844 0.562037 0.0161458 0.0537037
2 0.0351562 0.571296 0.0203125 0.105556
2 0.213802 0.553704 0.0119792 0.0537037
2 0.848958 0.542593 0.015625 0.0814815
2 0.858333 0.527315 0.0166667 0.0842593
