2 0.782812 0.463426 0.0166667 0.0805556
2 0.754687 0.458333 0.0114583 0.0537037
2 0.446875 0.455093 0.0083333 0.037963
2 0.23125 0.481944 0.0166667 0.0916667
2 0.0950521 0.485185 0.0182292 0.112963
2 0.452604 0.455093 0.0072917 0.037963
2 0.185937 0.472222 0.0135417 0.0851852
2 0.16849 0.473148 0.0119792 0.0759259
2 0.459115 0.449537 0.0067708 0.0324074
2 0.661458 0.443518 0.0072917 0.0351852
2 0.770833 0.456481 0.0104167 0.0518519
2 0.161458 0.481944 0.0197917 0.0824074
2 0.34349 0.4625 0.0078125 0.0398148
2 0.353125 0.461574 0.0104167 0.0416667
2 0.467448 0.446759 0.0067708 0.0268519
