2 0.69375 0.488426 0.0375 0.200926
2 0.710156 0.437963 0.0234375 0.0962963
2 0.182031 0.475 0.0130208 0.0592593
2 0.192448 0.486574 0.0213542 0.0990741
2 0.247656 0.486574 0.0213542 0.0824074
2 0.299479 0.458333 0.0083333 0.0481481
2 0.292969 0.458333 0.0109375 0.0518519
2 0.789323 0.442593 0.0213542 0.101852
2 0.619531 0.43287 0.0088542 0.0416667
2 0.603385 0.434259 0.0088542 0.0407407
1 0.614844 0.529167 0.317187 0.0361111
1 0.197396 0.558333 0.30625 0.0592593
1 0.896875 0.587037 0.20625 0.103704
