2 0.946615 0.558333 0.0380208 0.255556
2 0.80651 0.480093 0.0140625 0.0712963
2 0.615625 0.498611 0.028125 0.165741
2 0.58724 0.555093 0.0598958 0.286111
2 0.415625 0.460648 0.0135417 0.0527778
2 0.325521 0.468518 0.015625 0.0648148
2 0.308594 0.470833 0.0151042 0.0675926
2 0.265365 0.471296 0.0151042 0.0703704
2 0.281771 0.459722 0.0135417 0.0601852
2 0.188021 0.471296 0.0322917 0.107407
2 0.160938 0.469444 0.0104167 0.0685185
2 0.170312 0.469444 0.009375 0.0574074
1 0.126823 0.477778 0.0515625 0.0092593
1 0.427083 0.6375 0.85 0.267593
1 0.510938 0.813889 0.947917 0.277778
2 0.34974 0.463426 0.0130208 0.062037
0 0.221354 0.361574 0.0135417 0.0361111
