2 0.688802 0.511574 0.0109375 0.0657407
2 0.671354 0.512037 0.0177083 0.0833333
0 0.740625 0.375 0.021875 0.0833333
0 0.60651 0.456944 0.0109375 0.0361111
0 0.557031 0.380093 0.0109375 0.0435185
0 0.524219 0.380093 0.0130208 0.0453704
0 0.497656 0.381481 0.0119792 0.0425926
1 0.426562 0.561111 0.0697917 0.0222222
1 0.852865 0.559722 0.103646 0.0287037
1 0.61875 0.558796 0.04375 0.0287037
2 0.744271 0.511111 0.0104167 0.0555556
0 0.0679687 0.476852 0.0088542 0.0296296
0 0.0789062 0.474074 0.0098958 0.037037
