2 0.665365 0.587037 0.0296875 0.111111
2 0.247656 0.560185 0.0130208 0.0518519
2 0.186979 0.576852 0.015625 0.0740741
2 0.101302 0.558333 0.0140625 0.0685185
2 0.211198 0.560648 0.0140625 0.0564815
2 0.164323 0.563889 0.0130208 0.0574074
2 0.829948 0.614815 0.0661458 0.233333
2 0.98125 0.516204 0.0302083 0.136111
2 0.791146 0.564815 0.0260417 0.103704
2 0.927604 0.525926 0.028125 0.124074
2 0.878646 0.51713 0.0177083 0.0898148
2 0.138281 0.575 0.0161458 0.0962963
2 0.127083 0.571296 0.0260417 0.112963
2 0.0309896 0.576852 0.0213542 0.101852
1 0.440104 0.636111 0.526042 0.0333333
1 0.939844 0.650926 0.116146 0.112963
0 0.45026 0.261111 0.0234375 0.0962963
0 0.550781 0.258796 0.0213542 0.0898148
