2 0.56849 0.440741 0.0098958 0.0259259
2 0.579687 0.440741 0.0083333 0.0296296
2 0.597396 0.440741 0.0114583 0.0333333
2 0.661458 0.440741 0.0104167 0.05
2 0.649219 0.450926 0.0130208 0.05
2 0.684115 0.451389 0.0151042 0.0583333
2 0.729948 0.453241 0.0140625 0.0546296
2 0.758333 0.433796 0.009375 0.0509259
2 0.785937 0.431482 0.0114583 0.0481481
2 0.930208 0.436111 0.0177083 0.0796296
2 0.907292 0.443518 0.0166667 0.0740741
2 0.899219 0.458333 0.0140625 0.05
2 0.860156 0.448611 0.0151042 0.075
2 0.766927 0.433333 0.0098958 0.05
2 0.559115 0.440278 0.0067708 0.0231481
2 0.840104 0.432407 0.0114583 0.0537037
2 0.980469 0.468056 0.0390625 0.141667
