0 0.0911458 0.377778 0.01875 0.0166667
0 0.295312 0.443056 0.0114583 0.0268519
2 0.20651 0.515278 0.0182292 0.0546296
2 0.39349 0.541204 0.0151042 0.075
2 0.528646 0.566204 0.0291667 0.130556
2 0.596875 0.570833 0.0354167 0.130556
1 0.651302 0.666204 0.632813 0.208333
2 0.403385 0.545833 0.0119792 0.0657407
2 0.11849 0.508333 0.0171875 0.0518519
2 0.434375 0.547685 0.0166667 0.0731481
2 0.350521 0.535185 0.0125 0.05
0 0.919271 0.276389 0.0385417 0.037963
2 0.385417 0.546296 0.0104167 0.0555556
0 0.98099 0.265741 0.0380208 0.0518519
