2 0.154167 0.497222 0.0354167 0.157407
2 0.546875 0.488889 0.021875 0.101852
2 0.603385 0.48287 0.0296875 0.117593
2 0.623958 0.505556 0.0364583 0.159259
2 0.646875 0.447685 0.009375 0.0453704
2 0.686198 0.470833 0.0130208 0.0712963
2 0.809375 0.488426 0.0177083 0.0824074
2 0.924219 0.511111 0.0359375 0.127778
2 0.94401 0.475926 0.0088542 0.0574074
2 0.957552 0.475926 0.0078125 0.0555556
2 0.968229 0.496296 0.0166667 0.0796296
2 0.984896 0.50787 0.0197917 0.110185
1 0.911458 0.537037 0.172917 0.0592593
1 0.716667 0.5125 0.152083 0.0453704
