1 0.802083 0.640741 0.304167 0.0666667
1 0.442448 0.576852 0.0828125 0.012963
0 0.538802 0.40787 0.0276042 0.025
2 0.916146 0.54537 0.0208333 0.0981481
2 0.903385 0.575926 0.0265625 0.172222
2 0.888542 0.58287 0.0197917 0.149074
2 0.857031 0.573611 0.0223958 0.121296
2 0.804948 0.56713 0.0234375 0.125
2 0.785156 0.564815 0.0244792 0.124074
2 0.717188 0.552778 0.009375 0.05
2 0.72526 0.551389 0.0098958 0.0527778
2 0.652344 0.560185 0.0140625 0.0592593
2 0.261719 0.573611 0.0119792 0.0527778
2 0.276563 0.571759 0.0104167 0.0490741
2 0.122917 0.568982 0.0083333 0.0361111
2 0.157292 0.568982 0.0104167 0.0453704
1 0.177604 0.675 0.169792 0.0388889
1 0.419531 0.665741 0.139062 0.0462963
