0 0.258854 0.0962963 0.0354167 0.146296
0 0.416146 0.105093 0.0302083 0.115741
1 0.290365 0.736574 0.183854 0.132407
1 0.0320312 0.720833 0.0640625 0.108333
2 0.0289063 0.580093 0.0338542 0.156482
2 0.0669271 0.55787 0.0119792 0.075
2 0.166146 0.671296 0.120833 0.446296
2 0.221615 0.640741 0.0703125 0.325926
2 0.254948 0.602315 0.0630208 0.297222
2 0.296615 0.612037 0.0411458 0.224074
2 0.323177 0.635185 0.0588542 0.292593
2 0.411979 0.648611 0.0427083 0.239815
2 0.501042 0.668518 0.171875 0.505556
2 0.66276 0.6125 0.0588542 0.286111
2 0.703646 0.568056 0.05625 0.350926
2 0.741406 0.589815 0.0192708 0.0759259
2 0.382292 0.583333 0.028125 0.114815
2 0.450781 0.583333 0.0223958 0.114815
2 0.463802 0.569444 0.0140625 0.0648148
2 0.61901 0.600926 0.0432292 0.266667
2 0.0125 0.576852 0.025 0.185185
2 0.583073 0.6625 0.0567708 0.39537
