2 0.0276042 0.512963 0.021875 0.103704
2 0.0598958 0.511111 0.01875 0.105556
2 0.408854 0.534722 0.034375 0.132407
2 0.439063 0.523611 0.0197917 0.119444
2 0.452083 0.524537 0.0229167 0.119444
2 0.483073 0.518519 0.0213542 0.125926
2 0.496354 0.523148 0.021875 0.124074
2 0.516406 0.537963 0.0203125 0.138889
2 0.532292 0.531482 0.040625 0.148148
2 0.77526 0.512963 0.0151042 0.0759259
2 0.786198 0.506482 0.0192708 0.0888889
1 0.849479 0.593982 0.204167 0.106481
0 0.395833 0.464815 0.0052083 0.0092593
0 0.407292 0.4625 0.00625 0.0101852
2 0.551302 0.531944 0.0119792 0.123148
2 0.584375 0.531018 0.0197917 0.137963
2 0.964063 0.644444 0.0364583 0.201852
2 0.539323 0.500463 0.0098958 0.0546296
2 0.5625 0.529167 0.0197917 0.126852
2 0.977604 0.604167 0.0447917 0.315741
2 0.56224 0.50787 0.0171875 0.0731481
