2 0.747135 0.655556 0.0609375 0.274074
2 0.508854 0.708333 0.134375 0.425926
2 0.486198 0.620833 0.0432292 0.232407
2 0.433333 0.622685 0.04375 0.247222
2 0.320313 0.571759 0.0239583 0.0953704
2 0.300521 0.57037 0.0177083 0.0888889
2 0.152865 0.634722 0.0963542 0.34537
2 0.121875 0.575463 0.0229167 0.0953704
2 0.0903646 0.562963 0.0140625 0.0740741
2 0.040625 0.559722 0.015625 0.0805556
1 0.0549479 0.752778 0.109896 0.162963
1 0.325 0.767593 0.2125 0.181481
0 0.239063 0.0814815 0.0333333 0.12963
0 0.407031 0.0773148 0.0317708 0.121296
2 0.661979 0.661574 0.0489583 0.349074
2 0.251302 0.601852 0.0588542 0.201852
2 0.635677 0.613426 0.0619792 0.315741
2 0.783854 0.642593 0.046875 0.327778
2 0.813542 0.543518 0.034375 0.15
2 0.460938 0.625926 0.0239583 0.235185
2 0.589063 0.552778 0.028125 0.138889
2 0.580208 0.627315 0.034375 0.258333
