2 0.651042 0.470833 0.0229167 0.075
2 0.588542 0.480093 0.0354167 0.100926
2 0.521875 0.475926 0.0239583 0.0888889
2 0.484635 0.481481 0.0213542 0.0944444
2 0.4125 0.462037 0.00625 0.0259259
2 0.371875 0.468982 0.0072917 0.0231481
2 0.388542 0.484722 0.0229167 0.0842593
2 0.309115 0.489352 0.0223958 0.0861111
2 0.26276 0.5 0.0171875 0.0888889
2 0.255729 0.496759 0.0197917 0.0805556
2 0.221354 0.48287 0.009375 0.0490741
2 0.216146 0.477315 0.0072917 0.0435185
2 0.202344 0.496296 0.0161458 0.0759259
2 0.191146 0.499074 0.0177083 0.0925926
2 0.158854 0.50463 0.01875 0.0814815
2 0.176563 0.497222 0.0104167 0.0666667
2 0.13776 0.488889 0.0088542 0.0425926
2 0.115885 0.509722 0.0296875 0.106481
2 0.105469 0.505093 0.0130208 0.0824074
2 0.09375 0.509722 0.0125 0.0898148
2 0.01875 0.519444 0.021875 0.1
1 0.510417 0.533796 0.729167 0.0324074
0 0.470313 0.423148 0.0072917 0.0166667
0 0.764583 0.391667 0.0072917 0.0240741
0 0.783333 0.39213 0.0072917 0.0268519
