0 0.536458 0.381018 0.0072917 0.0212963
0 0.516927 0.353241 0.0078125 0.0268519
2 0.523438 0.413889 0.0104167 0.0462963
2 0.554427 0.412963 0.0098958 0.0481481
2 0.565885 0.411574 0.0109375 0.0490741
2 0.684896 0.436574 0.0166667 0.0527778
2 0.710938 0.425463 0.0229167 0.110185
2 0.808594 0.439815 0.0317708 0.118519
2 0.897656 0.434259 0.0338542 0.164815
1 0.408854 0.431482 0.053125 0.0092593
1 0.515365 0.42963 0.0453125 0.0092593
2 0.370573 0.416667 0.0130208 0.0462963
2 0.988021 0.446296 0.0239583 0.188889
