2 0.167187 0.513889 0.0125 0.062963
2 0.177865 0.498148 0.0161458 0.1
2 0.211198 0.512037 0.0151042 0.0388889
2 0.260156 0.496296 0.0171875 0.0666667
2 0.271354 0.515741 0.009375 0.0388889
2 0.282552 0.516667 0.0088542 0.0388889
2 0.290885 0.498611 0.0151042 0.0694444
2 0.530208 0.480093 0.0125 0.062037
2 0.55026 0.497222 0.0203125 0.0907407
2 0.582552 0.477315 0.0098958 0.0527778
2 0.028125 0.505093 0.0270833 0.162037
2 0.0132812 0.502315 0.0244792 0.15463
2 0.519271 0.480556 0.0104167 0.0592593
