2 0.93151 0.516204 0.0161458 0.110185
2 0.920833 0.522685 0.0197917 0.0935185
2 0.896354 0.522222 0.0260417 0.101852
2 0.872917 0.525463 0.0239583 0.100926
2 0.864583 0.583333 0.0520833 0.181481
2 0.84375 0.584259 0.0395833 0.159259
2 0.829167 0.592593 0.0458333 0.190741
2 0.800521 0.54537 0.0260417 0.111111
2 0.761719 0.552778 0.0171875 0.111111
2 0.682813 0.574074 0.021875 0.101852
2 0.592969 0.57037 0.0213542 0.112963
2 0.570573 0.572685 0.0265625 0.108333
2 0.527865 0.574074 0.0203125 0.0925926
2 0.254687 0.549074 0.0104167 0.0444444
2 0.234115 0.574074 0.0223958 0.0944444
2 0.222396 0.551389 0.009375 0.0509259
2 0.178646 0.551852 0.0125 0.0574074
2 0.149219 0.562963 0.0151042 0.087037
2 0.0770833 0.553241 0.0145833 0.087963
2 0.0533854 0.588889 0.0223958 0.0888889
2 0.0151042 0.545833 0.0114583 0.0546296
2 0.0059896 0.535185 0.0119792 0.062963
2 0.0427083 0.55787 0.0166667 0.0805556
1 0.430729 0.61713 0.471875 0.0305556
1 0.932292 0.62963 0.13125 0.109259
1 0.752344 0.615741 0.121354 0.0759259
0 0.449479 0.274074 0.021875 0.0888889
0 0.542188 0.271296 0.0197917 0.0833333
