2 0.818229 0.537963 0.0197917 0.0962963
2 0.83776 0.536574 0.0213542 0.0972222
2 0.70651 0.546759 0.0192708 0.0916667
2 0.690365 0.547685 0.0151042 0.087963
2 0.648438 0.545833 0.0145833 0.0712963
2 0.325521 0.557407 0.0083333 0.0388889
2 0.33099 0.556944 0.0088542 0.0435185
2 0.0825521 0.59537 0.0182292 0.112963
2 0.0632812 0.598148 0.0161458 0.105556
2 0.0510417 0.600926 0.01875 0.112963
2 0.028125 0.603241 0.0208333 0.117593
2 0.0130208 0.604167 0.0177083 0.126852
2 0.0960938 0.586111 0.0151042 0.114815
0 0.52526 0.471296 0.0130208 0.012963
2 0.0354167 0.560648 0.009375 0.0398148
2 0.257292 0.568982 0.0135417 0.0453704
2 0.315625 0.557407 0.009375 0.037037
2 0.913542 0.53287 0.01875 0.100926
2 0.858073 0.531018 0.0151042 0.0805556
