2 0.117448 0.532407 0.0161458 0.087037
2 0.130729 0.520833 0.0260417 0.117593
2 0.210156 0.506482 0.0203125 0.101852
2 0.224219 0.517593 0.0151042 0.062963
2 0.226302 0.497685 0.0192708 0.0898148
2 0.244792 0.479167 0.015625 0.0842593
2 0.26224 0.490741 0.0098958 0.05
2 0.256771 0.513426 0.0135417 0.0601852
2 0.320573 0.440278 0.0119792 0.0398148
2 0.340104 0.439352 0.0104167 0.0361111
2 0.557813 0.47037 0.0145833 0.0685185
2 0.579948 0.469444 0.0151042 0.0740741
2 0.600521 0.475463 0.0177083 0.0731481
2 0.614583 0.483796 0.0145833 0.0527778
2 0.820313 0.576852 0.078125 0.361111
2 0.11875 0.510648 0.0125 0.0861111
2 0.370052 0.443981 0.0088542 0.0361111
2 0.360677 0.444444 0.0098958 0.0407407
2 0.254427 0.488889 0.0119792 0.0814815
2 0.0210938 0.505556 0.0255208 0.155556
2 0.0572917 0.515741 0.01875 0.0888889
2 0.507292 0.428241 0.0072917 0.0324074
2 0.515365 0.4375 0.0078125 0.0305556
2 0.514323 0.47037 0.0109375 0.05
2 0.52526 0.471759 0.0119792 0.0657407
2 0.547917 0.486574 0.0114583 0.0398148
