2 0.222656 0.49213 0.0671875 0.319444
2 0.0609375 0.408796 0.009375 0.0453704
2 0.08125 0.42037 0.0145833 0.0722222
2 0.0893229 0.427315 0.0098958 0.0824074
2 0.0953125 0.425926 0.009375 0.05
2 0.919531 0.480093 0.0484375 0.184259
2 0.671354 0.419444 0.0135417 0.062963
2 0.591927 0.414352 0.0182292 0.0768519
1 0.322135 0.448148 0.0411458 0.012963
1 0.499219 0.57963 0.994271 0.101852
1 0.66849 0.460185 0.142188 0.0259259
1 0.86875 0.509722 0.0854167 0.037963
1 0.968229 0.531018 0.0635417 0.0416667
0 0.627865 0.228241 0.0338542 0.025
0 0.566146 0.221759 0.034375 0.0287037
0 0.144792 0.321759 0.0114583 0.0361111
0 0.754948 0.350463 0.0098958 0.0324074
