2 0.163542 0.478704 0.0166667 0.0777778
2 0.196094 0.515741 0.0244792 0.112963
2 0.247656 0.478704 0.0078125 0.0407407
2 0.257292 0.473148 0.0114583 0.0574074
2 0.264583 0.466667 0.015625 0.0648148
2 0.280729 0.478241 0.0145833 0.0564815
2 0.298698 0.475926 0.0151042 0.0611111
2 0.516667 0.44537 0.0052083 0.0296296
2 0.542188 0.455093 0.0083333 0.0361111
2 0.54974 0.475 0.0109375 0.0537037
2 0.578125 0.465278 0.0135417 0.0564815
2 0.680469 0.501852 0.0265625 0.168518
2 0.713802 0.513426 0.0401042 0.223148
2 0.271094 0.485185 0.0109375 0.0351852
2 0.215885 0.476852 0.0119792 0.0574074
2 0.28776 0.481019 0.0078125 0.037963
2 0.350521 0.455093 0.0072917 0.0361111
2 0.358594 0.45463 0.0078125 0.0351852
