2 0.121615 0.505093 0.0223958 0.106481
2 0.19974 0.500463 0.0171875 0.087963
2 0.235938 0.514815 0.0114583 0.0425926
2 0.290365 0.505556 0.0151042 0.0685185
2 0.307552 0.505093 0.0171875 0.0675926
2 0.508073 0.45 0.0078125 0.0314815
2 0.515365 0.463426 0.0088542 0.0324074
2 0.53125 0.498611 0.0177083 0.0694444
2 0.541667 0.481944 0.0114583 0.0564815
2 0.552865 0.490741 0.0098958 0.037037
2 0.577083 0.489352 0.0104167 0.0398148
2 0.327865 0.498611 0.0130208 0.0694444
2 0.188802 0.514815 0.0151042 0.0592593
2 0.297656 0.51713 0.0109375 0.037963
2 0.321875 0.511111 0.009375 0.0425926
