2 0.158073 0.434259 0.0130208 0.0666667
2 0.130729 0.434722 0.01875 0.0731481
2 0.140885 0.443056 0.0109375 0.0527778
2 0.071875 0.423148 0.0072917 0.0296296
2 0.101042 0.418981 0.009375 0.0416667
2 0.766406 0.418056 0.0119792 0.0675926
2 0.355208 0.412037 0.0145833 0.0703704
2 0.736458 0.413889 0.0125 0.0666667
1 0.429688 0.503704 0.832292 0.0592593
1 0.533594 0.438889 0.292188 0.0185185
1 0.305729 0.444444 0.0395833 0.012963
0 0.597917 0.246759 0.0291667 0.0212963
0 0.545313 0.244444 0.0291667 0.0240741
0 0.204427 0.343518 0.0088542 0.0296296
0 0.702865 0.34537 0.0078125 0.0259259
