2 0.0755208 0.290278 0.0114583 0.0435185
2 0.916146 0.340741 0.025 0.103704
2 0.670573 0.304167 0.0192708 0.0916667
2 0.652604 0.278241 0.0114583 0.0435185
2 0.600521 0.288889 0.0104167 0.0481481
2 0.221354 0.283796 0.0072917 0.0453704
2 0.233854 0.282407 0.0072917 0.0407407
1 0.371615 0.407407 0.743229 0.0685185
1 0.9625 0.447222 0.0708333 0.0537037
0 0.420312 0.153241 0.009375 0.0398148
0 0.45625 0.154167 0.009375 0.037963
0 0.559375 0.244444 0.0072917 0.0185185
0 0.839844 0.0208333 0.0307292 0.0416667
2 0.151042 0.277315 0.00625 0.0305556
