2 0.876562 0.612037 0.065625 0.233333
2 0.783333 0.627315 0.0739583 0.371296
2 0.352344 0.543056 0.0255208 0.126852
2 0.308073 0.551852 0.0223958 0.118519
2 0.283333 0.553704 0.021875 0.133333
2 0.199219 0.555093 0.0265625 0.136111
2 0.171354 0.566667 0.0197917 0.109259
2 0.151562 0.555093 0.0229167 0.126852
2 0.0859375 0.543981 0.0229167 0.115741
1 0.471615 0.828241 0.943229 0.228704
2 0.0106771 0.548148 0.0192708 0.12037
2 0.988802 0.635185 0.0223958 0.240741
2 0.0416667 0.538426 0.0135417 0.0990741
