2 0.976042 0.586574 0.028125 0.199074
2 0.945313 0.587963 0.0302083 0.185185
2 0.413021 0.565741 0.009375 0.0444444
1 0.530208 0.575926 0.114583 0.012963
0 0.533594 0.471296 0.0140625 0.012963
2 0.79375 0.543518 0.0145833 0.0759259
2 0.236979 0.568056 0.0104167 0.0527778
2 0.252344 0.56713 0.0119792 0.0527778
2 0.267188 0.563426 0.0104167 0.0527778
2 0.279948 0.562963 0.0098958 0.0462963
2 0.286198 0.562963 0.0109375 0.0518519
2 0.207031 0.575926 0.0109375 0.0703704
2 0.256771 0.565741 0.009375 0.0555556
