2 0.989583 0.564815 0.0208333 0.227778
2 0.981771 0.503241 0.015625 0.100926
2 0.942187 0.499074 0.0197917 0.0925926
2 0.899219 0.526852 0.0182292 0.109259
2 0.889063 0.531482 0.0197917 0.0944444
2 0.873958 0.527315 0.0197917 0.10463
2 0.848177 0.531482 0.0286458 0.1
2 0.829167 0.583333 0.04375 0.17963
2 0.810156 0.586574 0.0276042 0.15463
2 0.798177 0.589815 0.0401042 0.183333
2 0.776302 0.550463 0.0255208 0.112037
2 0.745833 0.559722 0.0208333 0.108333
2 0.665885 0.575 0.0182292 0.0981481
2 0.582812 0.57037 0.0208333 0.0981481
2 0.564583 0.571296 0.021875 0.109259
2 0.541667 0.570833 0.03125 0.113889
2 0.511198 0.572222 0.0161458 0.0925926
2 0.250781 0.575 0.0265625 0.103704
2 0.238281 0.56713 0.0109375 0.0712963
2 0.221875 0.552778 0.0083333 0.0518519
2 0.227083 0.552315 0.009375 0.0490741
2 0.181771 0.554167 0.0135417 0.0564815
2 0.164844 0.563426 0.0161458 0.0861111
2 0.0921875 0.55463 0.0177083 0.0907407
2 0.05 0.585648 0.025 0.0990741
2 0.0145833 0.55463 0.0125 0.0722222
2 0.0067708 0.544444 0.0135417 0.0777778
1 0.43099 0.61713 0.472396 0.0305556
1 0.911719 0.626389 0.144271 0.10463
1 0.7375 0.608333 0.090625 0.0592593
0 0.449479 0.274074 0.021875 0.0888889
0 0.542188 0.271296 0.0197917 0.0833333
