2 0.488802 0.46713 0.0223958 0.0768519
2 0.417188 0.46713 0.0177083 0.0768519
2 0.365625 0.468056 0.015625 0.0546296
2 0.29349 0.471296 0.0130208 0.0703704
2 0.280729 0.473611 0.0135417 0.062037
2 0.26875 0.462037 0.0177083 0.0777778
2 0.229427 0.475463 0.0182292 0.0712963
2 0.198177 0.476852 0.0151042 0.0796296
2 0.143229 0.473611 0.0125 0.0435185
2 0.120312 0.491667 0.0145833 0.0740741
2 0.0989583 0.47963 0.01875 0.0814815
2 0.0682292 0.479167 0.009375 0.0472222
2 0.059375 0.489815 0.0125 0.0703704
2 0.0375 0.486111 0.009375 0.0537037
2 0.0463542 0.496296 0.01875 0.0740741
2 0.165104 0.462963 0.0083333 0.037037
2 0.328906 0.458333 0.0098958 0.0240741
1 0.402604 0.503241 0.297917 0.0157407
0 0.260677 0.427778 0.0067708 0.0185185
0 0.528125 0.396296 0.0072917 0.0203704
0 0.545052 0.398611 0.0067708 0.0212963
