1 0.407292 0.548148 0.142708 0.0907407
1 0.49974 0.82963 0.998438 0.166667
2 0.849479 0.521296 0.0270833 0.140741
2 0.804167 0.489352 0.0135417 0.0583333
2 0.373177 0.477778 0.0098958 0.0425926
2 0.35625 0.475 0.00625 0.0444444
2 0.365104 0.473611 0.0072917 0.037963
0 0.189583 0.275926 0.0145833 0.0648148
2 0.349479 0.474537 0.0072917 0.0472222
1 0.839583 0.621759 0.320833 0.0768519
2 0.455469 0.475 0.0119792 0.0537037
2 0.478385 0.475926 0.0119792 0.0611111
2 0.823438 0.481481 0.0072917 0.0314815
2 0.815885 0.487037 0.0098958 0.0333333
0 0.407031 0.39213 0.0109375 0.0287037
