0 0.221875 0.428241 0.0125 0.0324074
2 0.122135 0.502315 0.0182292 0.0546296
2 0.315625 0.52963 0.0177083 0.0888889
2 0.438802 0.552778 0.0296875 0.133333
2 0.522917 0.5625 0.034375 0.139815
1 0.617448 0.675 0.706771 0.244444
2 0.328906 0.534259 0.0119792 0.0666667
2 0.369531 0.536574 0.0171875 0.075
2 0.277604 0.526389 0.0166667 0.0564815
0 0.877865 0.256481 0.0411458 0.0407407
0 0.946875 0.246296 0.04375 0.05
2 0.396875 0.533796 0.0125 0.0472222
2 0.453125 0.544907 0.0166667 0.0898148
2 0.0416667 0.491667 0.009375 0.0425926
2 0.0609375 0.493982 0.0114583 0.037963
2 0.143229 0.496759 0.009375 0.0287037
