2 0.0518229 0.559259 0.0151042 0.0796296
2 0.096875 0.561574 0.0135417 0.0712963
2 0.220313 0.605093 0.0645833 0.239815
2 0.260156 0.659722 0.118229 0.400926
2 0.719792 0.546759 0.025 0.139815
2 0.834896 0.533796 0.0489583 0.178704
0 0.248958 0.0921296 0.040625 0.132407
0 0.411979 0.0916667 0.0322917 0.12037
1 0.0927083 0.746296 0.179167 0.161111
2 0.49401 0.644907 0.0463542 0.291667
2 0.427083 0.622222 0.0385417 0.242593
2 0.388021 0.619444 0.046875 0.22963
2 0.750521 0.555556 0.03125 0.155556
2 0.699479 0.565741 0.046875 0.12037
2 0.34974 0.567593 0.0203125 0.0925926
2 0.460156 0.580556 0.0192708 0.103704
2 0.529427 0.637037 0.0567708 0.298148
2 0.572396 0.677315 0.145833 0.410185
2 0.660937 0.557407 0.01875 0.101852
1 0.386979 0.765741 0.105208 0.17037
