2 0.985156 0.525926 0.0255208 0.157407
2 0.942708 0.5 0.0260417 0.112963
2 0.80599 0.537037 0.0244792 0.155556
2 0.78724 0.555556 0.0317708 0.107407
2 0.734375 0.496296 0.015625 0.0740741
2 0.723437 0.498611 0.0177083 0.0601852
2 0.640625 0.512963 0.0239583 0.0944444
2 0.61875 0.515741 0.025 0.0907407
2 0.478125 0.513426 0.0177083 0.0953704
2 0.444531 0.498148 0.0171875 0.0481481
2 0.133854 0.50463 0.0166667 0.0851852
0 0.429167 0.459259 0.0083333 0.0111111
1 0.776042 0.559722 0.279167 0.0824074
