2 0.847656 0.537037 0.0307292 0.103704
2 0.804948 0.603241 0.0390625 0.199074
2 0.780208 0.583333 0.0270833 0.212963
2 0.723698 0.563426 0.0255208 0.100926
2 0.709375 0.572685 0.0291667 0.112037
2 0.669531 0.585648 0.0276042 0.158333
2 0.692187 0.57963 0.021875 0.109259
2 0.635677 0.590278 0.0265625 0.156482
2 0.559896 0.578704 0.0302083 0.0962963
2 0.48776 0.575 0.0286458 0.12037
2 0.420052 0.573148 0.0140625 0.0888889
2 0.358854 0.57037 0.0291667 0.112963
2 0.179167 0.55 0.0104167 0.0555556
2 0.0953125 0.558333 0.021875 0.0833333
2 0.235677 0.57037 0.0182292 0.0833333
2 0.269271 0.573611 0.01875 0.0972222
2 0.0067708 0.533796 0.0135417 0.0638889
2 0.0151042 0.549537 0.0135417 0.0657407
2 0.759635 0.556481 0.0182292 0.101852
2 0.141146 0.5625 0.0177083 0.0861111
2 0.247917 0.548148 0.0083333 0.0462963
2 0.336458 0.569444 0.0177083 0.105556
2 0.206771 0.571759 0.015625 0.102778
2 0.989583 0.513426 0.0208333 0.139815
2 0.658333 0.575 0.021875 0.105556
2 0.276823 0.566204 0.0098958 0.0842593
2 0.226823 0.551389 0.0067708 0.0472222
2 0.221875 0.551389 0.009375 0.0527778
1 0.398698 0.62037 0.402604 0.0222222
1 0.908333 0.627778 0.183333 0.142593
0 0.449219 0.273611 0.0213542 0.087963
0 0.542188 0.271296 0.0197917 0.0833333
