1 0.503125 0.808796 0.95625 0.280556
2 0.0984375 0.543981 0.0260417 0.152778
2 0.279948 0.54537 0.0276042 0.116667
2 0.326562 0.549074 0.028125 0.137037
2 0.799479 0.59213 0.071875 0.230556
2 0.421615 0.535648 0.0161458 0.10463
2 0.400521 0.5375 0.025 0.121296
2 0.296094 0.554167 0.0223958 0.0953704
2 0.683333 0.577778 0.0510417 0.244444
2 0.460156 0.533333 0.0234375 0.118519
2 0.166146 0.506482 0.015625 0.0722222
2 0.20599 0.534722 0.0161458 0.0953704
2 0.123958 0.533333 0.0166667 0.0981481
2 0.959896 0.688426 0.0760417 0.523148
2 0.150521 0.531944 0.0145833 0.0953704
