2 0.623698 0.536111 0.0109375 0.0592593
0 0.529948 0.468056 0.0130208 0.012037
2 0.642448 0.537037 0.0140625 0.0722222
2 0.588281 0.530556 0.0067708 0.0351852
2 0.653906 0.535648 0.0130208 0.0694444
2 0.0429688 0.624537 0.0380208 0.232407
2 0.164844 0.584722 0.0182292 0.0916667
2 0.125521 0.604167 0.0208333 0.106481
2 0.573438 0.533333 0.00625 0.037037
2 0.139583 0.589815 0.01875 0.0981481
2 0.58151 0.531482 0.0078125 0.0351852
2 0.78099 0.508796 0.0130208 0.0657407
2 0.180208 0.590741 0.0208333 0.125926
2 0.774219 0.515741 0.0119792 0.062963
2 0.595052 0.533333 0.0067708 0.0351852
2 0.485156 0.533333 0.0057292 0.0222222
2 0.217969 0.568056 0.0151042 0.075
