0 0.517708 0.408796 0.0114583 0.0398148
0 0.540104 0.409259 0.0104167 0.0388889
0 0.567187 0.408333 0.0114583 0.0407407
0 0.686719 0.419444 0.0161458 0.0574074
0 0.14375 0.490741 0.0083333 0.0296296
2 0.985677 0.509259 0.0213542 0.0907407
2 0.914063 0.511574 0.015625 0.0787037
2 0.642708 0.514815 0.0125 0.0592593
2 0.691927 0.516667 0.0098958 0.0444444
0 0.607292 0.476389 0.0125 0.0416667
2 0.651302 0.514352 0.0098958 0.0398148
2 0.152865 0.52037 0.0088542 0.0407407
0 0.159635 0.4875 0.0078125 0.0305556
