2 0.567187 0.443518 0.0104167 0.0277778
2 0.577604 0.442593 0.0083333 0.0296296
2 0.598177 0.443056 0.0119792 0.0342593
2 0.667708 0.44537 0.0114583 0.0555556
2 0.650521 0.453241 0.0135417 0.0509259
2 0.689323 0.453241 0.0161458 0.062037
2 0.763021 0.456019 0.0166667 0.0638889
2 0.768229 0.434722 0.0114583 0.0527778
2 0.971875 0.436111 0.015625 0.0851852
2 0.941146 0.439815 0.0197917 0.0907407
2 0.945052 0.461111 0.0161458 0.0555556
2 0.891146 0.439815 0.0125 0.0851852
2 0.777865 0.434722 0.0109375 0.0546296
2 0.55651 0.44213 0.0067708 0.0231481
2 0.858073 0.433333 0.0119792 0.0574074
2 0.811198 0.42963 0.0140625 0.0537037
2 0.904948 0.449537 0.0182292 0.0787037
