2 0.645833 0.565741 0.0104167 0.0425926
2 0.857813 0.591667 0.021875 0.125926
2 0.654427 0.565741 0.0098958 0.0425926
2 0.68151 0.572685 0.0098958 0.0416667
2 0.233594 0.540741 0.0203125 0.0796296
2 0.090625 0.550463 0.021875 0.108333
2 0.21875 0.539815 0.0145833 0.0814815
2 0.131771 0.531944 0.0177083 0.0935185
2 0.11276 0.528241 0.0161458 0.0861111
2 0.307292 0.536111 0.0104167 0.0407407
2 0.364062 0.538426 0.00625 0.025
2 0.354688 0.540278 0.0083333 0.0305556
1 0.448438 0.839352 0.894792 0.250926
