2 0.566927 0.4375 0.0109375 0.0287037
2 0.577604 0.4375 0.0083333 0.0287037
2 0.600781 0.438426 0.0109375 0.037963
2 0.678906 0.439815 0.0119792 0.0592593
2 0.654427 0.447685 0.0140625 0.0527778
2 0.697917 0.448148 0.0177083 0.0666667
2 0.985417 0.434259 0.01875 0.103704
2 0.952344 0.439352 0.0192708 0.0972222
2 0.553385 0.436111 0.0067708 0.0240741
2 0.885938 0.431482 0.0177083 0.0648148
2 0.851302 0.423148 0.0161458 0.062963
2 0.596094 0.434722 0.0088542 0.0324074
2 0.745313 0.431019 0.0104167 0.0490741
2 0.971875 0.444444 0.0166667 0.0962963
2 0.818229 0.451852 0.015625 0.0722222
