2 0.257031 0.590741 0.0244792 0.0925926
1 0.498958 0.577315 0.0770833 0.012037
0 0.519531 0.454167 0.0182292 0.0194444
2 0.910677 0.55 0.0203125 0.125926
2 0.925 0.577315 0.0416667 0.160185
2 0.178906 0.564352 0.0130208 0.062037
2 0.828906 0.5375 0.0130208 0.0824074
2 0.840885 0.544444 0.0171875 0.0981481
2 0.854427 0.541667 0.0171875 0.0944444
2 0.146094 0.562963 0.0109375 0.062963
2 0.888542 0.527778 0.0166667 0.0759259
2 0.154687 0.571296 0.0135417 0.0703704
2 0.141146 0.572685 0.0114583 0.0694444
2 0.192448 0.566204 0.0161458 0.0564815
2 0.215885 0.559259 0.0119792 0.0425926
2 0.230469 0.560185 0.0151042 0.0462963
2 0.873698 0.5375 0.0182292 0.106481
