2 0.354167 0.538426 0.009375 0.0305556
1 0.932031 0.682407 0.108854 0.125926
2 0.57526 0.537037 0.0130208 0.0611111
1 0.685417 0.685648 0.285417 0.150926
2 0.640104 0.552315 0.025 0.119444
2 0.928385 0.559259 0.0286458 0.155556
2 0.920573 0.539352 0.0234375 0.134259
2 0.700781 0.540741 0.0182292 0.0888889
2 0.691406 0.535648 0.0140625 0.075
2 0.738281 0.547222 0.0213542 0.1
2 0.860156 0.591204 0.0546875 0.169444
2 0.717188 0.552778 0.015625 0.0648148
2 0.619271 0.533796 0.0135417 0.0657407
2 0.0747396 0.546296 0.0161458 0.0555556
2 0.795313 0.530093 0.0125 0.0805556
