1 0.482552 0.723148 0.958854 0.388889
2 0.0200521 0.489352 0.0203125 0.0638889
2 0.0427083 0.493056 0.009375 0.0657407
2 0.0510417 0.494907 0.0114583 0.0712963
2 0.0666667 0.490278 0.0104167 0.0694444
2 0.0723958 0.493982 0.0145833 0.0712963
2 0.136458 0.50463 0.0208333 0.0907407
2 0.170833 0.484722 0.0145833 0.075
2 0.173698 0.494444 0.0130208 0.0703704
2 0.207031 0.490741 0.0171875 0.0796296
2 0.223698 0.488426 0.0171875 0.087963
2 0.670052 0.508796 0.0401042 0.128704
2 0.788542 0.548611 0.0416667 0.239815
2 0.822656 0.549074 0.0463542 0.244444
2 0.899219 0.487963 0.0130208 0.0833333
0 0.107813 0.364815 0.0135417 0.0407407
