2 0.165625 0.513426 0.0125 0.0638889
2 0.176302 0.497685 0.0161458 0.100926
2 0.207292 0.5125 0.015625 0.0398148
2 0.258073 0.496759 0.0171875 0.0675926
2 0.267448 0.517593 0.0109375 0.0425926
2 0.291146 0.494444 0.0145833 0.0666667
2 0.539844 0.479167 0.0119792 0.0601852
2 0.553125 0.496296 0.0208333 0.0925926
2 0.585156 0.475926 0.0098958 0.0537037
2 0.0348958 0.507407 0.0364583 0.174074
2 0.527865 0.476852 0.0140625 0.0574074
2 0.280729 0.503704 0.0145833 0.0555556
2 0.634375 0.475 0.0125 0.0592593
