2 0.0533854 0.559259 0.0151042 0.0796296
2 0.0973958 0.561574 0.0135417 0.0712963
2 0.216146 0.608796 0.0677083 0.250926
2 0.267188 0.658796 0.119792 0.40463
2 0.554948 0.548611 0.0234375 0.121296
2 0.717969 0.547685 0.0255208 0.141667
2 0.823438 0.535648 0.0489583 0.178704
0 0.250521 0.0944444 0.040625 0.131481
0 0.4125 0.0930556 0.0322917 0.119444
1 0.0927083 0.746296 0.179167 0.161111
2 0.485938 0.64213 0.0458333 0.289815
2 0.423438 0.621296 0.0385417 0.240741
2 0.383333 0.619907 0.046875 0.228704
2 0.745833 0.555093 0.03125 0.15463
2 0.692187 0.566667 0.046875 0.12037
2 0.353906 0.567593 0.0203125 0.0925926
2 0.456771 0.57963 0.015625 0.101852
2 0.525 0.6375 0.0552083 0.291667
2 0.576302 0.677315 0.146354 0.412037
2 0.659375 0.556944 0.01875 0.102778
