2 0.765365 0.700463 0.0973958 0.44537
2 0.669531 0.603241 0.0536458 0.169444
2 0.388802 0.549074 0.0109375 0.0351852
1 0.710677 0.637037 0.0348958 0.0703704
2 0.578646 0.540278 0.0135417 0.0564815
2 0.611458 0.541667 0.0135417 0.0648148
2 0.824479 0.550926 0.021875 0.101852
1 0.598958 0.630093 0.0833333 0.0509259
2 0.948958 0.557407 0.0270833 0.155556
2 0.70026 0.558333 0.0161458 0.087037
2 0.682031 0.544907 0.0140625 0.0731481
2 0.911979 0.593982 0.0729167 0.428704
2 0.870052 0.618518 0.0348958 0.364815
2 0.64401 0.55 0.0182292 0.0685185
