2 0.882292 0.549074 0.025 0.118519
2 0.834115 0.553241 0.0307292 0.125
2 0.713802 0.55463 0.0140625 0.0962963
2 0.730469 0.554167 0.0192708 0.102778
2 0.665365 0.552778 0.0140625 0.0685185
2 0.171875 0.616204 0.0427083 0.150926
0 0.533073 0.474074 0.0140625 0.012963
2 0.902865 0.512037 0.0192708 0.0851852
2 0.90625 0.54213 0.0208333 0.10463
2 0.866667 0.528704 0.0239583 0.0981481
2 0.0828125 0.60463 0.0260417 0.118519
2 0.0679687 0.586111 0.0161458 0.112963
2 0.0533854 0.599074 0.0244792 0.122222
