2 0.610677 0.516667 0.0296875 0.12037
2 0.585156 0.477778 0.0098958 0.0592593
2 0.577083 0.484722 0.009375 0.037963
2 0.55625 0.487963 0.0083333 0.037037
2 0.564583 0.476389 0.0145833 0.0564815
2 0.534635 0.475463 0.0119792 0.0583333
2 0.525 0.474537 0.0125 0.0601852
2 0.522656 0.450463 0.0098958 0.0287037
2 0.510417 0.44213 0.0083333 0.0305556
2 0.342969 0.441667 0.0088542 0.0277778
2 0.300521 0.511574 0.0166667 0.0472222
2 0.277865 0.514815 0.0119792 0.0518519
2 0.28776 0.509259 0.0088542 0.0444444
2 0.300781 0.493056 0.0161458 0.0787037
2 0.259375 0.502778 0.015625 0.0759259
2 0.271354 0.503241 0.0114583 0.0768519
2 0.177083 0.514352 0.0135417 0.0638889
2 0.205729 0.5 0.0197917 0.0981481
2 0.0674479 0.50787 0.0307292 0.134259
