2 0.921615 0.524537 0.0359375 0.119444
2 0.767187 0.558796 0.0208333 0.106481
2 0.702083 0.598148 0.0302083 0.185185
2 0.673698 0.590278 0.0442708 0.180556
2 0.651042 0.574074 0.025 0.103704
2 0.622396 0.573148 0.028125 0.105556
2 0.599219 0.581019 0.0317708 0.150926
2 0.588542 0.581482 0.0208333 0.118519
2 0.566146 0.581019 0.0291667 0.14537
2 0.550781 0.581944 0.0192708 0.123148
2 0.503125 0.577315 0.028125 0.100926
2 0.433333 0.577315 0.0322917 0.112037
2 0.392708 0.568056 0.0166667 0.10463
2 0.371094 0.573611 0.0161458 0.0898148
2 0.32474 0.569907 0.0192708 0.0953704
2 0.304948 0.571759 0.0171875 0.0861111
2 0.28724 0.57037 0.0151042 0.0851852
2 0.278385 0.569907 0.0140625 0.0990741
2 0.251563 0.548148 0.0114583 0.0462963
2 0.242448 0.575 0.0161458 0.101852
2 0.23099 0.574537 0.0234375 0.108333
2 0.18776 0.578241 0.0192708 0.0861111
2 0.179948 0.550463 0.0109375 0.0601852
2 0.146094 0.569444 0.0151042 0.0833333
2 0.0080729 0.54537 0.0151042 0.0796296
2 0.0153646 0.550926 0.0140625 0.0648148
2 0.980208 0.633796 0.0395833 0.371296
2 0.223177 0.550926 0.0119792 0.0537037
1 0.366406 0.62037 0.338021 0.0259259
1 0.838281 0.623148 0.259896 0.131481
0 0.449479 0.274074 0.021875 0.0888889
0 0.542188 0.271296 0.0197917 0.0833333
