2 0.347135 0.48287 0.0505208 0.158333
2 0.404687 0.452315 0.0145833 0.0490741
2 0.475521 0.464815 0.021875 0.107407
2 0.526823 0.483796 0.0453125 0.182407
2 0.728125 0.453241 0.0239583 0.0898148
2 0.92474 0.42963 0.0130208 0.0555556
2 0.588542 0.478704 0.0322917 0.157407
2 0.960156 0.437037 0.0140625 0.0685185
2 0.195313 0.455093 0.00625 0.0287037
1 0.429688 0.569444 0.788542 0.0796296
0 0.577604 0.343056 0.0072917 0.0287037
0 0.873698 0.364352 0.0098958 0.0324074
0 0.884115 0.366667 0.0078125 0.0240741
