2 0.277083 0.571296 0.021875 0.0796296
2 0.979688 0.531482 0.021875 0.122222
1 0.501562 0.573611 0.08125 0.0101852
0 0.519271 0.453704 0.0177083 0.0185185
2 0.840625 0.543981 0.0197917 0.0972222
2 0.813281 0.52963 0.0140625 0.0611111
2 0.88724 0.548611 0.0192708 0.119444
2 0.914323 0.546296 0.0234375 0.12037
2 0.82526 0.542593 0.0171875 0.0907407
2 0.0239583 0.574537 0.0208333 0.108333
2 0.208073 0.556481 0.0130208 0.0592593
2 0.85599 0.540741 0.0161458 0.087037
2 0.864062 0.531482 0.0166667 0.0888889
2 0.22474 0.551389 0.0119792 0.0435185
2 0.902604 0.575463 0.0395833 0.152778
