2 0.979427 0.533796 0.0203125 0.126852
2 0.954948 0.565278 0.0317708 0.186111
2 0.838281 0.541204 0.0171875 0.075
2 0.720833 0.544444 0.0145833 0.0611111
1 0.499479 0.825463 0.997917 0.278704
0 0.566927 0.36713 0.0328125 0.0287037
2 0.248177 0.573148 0.0130208 0.0666667
2 0.232031 0.573148 0.0109375 0.0574074
2 0.173177 0.572685 0.0109375 0.0453704
2 0.167187 0.559259 0.0083333 0.037037
2 0.698177 0.5375 0.0098958 0.0472222
2 0.708594 0.552315 0.0151042 0.0824074
2 0.822656 0.539352 0.0171875 0.0805556
2 0.138281 0.57037 0.0109375 0.0481481
