2 0.0268229 0.664352 0.0473958 0.413889
2 0.0927083 0.563426 0.0125 0.0712963
2 0.124479 0.565741 0.0302083 0.0981481
2 0.217969 0.570833 0.0244792 0.0935185
2 0.251823 0.572222 0.0171875 0.0851852
2 0.278385 0.579167 0.0390625 0.123148
2 0.33125 0.583333 0.0291667 0.12037
2 0.467708 0.673611 0.105208 0.393519
2 0.528906 0.643056 0.0369792 0.287963
2 0.565885 0.639352 0.0328125 0.258333
2 0.614323 0.656018 0.0661458 0.315741
2 0.629687 0.581944 0.0333333 0.20463
2 0.72526 0.688889 0.0953125 0.405556
2 0.834115 0.669444 0.0671875 0.364815
2 0.821354 0.597222 0.071875 0.388889
2 0.856771 0.55787 0.0302083 0.141667
2 0.9375 0.605556 0.0739583 0.405556
1 0.25625 0.819907 0.398958 0.249074
2 0.715625 0.553241 0.0302083 0.141667
0 0.236719 0.0532407 0.0359375 0.106481
0 0.421354 0.0435185 0.034375 0.087037
