0 0.989062 0.231944 0.021875 0.0472222
1 0.929948 0.55463 0.140104 0.0185185
1 0.221354 0.586574 0.157292 0.0194444
1 0.0466146 0.593518 0.0463542 0.0185185
2 0.0473958 0.561111 0.021875 0.087037
2 0.211719 0.55 0.0119792 0.062963
2 0.225 0.55 0.0125 0.0685185
2 0.340625 0.550463 0.0197917 0.075
2 0.376302 0.544444 0.0109375 0.05
2 0.389583 0.540278 0.0083333 0.0601852
2 0.396354 0.541204 0.0104167 0.0583333
2 0.51224 0.555556 0.0161458 0.0833333
2 0.535677 0.553241 0.0161458 0.0861111
2 0.550521 0.529167 0.0104167 0.0490741
2 0.897656 0.525463 0.0078125 0.0342593
2 0.863542 0.524537 0.00625 0.0324074
