2 0.954427 0.562037 0.0380208 0.266667
2 0.80651 0.478704 0.0130208 0.0666667
2 0.86849 0.486574 0.0119792 0.0601852
2 0.610417 0.567593 0.0572917 0.333333
2 0.585677 0.474074 0.0171875 0.0925926
2 0.408854 0.461574 0.0125 0.0564815
2 0.34375 0.462037 0.0145833 0.0592593
2 0.317969 0.469444 0.0151042 0.062963
2 0.304167 0.466204 0.0114583 0.0731481
2 0.275 0.468056 0.0145833 0.0712963
2 0.258073 0.47037 0.0161458 0.0666667
2 0.176042 0.469907 0.0322917 0.108333
2 0.154167 0.467593 0.0104167 0.0611111
1 0.123177 0.477778 0.0494792 0.0092593
1 0.407552 0.649537 0.815104 0.286111
1 0.503385 0.818056 0.993229 0.280556
0 0.215104 0.362037 0.0135417 0.037037
