2 0.971354 0.50787 0.021875 0.10463
2 0.930469 0.508796 0.0192708 0.106481
2 0.9 0.517593 0.015625 0.109259
2 0.911458 0.578704 0.0479167 0.196296
2 0.899219 0.576389 0.0276042 0.167593
2 0.878906 0.586111 0.0286458 0.198148
2 0.833854 0.535185 0.0208333 0.114815
2 0.789844 0.544907 0.0296875 0.106481
2 0.713802 0.573148 0.0265625 0.105556
2 0.630208 0.574074 0.0354167 0.107407
2 0.613542 0.571296 0.0260417 0.101852
2 0.550781 0.573611 0.0234375 0.0953704
2 0.254948 0.547685 0.0088542 0.0472222
2 0.228906 0.567593 0.0161458 0.0685185
2 0.223698 0.575463 0.0182292 0.087963
2 0.214323 0.573611 0.0213542 0.0990741
2 0.178125 0.551852 0.0114583 0.0592593
2 0.125521 0.559722 0.028125 0.087963
2 0.0596354 0.579167 0.0171875 0.0990741
2 0.0518229 0.556018 0.0161458 0.0824074
2 0.0252604 0.552315 0.0119792 0.0731481
2 0.0151042 0.551389 0.0125 0.0657407
2 0.0059896 0.543056 0.0119792 0.0805556
1 0.430729 0.61713 0.471875 0.0305556
1 0.96276 0.630093 0.0713542 0.110185
1 0.794792 0.608796 0.15625 0.0916667
0 0.449479 0.274074 0.021875 0.0888889
0 0.542188 0.271296 0.0197917 0.0833333
