2 0.0664062 0.286574 0.0088542 0.0564815
2 0.148698 0.280556 0.0067708 0.0314815
2 0.21849 0.286574 0.0088542 0.0416667
2 0.229687 0.285185 0.0083333 0.0425926
2 0.686198 0.306482 0.0182292 0.0962963
2 0.603125 0.292593 0.0104167 0.0481481
2 0.659375 0.278241 0.009375 0.0453704
2 0.945573 0.353241 0.0348958 0.126852
1 0.383854 0.426852 0.766667 0.0851852
0 0.420833 0.153241 0.0104167 0.0416667
0 0.457292 0.153241 0.0104167 0.037963
0 0.563542 0.243519 0.009375 0.0259259
0 0.878906 0.0148148 0.0338542 0.0296296
2 0.672917 0.283796 0.0145833 0.0490741
