2 0.679948 0.481944 0.0359375 0.191667
2 0.702344 0.436574 0.0223958 0.0916667
2 0.18724 0.475 0.0130208 0.0592593
2 0.197917 0.485185 0.0208333 0.0962963
2 0.257552 0.483796 0.0203125 0.0787037
2 0.300781 0.459259 0.0109375 0.05
2 0.29349 0.457407 0.0109375 0.0518519
2 0.779427 0.44213 0.0203125 0.0972222
2 0.615365 0.43287 0.0088542 0.0416667
2 0.598177 0.433796 0.0109375 0.0398148
1 0.609115 0.525926 0.309896 0.0351852
1 0.203125 0.55463 0.295833 0.0574074
1 0.889063 0.588426 0.221875 0.119444
