2 0.413021 0.54537 0.0104167 0.0333333
1 0.839063 0.652778 0.110417 0.101852
2 0.6125 0.540741 0.0125 0.0574074
2 0.645052 0.534722 0.0140625 0.0731481
1 0.660937 0.644907 0.152083 0.0731481
2 0.677865 0.558796 0.0182292 0.102778
2 0.05625 0.566667 0.021875 0.109259
2 0.810156 0.535648 0.0151042 0.075
2 0.881771 0.556018 0.0239583 0.128704
2 0.920052 0.544444 0.0192708 0.111111
2 0.722656 0.538426 0.0130208 0.0712963
2 0.716667 0.540278 0.0125 0.0675926
2 0.584375 0.540741 0.0145833 0.0722222
2 0.95599 0.700463 0.0880208 0.549074
2 0.746354 0.544444 0.0208333 0.0814815
2 0.765625 0.596759 0.0479167 0.158333
