2 0.94401 0.636574 0.0838542 0.373148
2 0.973698 0.624537 0.0401042 0.34537
2 0.90651 0.528704 0.0276042 0.133333
2 0.748177 0.561111 0.0234375 0.107407
2 0.682813 0.597685 0.0416667 0.180556
2 0.652604 0.587037 0.0364583 0.192593
2 0.638542 0.571296 0.0166667 0.103704
2 0.603125 0.571296 0.0197917 0.101852
2 0.589323 0.587963 0.0380208 0.166667
2 0.573698 0.573611 0.0213542 0.108333
2 0.553125 0.583333 0.028125 0.151852
2 0.53724 0.581944 0.0213542 0.125
2 0.492708 0.574537 0.0239583 0.10463
2 0.415885 0.577315 0.0244792 0.115741
2 0.404427 0.572222 0.0255208 0.105556
2 0.361719 0.575 0.0244792 0.0833333
2 0.339323 0.575926 0.0234375 0.0925926
2 0.31224 0.57037 0.0151042 0.0907407
2 0.30026 0.56713 0.0130208 0.087963
2 0.292448 0.569444 0.0244792 0.0981481
2 0.251302 0.550463 0.0098958 0.0453704
2 0.222396 0.572222 0.015625 0.101852
2 0.207292 0.574074 0.0260417 0.111111
2 0.199479 0.575926 0.0145833 0.0962963
2 0.180469 0.552778 0.0109375 0.0592593
2 0.15651 0.563889 0.0203125 0.087037
2 0.00625 0.540278 0.0125 0.0731481
2 0.0161458 0.55463 0.0125 0.0740741
1 0.853125 0.627778 0.29375 0.137037
1 0.316927 0.619907 0.194271 0.0268519
1 0.477344 0.618981 0.109896 0.025
0 0.449479 0.274074 0.021875 0.0888889
0 0.542188 0.271296 0.0197917 0.0833333
