2 0.096875 0.535648 0.0302083 0.115741
2 0.134115 0.525 0.0255208 0.124074
2 0.186458 0.51713 0.0166667 0.100926
2 0.202344 0.531018 0.0182292 0.0712963
2 0.202604 0.505093 0.01875 0.087963
2 0.217708 0.518982 0.0177083 0.0601852
2 0.236198 0.486111 0.0161458 0.0814815
2 0.257031 0.492593 0.0140625 0.05
2 0.31224 0.439815 0.0078125 0.0351852
2 0.322396 0.440741 0.009375 0.0333333
2 0.341146 0.443518 0.0083333 0.0351852
2 0.348437 0.447685 0.0083333 0.037963
2 0.509896 0.432407 0.0072917 0.0296296
2 0.51875 0.446759 0.0072917 0.0342593
2 0.528125 0.48287 0.0145833 0.0675926
2 0.543229 0.480556 0.015625 0.0703704
2 0.563021 0.493519 0.0114583 0.0407407
2 0.592708 0.478241 0.0177083 0.0805556
2 0.6125 0.47963 0.015625 0.0759259
2 0.626562 0.491667 0.0166667 0.0611111
2 0.590365 0.489815 0.0119792 0.0537037
2 0.0567708 0.521759 0.0208333 0.100926
2 0.0138021 0.513889 0.0276042 0.157407
2 0.0809896 0.526389 0.0192708 0.100926
2 0.220052 0.490741 0.0151042 0.0314815
