2 0.948177 0.577315 0.0494792 0.193519
2 0.908854 0.584259 0.053125 0.190741
2 0.853385 0.528704 0.0286458 0.111111
2 0.808594 0.541204 0.0276042 0.106481
2 0.730469 0.569907 0.0213542 0.10463
2 0.658073 0.572222 0.0276042 0.109259
2 0.640625 0.571296 0.0270833 0.107407
2 0.621094 0.569444 0.0192708 0.0925926
2 0.567187 0.575463 0.028125 0.0935185
2 0.255208 0.549537 0.0125 0.0490741
2 0.223177 0.565278 0.0140625 0.0694444
2 0.210938 0.578241 0.0135417 0.0898148
2 0.20026 0.575463 0.0161458 0.0972222
2 0.177604 0.549537 0.0104167 0.0564815
2 0.128125 0.551389 0.0125 0.075
2 0.11224 0.55787 0.0161458 0.0935185
2 0.0619792 0.581944 0.01875 0.0972222
2 0.0398437 0.549537 0.0192708 0.0898148
2 0.0070313 0.535185 0.0119792 0.0703704
2 0.889583 0.506019 0.0125 0.0842593
2 0.917969 0.493056 0.0119792 0.062037
2 0.94974 0.500926 0.0171875 0.105556
1 0.430729 0.61713 0.471875 0.0305556
1 0.798698 0.610648 0.202604 0.0935185
0 0.449479 0.274074 0.021875 0.0888889
0 0.542188 0.271296 0.0197917 0.0833333
