2 0.815104 0.537963 0.053125 0.314815
2 0.785677 0.525 0.0348958 0.22037
2 0.75599 0.524537 0.0432292 0.213889
2 0.577865 0.473611 0.0098958 0.0638889
2 0.554688 0.480093 0.0145833 0.0601852
2 0.545833 0.461574 0.0104167 0.0472222
2 0.305469 0.471296 0.0119792 0.0555556
2 0.284635 0.480556 0.0151042 0.062963
2 0.323438 0.475926 0.0125 0.0703704
2 0.0341146 0.496296 0.0286458 0.131481
2 0.10599 0.531944 0.0338542 0.139815
1 0.303646 0.53287 0.0395833 0.0268519
2 0.103385 0.49537 0.0192708 0.0925926
