1 0.471615 0.714352 0.943229 0.382407
2 0.0273438 0.488426 0.0203125 0.0638889
2 0.05 0.491204 0.009375 0.0657407
2 0.0583333 0.493056 0.0114583 0.0712963
2 0.0744792 0.488889 0.0104167 0.0685185
2 0.0799479 0.49213 0.0140625 0.0694444
2 0.144531 0.503241 0.0203125 0.0898148
2 0.179427 0.484722 0.0151042 0.0768519
2 0.183073 0.493519 0.0161458 0.0685185
2 0.213802 0.489352 0.0171875 0.0787037
2 0.23125 0.4875 0.0166667 0.0861111
2 0.667188 0.506944 0.0354167 0.117593
2 0.781771 0.543981 0.040625 0.232407
2 0.815104 0.546759 0.0458333 0.241667
2 0.901823 0.487963 0.0130208 0.0814815
0 0.115625 0.364815 0.0135417 0.0407407
