2 0.103646 0.4875 0.015625 0.102778
2 0.116406 0.49537 0.0192708 0.0944444
2 0.149479 0.504167 0.0135417 0.062037
2 0.170833 0.490278 0.0177083 0.0935185
2 0.203125 0.48287 0.0197917 0.0935185
2 0.185937 0.514815 0.0114583 0.0537037
2 0.230208 0.500926 0.009375 0.0555556
2 0.240104 0.4875 0.01875 0.0824074
2 0.269792 0.476389 0.0104167 0.0657407
2 0.276823 0.489352 0.0171875 0.0861111
2 0.316146 0.471296 0.009375 0.0518519
2 0.324479 0.470833 0.0083333 0.0509259
2 0.363021 0.464815 0.0072917 0.0462963
2 0.355208 0.465278 0.0083333 0.0453704
2 0.53125 0.459259 0.00625 0.0407407
2 0.566146 0.46713 0.0114583 0.0546296
2 0.584896 0.485648 0.015625 0.0787037
2 0.625781 0.488426 0.0192708 0.0953704
2 0.669792 0.478241 0.015625 0.075
2 0.0075521 0.473611 0.0151042 0.113889
2 0.19401 0.499537 0.0182292 0.0861111
