2 0.152865 0.481019 0.0171875 0.0787037
2 0.182031 0.518056 0.0255208 0.123148
2 0.24401 0.479167 0.0078125 0.0416667
2 0.254948 0.474074 0.0119792 0.0611111
2 0.264323 0.468518 0.0109375 0.062963
2 0.276823 0.47963 0.0151042 0.0574074
2 0.517187 0.446296 0.0052083 0.0296296
2 0.543229 0.455093 0.0083333 0.037963
2 0.551042 0.474537 0.0114583 0.0564815
2 0.578125 0.465741 0.0135417 0.0574074
2 0.694271 0.506019 0.0333333 0.176852
2 0.730729 0.514815 0.0375 0.246296
2 0.267708 0.486574 0.009375 0.0342593
2 0.210156 0.478241 0.0119792 0.0583333
2 0.348958 0.45463 0.0072917 0.0351852
2 0.35651 0.455093 0.0078125 0.0361111
2 0.198958 0.469444 0.009375 0.0685185
2 0.0747396 0.491667 0.0234375 0.114815
