2 0.964323 0.552315 0.0213542 0.128704
2 0.944531 0.572222 0.0307292 0.175926
2 0.915625 0.543981 0.0229167 0.134259
2 0.899219 0.562963 0.0328125 0.168518
2 0.800781 0.543056 0.0161458 0.0712963
2 0.698438 0.546759 0.0135417 0.0564815
2 0.685677 0.556018 0.0151042 0.0731481
1 0.561198 0.747222 0.877604 0.183333
0 0.553906 0.377315 0.0307292 0.0268519
2 0.25026 0.571296 0.0119792 0.062963
2 0.233594 0.570833 0.0098958 0.0527778
2 0.223698 0.560185 0.0088542 0.0444444
2 0.180469 0.571296 0.0098958 0.0462963
2 0.172396 0.558796 0.0083333 0.0361111
