2 0.19375 0.533796 0.009375 0.0287037
1 0.677344 0.763889 0.619271 0.27037
2 0.466406 0.548148 0.0276042 0.125926
2 0.902083 0.569444 0.0375 0.203704
2 0.56224 0.537963 0.0203125 0.0981481
2 0.552344 0.533796 0.0151042 0.0824074
2 0.610937 0.548148 0.0229167 0.107407
2 0.834375 0.581019 0.0677083 0.208333
2 0.672135 0.528704 0.0140625 0.0907407
2 0.650521 0.525926 0.01875 0.105556
2 0.578906 0.547222 0.0171875 0.0759259
2 0.428125 0.533796 0.0145833 0.0805556
2 0.478125 0.531944 0.0145833 0.0731481
2 0.989323 0.596759 0.0213542 0.20463
2 0.832812 0.5375 0.0270833 0.136111
