2 0.796875 0.450463 0.0260417 0.134259
2 0.766667 0.425926 0.0208333 0.124074
2 0.74974 0.422685 0.0161458 0.0842593
2 0.630729 0.423148 0.01875 0.0722222
2 0.606771 0.416667 0.015625 0.0462963
2 0.591927 0.420833 0.0109375 0.0601852
2 0.584635 0.420833 0.0098958 0.0564815
2 0.545052 0.416667 0.0088542 0.0462963
2 0.36224 0.422685 0.0109375 0.0453704
1 0.389323 0.446296 0.104687 0.0148148
1 0.533073 0.440278 0.0505208 0.0101852
0 0.549479 0.38287 0.0083333 0.025
0 0.526563 0.350926 0.0083333 0.0277778
2 0.351823 0.426852 0.0098958 0.0425926
