0 0.542708 0.491667 0.0072917 0.0185185
0 0.0966146 0.450926 0.0067708 0.0166667
1 0.43724 0.769907 0.856771 0.215741
1 0.757552 0.616204 0.225521 0.0694444
2 0.510938 0.551389 0.0125 0.0527778
2 0.635677 0.589352 0.0276042 0.141667
2 0.974219 0.596296 0.0151042 0.087037
2 0.951823 0.590741 0.0161458 0.0851852
1 0.670052 0.602315 0.0255208 0.123148
2 0.600521 0.558333 0.0104167 0.0388889
2 0.720833 0.575 0.0125 0.0703704
2 0.747396 0.581482 0.0177083 0.0907407
2 0.788281 0.590741 0.0203125 0.0962963
2 0.071875 0.508796 0.009375 0.0490741
2 0.619271 0.564815 0.009375 0.0574074
2 0.476302 0.544907 0.0088542 0.0342593
