2 0.625521 0.5375 0.0114583 0.0601852
0 0.529948 0.468056 0.0130208 0.012037
2 0.645312 0.5375 0.0145833 0.0731481
2 0.588802 0.530556 0.0067708 0.0351852
2 0.65599 0.535185 0.0130208 0.0703704
2 0.0276042 0.627315 0.0375 0.230556
2 0.158333 0.587037 0.01875 0.0925926
2 0.117188 0.606481 0.0208333 0.109259
2 0.575 0.53287 0.0052083 0.0361111
2 0.132031 0.591667 0.0192708 0.1
2 0.582292 0.532407 0.0083333 0.037037
2 0.784375 0.509259 0.0135417 0.0666667
2 0.173177 0.592593 0.0213542 0.12963
2 0.776302 0.515278 0.0119792 0.0638889
2 0.596615 0.533796 0.0067708 0.0342593
2 0.484635 0.534259 0.0057292 0.0222222
2 0.211198 0.567593 0.0130208 0.0722222
2 0.142708 0.580093 0.01875 0.087963
2 0.194531 0.577315 0.0182292 0.0935185
