2 0.370313 0.466204 0.0125 0.0472222
2 0.534635 0.440278 0.0098958 0.0361111
2 0.544271 0.456019 0.0083333 0.0398148
2 0.653385 0.508333 0.0161458 0.0740741
2 0.680208 0.503241 0.0239583 0.0972222
2 0.70026 0.508796 0.0171875 0.0805556
2 0.361719 0.450926 0.0098958 0.0388889
2 0.345313 0.454167 0.009375 0.0416667
2 0.325521 0.450463 0.0125 0.0472222
2 0.31875 0.457407 0.009375 0.0388889
2 0.351563 0.450926 0.0072917 0.0407407
2 0.38099 0.453704 0.0088542 0.0407407
2 0.0450521 0.547685 0.0296875 0.158333
2 0.336979 0.452315 0.00625 0.0287037
2 0.646094 0.510648 0.0098958 0.0583333
