2 0.892969 0.549537 0.0192708 0.0935185
2 0.859896 0.577315 0.0239583 0.160185
2 0.84974 0.581944 0.0213542 0.128704
2 0.834375 0.572685 0.0197917 0.110185
2 0.78724 0.573611 0.0244792 0.121296
2 0.768229 0.566204 0.0229167 0.115741
2 0.707812 0.55463 0.0083333 0.05
2 0.716927 0.554167 0.0109375 0.0490741
2 0.272396 0.575 0.009375 0.0481481
2 0.28724 0.574074 0.0119792 0.0518519
2 0.168229 0.572685 0.0104167 0.0342593
1 0.315365 0.65463 0.360938 0.0537037
1 0.444271 0.575463 0.0875 0.012037
0 0.540104 0.414352 0.025 0.0212963
1 0.785677 0.633796 0.251563 0.0490741
