2 0.525 0.509259 0.0197917 0.0851852
2 0.348177 0.543981 0.0380208 0.152778
2 0.386979 0.524537 0.0260417 0.134259
2 0.404948 0.52963 0.0234375 0.142593
2 0.43776 0.519444 0.0234375 0.146296
2 0.451302 0.524074 0.0234375 0.157407
2 0.478646 0.539352 0.0447917 0.169444
2 0.497396 0.497685 0.0145833 0.0657407
2 0.519531 0.5375 0.0265625 0.141667
2 0.541927 0.528704 0.0213542 0.148148
2 0.798958 0.500926 0.015625 0.0888889
1 0.904948 0.601389 0.179688 0.123148
1 0.618229 0.542593 0.0552083 0.0333333
