0 0.53099 0.50463 0.0067708 0.0240741
0 0.135937 0.472685 0.00625 0.0194444
1 0.164844 0.630556 0.252604 0.0574074
1 0.575 0.668518 0.11875 0.0481481
2 0.56901 0.580093 0.0182292 0.0953704
2 0.586979 0.584259 0.0145833 0.087037
2 0.598437 0.56713 0.0114583 0.0527778
2 0.613802 0.563889 0.0098958 0.0425926
2 0.71276 0.581944 0.0161458 0.0694444
2 0.745833 0.57963 0.01875 0.087037
2 0.85026 0.583333 0.0130208 0.0666667
2 0.690365 0.575 0.0140625 0.0537037
2 0.134115 0.527778 0.0098958 0.0314815
2 0.0466146 0.524537 0.0098958 0.0490741
