2 0.169531 0.513889 0.0130208 0.0648148
2 0.205208 0.5125 0.015625 0.0398148
2 0.257552 0.496296 0.0171875 0.0685185
2 0.268229 0.515741 0.0125 0.0481481
2 0.296615 0.493056 0.0151042 0.0694444
2 0.542969 0.477315 0.0119792 0.0601852
2 0.557292 0.496759 0.021875 0.0972222
2 0.585938 0.475 0.0125 0.0537037
2 0.0489583 0.505556 0.0322917 0.159259
2 0.531771 0.476389 0.0135417 0.0564815
2 0.290625 0.511111 0.0135417 0.0481481
2 0.627344 0.475 0.0182292 0.0648148
2 0.520833 0.45 0.0072917 0.0351852
