2 0.658854 0.549537 0.0145833 0.0657407
2 0.810156 0.556018 0.0265625 0.134259
2 0.839583 0.562037 0.0302083 0.131481
2 0.90026 0.565741 0.0265625 0.133333
2 0.958333 0.584259 0.0270833 0.172222
1 0.791667 0.658333 0.333333 0.0851852
1 0.405208 0.671759 0.148958 0.0694444
1 0.0955729 0.69213 0.145313 0.0583333
1 0.420052 0.571296 0.0953125 0.0092593
0 0.538021 0.391204 0.0270833 0.0268519
2 0.0497396 0.566667 0.0088542 0.0462963
2 0.728646 0.541204 0.0114583 0.0546296
2 0.744531 0.540278 0.0140625 0.0583333
2 0.0294271 0.59213 0.0244792 0.108333
2 0.877604 0.544907 0.01875 0.102778
2 0.827604 0.539815 0.0166667 0.1
