2 0.667448 0.514352 0.0109375 0.0546296
2 0.65599 0.511111 0.0171875 0.0703704
2 0.715625 0.514815 0.0104167 0.05
0 0.708594 0.397222 0.0182292 0.0703704
0 0.602865 0.462037 0.0098958 0.0333333
0 0.558073 0.391667 0.0098958 0.0407407
0 0.527865 0.39213 0.0119792 0.0416667
0 0.503385 0.393056 0.0109375 0.0398148
1 0.379687 0.552315 0.028125 0.012037
2 0.463281 0.518519 0.0171875 0.0537037
1 0.456771 0.551852 0.0270833 0.0166667
0 0.113281 0.475463 0.0088542 0.0324074
2 0.11875 0.512963 0.0104167 0.0425926
0 0.0994792 0.479167 0.009375 0.0342593
