2 0.903385 0.599074 0.0921875 0.375926
2 0.76901 0.519907 0.0130208 0.0731481
2 0.645052 0.52963 0.0098958 0.0425926
2 0.591146 0.54537 0.0104167 0.0518519
0 0.514583 0.48287 0.0125 0.012037
2 0.601302 0.545833 0.0119792 0.0583333
2 0.284635 0.577778 0.0130208 0.0648148
2 0.752604 0.524074 0.0197917 0.0851852
2 0.571875 0.540278 0.0072917 0.0342593
2 0.254427 0.587037 0.0140625 0.0851852
2 0.264844 0.568982 0.0088542 0.0490741
2 0.652865 0.530093 0.0109375 0.0416667
2 0.610937 0.544907 0.0104167 0.0564815
2 0.229167 0.587963 0.0135417 0.0777778
