0 0.258854 0.0962963 0.0354167 0.146296
0 0.416146 0.105093 0.0302083 0.115741
1 0.0414062 0.721296 0.0828125 0.109259
2 0.0669271 0.558796 0.0140625 0.075
2 0.166927 0.670833 0.120312 0.44537
2 0.275781 0.647222 0.0744792 0.333333
2 0.3 0.603241 0.04375 0.302778
2 0.346354 0.635648 0.0416667 0.282407
2 0.428646 0.672685 0.159375 0.482407
2 0.711979 0.568982 0.05625 0.371296
2 0.741406 0.589815 0.0192708 0.0759259
2 0.398698 0.585185 0.0255208 0.131481
2 0.640625 0.590278 0.0479167 0.25463
2 0.573177 0.656018 0.0880208 0.402778
2 0.672396 0.573611 0.021875 0.193519
2 0.551302 0.548611 0.0234375 0.119444
2 0.0153646 0.580093 0.0307292 0.182407
2 0.102865 0.560648 0.0151042 0.0768519
2 0.522396 0.600926 0.040625 0.209259
2 0.690365 0.571759 0.0276042 0.187963
