2 0.32474 0.5625 0.0098958 0.037963
2 0.334115 0.572685 0.0130208 0.0601852
2 0.35026 0.573611 0.0130208 0.0564815
2 0.66849 0.5625 0.0296875 0.117593
2 0.700521 0.572685 0.034375 0.165741
2 0.721354 0.539815 0.0114583 0.0740741
2 0.73151 0.533796 0.0151042 0.0731481
2 0.772135 0.536574 0.0182292 0.0861111
0 0.508333 0.493519 0.0114583 0.012963
2 0.291146 0.574074 0.0145833 0.0703704
2 0.581771 0.549074 0.009375 0.0388889
2 0.683073 0.534722 0.0109375 0.0527778
2 0.823698 0.530556 0.0234375 0.103704
2 0.0059896 0.578704 0.0119792 0.0851852
2 0.308594 0.565741 0.0078125 0.0444444
2 0.315885 0.565741 0.0098958 0.0444444
2 0.340625 0.57037 0.009375 0.05
