2 0.192969 0.471759 0.0088542 0.0361111
2 0.20026 0.472222 0.0067708 0.0333333
2 0.15651 0.476852 0.0078125 0.0388889
2 0.276823 0.465278 0.0098958 0.037963
2 0.169271 0.473148 0.00625 0.037037
2 0.143229 0.474537 0.009375 0.0472222
2 0.325781 0.46713 0.0098958 0.0435185
2 0.0976562 0.474537 0.0098958 0.0472222
2 0.151302 0.472685 0.0057292 0.025
2 0.464583 0.461574 0.009375 0.037963
2 0.359635 0.4625 0.0067708 0.0342593
2 0.181771 0.471759 0.0072917 0.037963
2 0.177865 0.472685 0.0067708 0.0324074
2 0.477083 0.45787 0.0083333 0.0416667
2 0.0776042 0.474537 0.0072917 0.0416667
2 0.0820312 0.476852 0.0078125 0.0388889
2 0.264323 0.462963 0.0078125 0.0314815
2 0.234896 0.463426 0.00625 0.0231481
0 0.0361979 0.253241 0.0171875 0.0787037
