2 0.263802 0.4625 0.0109375 0.0509259
2 0.276563 0.4625 0.00625 0.0435185
2 0.282813 0.465278 0.00625 0.0416667
2 0.284375 0.453241 0.0083333 0.0472222
2 0.297135 0.464352 0.0067708 0.0324074
2 0.307031 0.460185 0.0067708 0.0425926
2 0.311979 0.458796 0.0072917 0.0435185
2 0.501562 0.435185 0.0052083 0.0277778
2 0.527604 0.464352 0.0072917 0.0416667
2 0.774479 0.523148 0.0447917 0.174074
2 0.810677 0.556944 0.0359375 0.14537
2 0.869531 0.537037 0.0348958 0.201852
2 0.90026 0.555556 0.0442708 0.159259
