0 0.547396 0.376389 0.0072917 0.0212963
0 0.527083 0.346759 0.0083333 0.0268519
2 0.535937 0.410185 0.0104167 0.0444444
2 0.569531 0.408796 0.0109375 0.0509259
2 0.580208 0.40787 0.0114583 0.0509259
2 0.76849 0.425463 0.0265625 0.125
2 0.914063 0.449074 0.040625 0.15
1 0.414583 0.428704 0.0604167 0.0111111
1 0.528906 0.425926 0.0526042 0.0092593
2 0.60625 0.412037 0.0135417 0.0648148
2 0.811979 0.408333 0.015625 0.062963
2 0.377083 0.414352 0.0104167 0.0435185
2 0.591927 0.406018 0.0119792 0.0416667
