2 0.0328125 0.660648 0.0520833 0.425
2 0.0942708 0.561111 0.0125 0.0722222
2 0.113802 0.565741 0.0317708 0.103704
2 0.211458 0.568519 0.0177083 0.0944444
2 0.249219 0.57037 0.0171875 0.0833333
2 0.282031 0.575926 0.0380208 0.12037
2 0.347917 0.577315 0.028125 0.128704
2 0.46276 0.67037 0.103646 0.387037
2 0.54375 0.641667 0.046875 0.298148
2 0.585156 0.64213 0.0338542 0.267593
2 0.63125 0.656944 0.0572917 0.330556
2 0.6375 0.574074 0.03125 0.192593
2 0.751562 0.688426 0.0979167 0.417593
2 0.866667 0.671296 0.06875 0.374074
2 0.85599 0.596759 0.0744792 0.402778
1 0.257292 0.821296 0.401042 0.25
2 0.727344 0.55787 0.0307292 0.143518
2 0.707812 0.557407 0.0229167 0.112963
2 0.261979 0.568056 0.0145833 0.0898148
2 0.517708 0.543981 0.009375 0.0490741
0 0.426302 0.0398148 0.0348958 0.0796296
