2 0.776042 0.655556 0.0479167 0.290741
2 0.48724 0.690741 0.121354 0.411111
2 0.447917 0.663889 0.0354167 0.2
2 0.308594 0.575926 0.0223958 0.0888889
2 0.283854 0.573148 0.0177083 0.087037
2 0.1125 0.630093 0.0895833 0.319444
2 0.0872396 0.568982 0.0161458 0.0842593
2 0.0388021 0.564352 0.0161458 0.0824074
1 0.0341146 0.729167 0.0661458 0.10463
1 0.304427 0.786574 0.253646 0.184259
0 0.236198 0.0796296 0.0338542 0.131481
0 0.407031 0.0736111 0.0317708 0.121296
2 0.708333 0.65463 0.0947917 0.388889
2 0.259896 0.600463 0.0520833 0.178704
2 0.675521 0.60787 0.0510417 0.323148
2 0.822396 0.618056 0.0510417 0.334259
2 0.455729 0.630556 0.0416667 0.238889
2 0.606771 0.664815 0.0645833 0.325926
2 0.557292 0.548611 0.0260417 0.115741
