2 0.590885 0.469907 0.0234375 0.0768519
2 0.521094 0.478704 0.0161458 0.1
2 0.460417 0.472685 0.0177083 0.0842593
2 0.444531 0.477315 0.0265625 0.106481
2 0.378125 0.462037 0.0104167 0.0444444
2 0.344271 0.485648 0.015625 0.0842593
2 0.253125 0.487963 0.01875 0.087037
2 0.21224 0.501389 0.0192708 0.0861111
2 0.200781 0.499074 0.0130208 0.087037
2 0.173958 0.48287 0.009375 0.0472222
2 0.169531 0.485185 0.0098958 0.0537037
2 0.153125 0.501852 0.0114583 0.0740741
2 0.140885 0.50463 0.0109375 0.0925926
2 0.130469 0.501389 0.0109375 0.0583333
2 0.110156 0.505556 0.0161458 0.0759259
2 0.0911458 0.512963 0.0291667 0.122222
2 0.0604167 0.510185 0.015625 0.087037
2 0.05 0.519907 0.0229167 0.0990741
2 0.428646 0.458333 0.00625 0.0203704
2 0.320573 0.468518 0.0098958 0.0388889
2 0.360156 0.465741 0.0088542 0.0333333
1 0.465885 0.534722 0.690104 0.0361111
0 0.419271 0.425926 0.00625 0.0166667
0 0.711979 0.391204 0.0072917 0.0231481
0 0.73099 0.391667 0.0078125 0.0240741
