2 0.557292 0.430093 0.0104167 0.0342593
2 0.81901 0.516667 0.0526042 0.198148
2 0.8875 0.406944 0.0104167 0.0398148
2 0.673437 0.504167 0.03125 0.147222
2 0.71276 0.475 0.0161458 0.0648148
2 0.927344 0.409259 0.0098958 0.0462963
2 0.516406 0.430093 0.0078125 0.0324074
2 0.522917 0.425926 0.00625 0.0259259
2 0.357552 0.456019 0.0098958 0.0342593
1 0.359635 0.540278 0.0307292 0.0287037
2 0.404948 0.439352 0.0098958 0.0342593
2 0.738542 0.458796 0.0125 0.0509259
0 0.409635 0.345833 0.0078125 0.0268519
