2 0.973698 0.468982 0.0078125 0.0231481
2 0.940885 0.49537 0.0255208 0.122222
2 0.92474 0.466204 0.0057292 0.0268519
2 0.883854 0.490741 0.028125 0.1
2 0.839323 0.498148 0.0203125 0.105556
2 0.819531 0.493056 0.0223958 0.0990741
2 0.74349 0.487963 0.0171875 0.0814815
2 0.732813 0.487963 0.0166667 0.103704
2 0.702344 0.490741 0.0265625 0.1
2 0.636979 0.496759 0.0229167 0.115741
2 0.653125 0.49213 0.0302083 0.110185
2 0.601042 0.480093 0.0177083 0.0805556
2 0.441406 0.493519 0.0348958 0.116667
2 0.383854 0.453704 0.0083333 0.0407407
2 0.391406 0.485185 0.0276042 0.107407
2 0.276302 0.498148 0.0182292 0.101852
2 0.025 0.508333 0.0385417 0.146296
1 0.333594 0.526389 0.105729 0.0435185
1 0.725 0.539352 0.532292 0.075
0 0.970052 0.429167 0.0067708 0.0175926
