2 0.105469 0.478704 0.0359375 0.137037
2 0.123958 0.477778 0.0302083 0.144444
2 0.489583 0.4125 0.0125 0.0435185
2 0.56224 0.407407 0.0109375 0.0425926
2 0.575521 0.41713 0.0114583 0.062037
2 0.590885 0.424537 0.0078125 0.0416667
2 0.596354 0.425 0.0114583 0.0425926
2 0.608073 0.418981 0.0151042 0.0787037
2 0.653125 0.422222 0.0177083 0.0703704
2 0.707812 0.414352 0.0208333 0.10463
2 0.739583 0.41713 0.0197917 0.108333
2 0.805469 0.419444 0.0265625 0.0907407
1 0.490625 0.696296 0.978125 0.218518
0 0.48099 0.358333 0.0067708 0.0222222
