1 0.444792 0.729167 0.885417 0.384259
2 0.0177083 0.498148 0.0135417 0.0722222
2 0.0385417 0.501389 0.015625 0.0768519
2 0.0984375 0.50787 0.021875 0.102778
2 0.171615 0.496296 0.0203125 0.0833333
2 0.184896 0.492593 0.0177083 0.0907407
2 0.695052 0.515741 0.0401042 0.131481
2 0.816667 0.551852 0.0447917 0.255556
2 0.847396 0.555093 0.0489583 0.258333
2 0.132813 0.499537 0.0197917 0.075
2 0.14375 0.488426 0.0177083 0.0768519
2 0.222656 0.485648 0.0130208 0.075
0 0.0742188 0.364352 0.0140625 0.0416667
