1 0.147396 0.643056 0.294792 0.0694444
1 0.574219 0.674074 0.161979 0.0425926
1 0.677344 0.604167 0.159896 0.0490741
2 0.574219 0.584259 0.0161458 0.0962963
2 0.595833 0.586111 0.0125 0.0925926
2 0.607031 0.563426 0.0109375 0.0416667
2 0.615625 0.568056 0.009375 0.0472222
2 0.691406 0.576852 0.0130208 0.0574074
2 0.715365 0.583796 0.0140625 0.0787037
2 0.75026 0.584259 0.0182292 0.0777778
2 0.847656 0.585648 0.0130208 0.0657407
2 0.864844 0.586574 0.0140625 0.0712963
2 0.0395833 0.523148 0.0104167 0.05
2 0.126042 0.524074 0.0083333 0.0388889
0 0.131771 0.469907 0.0072917 0.0194444
0 0.532812 0.505093 0.00625 0.0212963
