2 0.166146 0.447222 0.009375 0.0407407
2 0.966927 0.44537 0.0109375 0.0462963
2 0.920313 0.473148 0.034375 0.12963
2 0.889323 0.469444 0.0244792 0.122222
2 0.836198 0.441667 0.0119792 0.0518519
2 0.800521 0.451852 0.0114583 0.0703704
2 0.791406 0.448148 0.0088542 0.0537037
2 0.720312 0.45463 0.0135417 0.0759259
2 0.68151 0.437037 0.0088542 0.0407407
2 0.638802 0.443518 0.0098958 0.0351852
2 0.573177 0.4375 0.0067708 0.0268519
2 0.7 0.433796 0.009375 0.0361111
2 0.732552 0.438889 0.0140625 0.0537037
