2 0.86224 0.531482 0.0213542 0.105556
2 0.820833 0.606018 0.05625 0.200926
2 0.8 0.593518 0.0614583 0.203704
2 0.767969 0.556018 0.0296875 0.0990741
2 0.738281 0.558796 0.0223958 0.0990741
2 0.72474 0.571296 0.0286458 0.105556
2 0.705208 0.578241 0.0229167 0.0990741
2 0.683073 0.583796 0.0317708 0.171296
2 0.666406 0.573611 0.0203125 0.106481
2 0.652083 0.588426 0.040625 0.165741
2 0.571094 0.575 0.0182292 0.105556
2 0.497917 0.575463 0.021875 0.110185
2 0.427344 0.574074 0.0265625 0.087037
2 0.378646 0.574537 0.021875 0.115741
2 0.327083 0.570833 0.028125 0.10463
2 0.271615 0.568519 0.0161458 0.0777778
2 0.260417 0.574537 0.0270833 0.0861111
2 0.295573 0.548148 0.0078125 0.0351852
2 0.248698 0.550463 0.0088542 0.0453704
2 0.221354 0.551389 0.009375 0.0546296
2 0.228646 0.568519 0.0145833 0.0833333
2 0.195833 0.574537 0.0239583 0.0953704
2 0.179167 0.552315 0.009375 0.0583333
2 0.13151 0.559259 0.0151042 0.0888889
2 0.0864583 0.560185 0.015625 0.0833333
2 0.0151042 0.546296 0.0125 0.0537037
2 0.0070313 0.538889 0.0130208 0.0703704
1 0.416146 0.620833 0.441667 0.0231481
1 0.91901 0.627778 0.161979 0.144444
1 0.75651 0.598611 0.0755208 0.075
0 0.449479 0.274074 0.021875 0.0888889
0 0.542188 0.271296 0.0197917 0.0833333
