2 0.892969 0.527315 0.0328125 0.106481
2 0.846094 0.538426 0.0234375 0.108333
2 0.770052 0.565278 0.0265625 0.110185
2 0.708854 0.574074 0.034375 0.107407
2 0.692969 0.573148 0.0223958 0.103704
2 0.639063 0.577315 0.021875 0.0916667
2 0.60599 0.581482 0.0296875 0.0981481
2 0.253646 0.55787 0.0125 0.0490741
2 0.211979 0.574074 0.0166667 0.0703704
2 0.119531 0.559259 0.0140625 0.0759259
2 0.0856771 0.568982 0.0182292 0.0898148
2 0.0640625 0.580556 0.0197917 0.0944444
2 0.225 0.561111 0.009375 0.0481481
2 0.173958 0.580556 0.0229167 0.1
2 0.866406 0.519444 0.0182292 0.0814815
2 0.957292 0.499074 0.0177083 0.122222
2 0.0135417 0.560648 0.0125 0.0712963
1 0.820833 0.625 0.228125 0.109259
1 0.427083 0.627315 0.46875 0.0305556
0 0.449479 0.281018 0.021875 0.0898148
0 0.542188 0.277778 0.0197917 0.0833333
