1 0.583333 0.685648 0.173958 0.0564815
1 0.68125 0.605556 0.158333 0.0481481
2 0.579687 0.586111 0.0166667 0.1
2 0.602604 0.588889 0.0125 0.0944444
2 0.608854 0.564815 0.0114583 0.0425926
2 0.617969 0.568982 0.0098958 0.0490741
2 0.717969 0.586111 0.0140625 0.0777778
2 0.754167 0.587963 0.0177083 0.0759259
2 0.860677 0.588889 0.0130208 0.0648148
2 0.876302 0.589352 0.0140625 0.0712963
2 0.0333333 0.521759 0.0104167 0.0509259
2 0.121094 0.523148 0.0088542 0.0407407
0 0.127604 0.468056 0.0072917 0.0194444
0 0.533854 0.505093 0.00625 0.0212963
2 0.509896 0.564352 0.009375 0.0472222
1 0.145573 0.64537 0.291146 0.0759259
