2 0.56875 0.441204 0.009375 0.025
2 0.579167 0.441667 0.0083333 0.0296296
2 0.597396 0.44213 0.0114583 0.0342593
2 0.663021 0.440741 0.0104167 0.05
2 0.64974 0.451852 0.0130208 0.05
2 0.685417 0.451852 0.015625 0.0592593
2 0.7375 0.454167 0.0145833 0.0564815
2 0.759896 0.435185 0.009375 0.0537037
2 0.940104 0.436574 0.0177083 0.0805556
2 0.91276 0.435185 0.0151042 0.0759259
2 0.909896 0.458796 0.0145833 0.0509259
2 0.871875 0.449074 0.0114583 0.0759259
2 0.769531 0.433333 0.0098958 0.05
2 0.558594 0.440278 0.0067708 0.0231481
2 0.844792 0.43287 0.0114583 0.0546296
2 0.989062 0.468518 0.021875 0.153704
2 0.866406 0.443519 0.0109375 0.0722222
2 0.792448 0.42963 0.0130208 0.05
