2 0.982031 0.541667 0.0307292 0.157407
2 0.961458 0.543056 0.0270833 0.150926
2 0.713542 0.610185 0.065625 0.198148
2 0.208594 0.55463 0.0119792 0.0592593
2 0.163802 0.559722 0.0098958 0.0657407
2 0.153125 0.559259 0.0114583 0.0703704
2 0.0364583 0.558333 0.0166667 0.0888889
2 0.18099 0.564352 0.0109375 0.0361111
2 0.0635417 0.559259 0.015625 0.0722222
2 0.81875 0.597222 0.0354167 0.153704
2 0.104948 0.561111 0.0171875 0.0796296
2 0.0942708 0.561574 0.0114583 0.0768519
2 0.0278646 0.555093 0.0140625 0.0768519
2 0.470573 0.55787 0.0057292 0.0194444
1 0.91849 0.649074 0.163021 0.12963
1 0.353906 0.681018 0.654688 0.0527778
0 0.436458 0.163426 0.0302083 0.123148
0 0.570573 0.163889 0.0296875 0.116667
