2 0.161198 0.434259 0.0130208 0.0648148
2 0.134375 0.433796 0.01875 0.0731481
2 0.144531 0.443518 0.0109375 0.0518519
2 0.0739583 0.421296 0.00625 0.0314815
2 0.764583 0.431019 0.0114583 0.0657407
2 0.368229 0.415741 0.0145833 0.0703704
2 0.734896 0.425926 0.0125 0.0666667
1 0.42474 0.508796 0.832812 0.0583333
1 0.533594 0.447222 0.290104 0.0185185
1 0.315365 0.447685 0.0557292 0.0138889
0 0.598437 0.256944 0.0291667 0.0212963
0 0.546354 0.253704 0.0291667 0.0240741
0 0.208073 0.34537 0.0088542 0.0296296
0 0.702083 0.35787 0.0083333 0.0268519
