2 0.703125 0.521296 0.0125 0.0740741
2 0.686719 0.521759 0.0192708 0.0824074
0 0.764583 0.368982 0.0239583 0.0916667
0 0.605729 0.463889 0.0114583 0.0388889
0 0.553646 0.381018 0.0114583 0.0472222
0 0.519531 0.381018 0.0140625 0.0472222
0 0.490885 0.381944 0.0130208 0.0453704
1 0.41901 0.576852 0.0567708 0.0222222
1 0.898438 0.57963 0.140625 0.0333333
1 0.618229 0.574537 0.065625 0.0287037
2 0.761198 0.519907 0.0119792 0.0583333
1 0.265365 0.571759 0.0380208 0.0268519
0 0.04375 0.477778 0.009375 0.0314815
0 0.0523438 0.473148 0.0098958 0.037037
