2 0.813802 0.483796 0.0182292 0.0824074
2 0.867708 0.4875 0.0135417 0.0657407
2 0.65599 0.594444 0.100521 0.368519
2 0.591927 0.47963 0.0255208 0.101852
2 0.396875 0.464352 0.0125 0.0564815
2 0.329948 0.465741 0.0151042 0.0611111
2 0.303385 0.473148 0.0130208 0.062963
2 0.291146 0.474074 0.015625 0.0666667
2 0.264323 0.472685 0.0182292 0.075
2 0.241667 0.478704 0.01875 0.0833333
1 0.11224 0.480556 0.0536458 0.0092593
1 0.413802 0.668981 0.825521 0.313889
1 0.501562 0.789352 0.995833 0.221296
2 0.149219 0.472685 0.0317708 0.102778
2 0.634635 0.503704 0.0369792 0.174074
2 0.98099 0.57037 0.0380208 0.285185
0 0.202604 0.362963 0.0135417 0.037037
