2 0.154948 0.428704 0.0130208 0.0666667
2 0.127604 0.42963 0.01875 0.0740741
2 0.138021 0.438426 0.0114583 0.0546296
2 0.0708333 0.418519 0.0072917 0.0296296
2 0.0986979 0.415278 0.0098958 0.0435185
2 0.767708 0.403704 0.0125 0.0703704
2 0.343229 0.403241 0.0145833 0.0712963
2 0.738281 0.401389 0.0130208 0.0675926
1 0.43151 0.49537 0.847396 0.0777778
1 0.533854 0.427778 0.29375 0.0185185
0 0.598177 0.234259 0.0296875 0.0222222
0 0.545052 0.231944 0.0296875 0.025
0 0.201302 0.3375 0.0088542 0.0305556
0 0.704687 0.331944 0.0083333 0.0268519
