2 0.567448 0.435648 0.0109375 0.0287037
2 0.577865 0.434259 0.0088542 0.0296296
2 0.603646 0.436574 0.0104167 0.037963
2 0.688281 0.438889 0.0130208 0.062963
2 0.655729 0.444907 0.0177083 0.0583333
2 0.704427 0.445833 0.0182292 0.0694444
2 0.558333 0.434722 0.0072917 0.025
2 0.907031 0.430556 0.0151042 0.0685185
2 0.880729 0.421759 0.015625 0.0694444
2 0.596875 0.431944 0.0083333 0.0305556
2 0.754948 0.42963 0.0119792 0.0555556
2 0.0822917 0.462963 0.0114583 0.0574074
2 0.992708 0.436574 0.0145833 0.112037
2 0.551562 0.433333 0.0072917 0.0277778
2 0.867448 0.453241 0.0182292 0.0861111
