2 0.0776042 0.575463 0.0229167 0.102778
2 0.895052 0.636574 0.0567708 0.352778
2 0.839063 0.706944 0.071875 0.515741
1 0.291667 0.840741 0.394792 0.211111
2 0.110417 0.579167 0.0239583 0.108333
2 0.701042 0.601852 0.0489583 0.264815
2 0.344271 0.561574 0.0166667 0.0472222
2 0.486198 0.59213 0.0432292 0.14537
2 0.56224 0.600463 0.0401042 0.165741
1 0.592448 0.625463 0.0421875 0.0472222
2 0.59375 0.570833 0.01875 0.0861111
2 0.614062 0.573148 0.0145833 0.0796296
2 0.636719 0.582407 0.0307292 0.227778
2 0.73776 0.580556 0.0223958 0.140741
2 0.755729 0.566667 0.01875 0.111111
2 0.976042 0.659259 0.0479167 0.462963
2 0.795313 0.568056 0.0322917 0.162037
