1 0.631771 0.580093 0.223958 0.0805556
1 0.954687 0.631482 0.0802083 0.142593
2 0.370573 0.563889 0.0463542 0.196296
2 0.273438 0.566667 0.0677083 0.257407
2 0.28776 0.546759 0.0348958 0.213889
2 0.22526 0.5625 0.0421875 0.20463
2 0.189844 0.55463 0.0328125 0.172222
2 0.115885 0.584259 0.0442708 0.225926
2 0.490625 0.515741 0.01875 0.0740741
2 0.378385 0.531482 0.0244792 0.114815
2 0.522396 0.512963 0.009375 0.0518519
2 0.529688 0.510185 0.0114583 0.0425926
0 0.309375 0.471296 0.0083333 0.0111111
