2 0.939583 0.541204 0.0239583 0.10463
2 0.915104 0.549074 0.0229167 0.116667
1 0.388542 0.622222 0.208333 0.0351852
0 0.534635 0.426389 0.0234375 0.0212963
1 0.48151 0.568519 0.0588542 0.0111111
2 0.961979 0.540278 0.0177083 0.0990741
2 0.772656 0.561574 0.0161458 0.0935185
2 0.76276 0.560648 0.0140625 0.100926
2 0.75026 0.564352 0.0151042 0.112037
2 0.309896 0.566667 0.009375 0.0481481
2 0.732031 0.558333 0.0171875 0.087037
2 0.71849 0.555556 0.0171875 0.087037
2 0.297656 0.567593 0.0088542 0.0444444
