2 0.852344 0.460648 0.0255208 0.10463
2 0.669271 0.447222 0.0166667 0.0481481
2 0.585938 0.444907 0.0104167 0.0287037
2 0.767969 0.449537 0.0088542 0.0564815
2 0.94401 0.467593 0.0151042 0.107407
2 0.776563 0.443056 0.0125 0.0583333
2 0.822656 0.439352 0.0088542 0.0546296
2 0.832031 0.439815 0.0119792 0.0740741
2 0.804948 0.449074 0.0130208 0.0833333
2 0.596615 0.443981 0.0088542 0.0287037
2 0.880469 0.451852 0.0171875 0.0740741
2 0.716927 0.435185 0.0098958 0.0462963
2 0.644792 0.450463 0.0135417 0.0583333
2 0.791146 0.434259 0.0125 0.0481481
2 0.14974 0.457407 0.0088542 0.0425926
