0 0.542708 0.487963 0.0072917 0.0185185
0 0.0859375 0.443056 0.00625 0.0175926
1 0.438542 0.810185 0.85625 0.283333
1 0.777865 0.620833 0.227604 0.0731481
2 0.508854 0.549537 0.0125 0.0546296
2 0.652865 0.591667 0.0307292 0.157407
2 0.975781 0.59213 0.0171875 0.0898148
1 0.691406 0.60463 0.0276042 0.133333
2 0.605729 0.556481 0.0114583 0.0425926
2 0.72526 0.575 0.0130208 0.0740741
2 0.754687 0.580556 0.0177083 0.0907407
2 0.794792 0.589815 0.0208333 0.1
2 0.0585938 0.503241 0.0098958 0.0509259
2 0.622135 0.5625 0.0098958 0.0601852
2 0.455469 0.544444 0.0192708 0.0648148
2 0.440625 0.541204 0.0072917 0.0435185
