2 0.275 0.50463 0.0177083 0.0833333
2 0.278125 0.460648 0.0104167 0.0509259
2 0.284115 0.468056 0.0109375 0.0490741
2 0.298177 0.481944 0.0078125 0.0324074
2 0.304948 0.474074 0.0098958 0.05
2 0.318229 0.471759 0.0114583 0.0527778
2 0.334375 0.460185 0.009375 0.0481481
2 0.363281 0.465278 0.0098958 0.0509259
2 0.372656 0.453704 0.0078125 0.0407407
2 0.517448 0.444444 0.0067708 0.0296296
2 0.538021 0.45463 0.009375 0.0407407
2 0.547656 0.474074 0.0130208 0.05
1 0.327083 0.508796 0.0875 0.0268519
2 0.253385 0.471759 0.0109375 0.0509259
2 0.230469 0.473611 0.0130208 0.0583333
2 0.238542 0.46713 0.0083333 0.0546296
2 0.629948 0.495833 0.0359375 0.147222
2 0.161458 0.4875 0.0197917 0.0953704
