2 0.567969 0.470833 0.0244792 0.0842593
2 0.392708 0.466667 0.021875 0.062963
2 0.366406 0.46713 0.0255208 0.0898148
2 0.317969 0.472685 0.0182292 0.0787037
2 0.283073 0.467593 0.0203125 0.0759259
2 0.241406 0.476852 0.0151042 0.0703704
2 0.168229 0.468982 0.009375 0.0324074
2 0.103385 0.491667 0.0213542 0.0962963
2 0.0888021 0.476389 0.0098958 0.0453704
2 0.075 0.491667 0.0104167 0.0685185
2 0.0684896 0.491204 0.0140625 0.0768519
2 0.0492187 0.478241 0.0098958 0.0435185
2 0.0401042 0.475 0.009375 0.037037
2 0.0192708 0.50463 0.0260417 0.122222
2 0.351042 0.45463 0.0083333 0.0277778
2 0.204688 0.456481 0.0052083 0.0222222
2 0.229948 0.462963 0.0098958 0.037037
1 0.355729 0.514352 0.470833 0.0287037
0 0.266406 0.423611 0.0067708 0.0194444
0 0.547656 0.391204 0.0088542 0.0231481
0 0.565625 0.391667 0.0072917 0.0222222
