2 0.366927 0.493056 0.0432292 0.193519
2 0.457292 0.453704 0.0104167 0.0481481
2 0.466667 0.493056 0.040625 0.223148
2 0.769531 0.45787 0.0213542 0.0972222
2 0.95026 0.435648 0.0130208 0.0601852
2 0.670573 0.487037 0.0515625 0.187037
2 0.985937 0.443056 0.0135417 0.0731481
2 0.508594 0.471296 0.0317708 0.118519
2 0.0325521 0.485648 0.0109375 0.0509259
1 0.449479 0.597685 0.892708 0.087963
0 0.580208 0.344444 0.0072917 0.0296296
0 0.886979 0.365278 0.0104167 0.0361111
0 0.896615 0.36713 0.0078125 0.025
