2 0.08125 0.568982 0.015625 0.126852
2 0.0963542 0.572685 0.0145833 0.112037
2 0.145573 0.560185 0.0140625 0.0740741
2 0.160417 0.576852 0.015625 0.0777778
2 0.194531 0.560185 0.0078125 0.0592593
2 0.201823 0.565278 0.0088542 0.0509259
2 0.236979 0.55787 0.0114583 0.0564815
2 0.686719 0.566667 0.0203125 0.0981481
2 0.715365 0.594444 0.0338542 0.118519
2 0.904167 0.513889 0.01875 0.0833333
2 0.905469 0.554167 0.0265625 0.132407
2 0.85026 0.555093 0.0276042 0.113889
2 0.840104 0.543981 0.01875 0.102778
2 0.776563 0.609722 0.0697917 0.206482
2 0.990104 0.520833 0.01875 0.141667
1 0.434896 0.64537 0.586458 0.037037
1 0.909375 0.637037 0.176042 0.125926
0 0.447656 0.235185 0.0255208 0.103704
0 0.557813 0.233796 0.025 0.0972222
