2 0.711979 0.525926 0.0125 0.0740741
2 0.697917 0.526852 0.0197917 0.0851852
0 0.782812 0.361574 0.0260417 0.100926
0 0.60599 0.466204 0.0119792 0.0398148
0 0.551823 0.379167 0.0119792 0.0490741
0 0.515885 0.37963 0.0140625 0.0481481
0 0.486458 0.380093 0.0135417 0.0472222
1 0.414323 0.581019 0.0619792 0.0361111
1 0.924219 0.591667 0.151562 0.0351852
1 0.619531 0.584259 0.0776042 0.0314815
2 0.775781 0.526389 0.0130208 0.062037
1 0.249219 0.580093 0.0734375 0.0324074
0 0.028125 0.477315 0.009375 0.0324074
0 0.0348958 0.473611 0.0104167 0.0361111
