0 0.547917 0.375463 0.0072917 0.0212963
0 0.527604 0.346759 0.0083333 0.0268519
2 0.536719 0.410648 0.0109375 0.0472222
2 0.571094 0.410185 0.0109375 0.0518519
2 0.58125 0.408796 0.0114583 0.0509259
2 0.778385 0.426852 0.0265625 0.125926
2 0.935677 0.450926 0.0432292 0.159259
1 0.414323 0.428704 0.0619792 0.0111111
1 0.529688 0.426852 0.053125 0.0092593
2 0.608333 0.411574 0.0145833 0.0675926
2 0.816406 0.409722 0.0161458 0.0657407
2 0.376563 0.413889 0.0104167 0.0444444
2 0.59349 0.406944 0.0119792 0.0416667
