2 0.475 0.4625 0.0083333 0.0324074
2 0.407031 0.463426 0.0109375 0.0435185
2 0.199479 0.471759 0.0083333 0.0361111
2 0.191406 0.472685 0.0067708 0.0342593
2 0.20599 0.473148 0.0057292 0.0333333
2 0.164844 0.476389 0.0088542 0.037963
2 0.280208 0.468056 0.0083333 0.0342593
2 0.271354 0.464815 0.0083333 0.0240741
2 0.177604 0.474074 0.00625 0.037037
2 0.152083 0.476389 0.009375 0.0435185
2 0.359896 0.464815 0.0072917 0.0333333
2 0.185417 0.472222 0.00625 0.0333333
2 0.339844 0.465278 0.0098958 0.0398148
2 0.155469 0.478241 0.0078125 0.0361111
2 0.105729 0.474537 0.009375 0.0453704
2 0.0895833 0.477778 0.0083333 0.0388889
0 0.0151042 0.280093 0.015625 0.0712963
0 0.0643229 0.266667 0.0161458 0.0740741
