2 0.535417 0.450463 0.0145833 0.0527778
2 0.550781 0.447685 0.0119792 0.0564815
2 0.803125 0.4625 0.028125 0.136111
2 0.322135 0.472685 0.0130208 0.0731481
2 0.377865 0.45463 0.0140625 0.0462963
2 0.459115 0.444444 0.0078125 0.0351852
2 0.396875 0.454167 0.0114583 0.0509259
2 0.442448 0.449074 0.0088542 0.0333333
2 0.641927 0.439352 0.0088542 0.0509259
2 0.651302 0.44213 0.0109375 0.0509259
2 0.33776 0.461574 0.0151042 0.0546296
0 0.359896 0.255093 0.0166667 0.062037
0 0.529167 0.368982 0.00625 0.0231481
