2 0.0518229 0.508333 0.0234375 0.137037
2 0.157813 0.518056 0.0135417 0.0675926
2 0.188281 0.501852 0.0182292 0.0962963
2 0.226302 0.512037 0.0151042 0.0888889
2 0.263021 0.51713 0.0104167 0.0509259
2 0.293229 0.512037 0.0125 0.0555556
2 0.278646 0.498148 0.01875 0.0833333
2 0.252604 0.503704 0.0166667 0.0833333
2 0.335677 0.443056 0.0078125 0.0324074
2 0.502865 0.437963 0.0078125 0.0314815
2 0.513802 0.44537 0.0088542 0.0296296
2 0.513802 0.476389 0.0109375 0.0601852
2 0.524479 0.474537 0.0114583 0.0546296
2 0.549479 0.489815 0.0104167 0.037037
2 0.560677 0.476389 0.0109375 0.0583333
2 0.568229 0.485185 0.0072917 0.0314815
2 0.630729 0.521759 0.034375 0.141667
2 0.58151 0.478704 0.0140625 0.062963
