2 0.168229 0.593982 0.0260417 0.117593
2 0.888542 0.524074 0.0166667 0.0888889
2 0.852083 0.512963 0.015625 0.0833333
2 0.838281 0.5125 0.0140625 0.0824074
2 0.79974 0.53287 0.0171875 0.0953704
2 0.676562 0.544444 0.0145833 0.0814815
2 0.685938 0.543518 0.015625 0.0851852
2 0.643229 0.543056 0.0145833 0.062037
0 0.528906 0.469444 0.0130208 0.012963
2 0.118229 0.591667 0.0166667 0.0944444
2 0.132031 0.58287 0.0161458 0.10463
2 0.139323 0.580093 0.0161458 0.0972222
2 0.0346354 0.591667 0.0203125 0.127778
2 0.0520833 0.618056 0.028125 0.171296
2 0.0869792 0.592593 0.01875 0.107407
2 0.0171875 0.605556 0.0239583 0.131481
2 0.0630208 0.601389 0.0166667 0.115741
2 0.10599 0.59213 0.0171875 0.102778
2 0.200781 0.567593 0.0109375 0.0574074
2 0.0731771 0.599074 0.0130208 0.105556
