2 0.863021 0.611574 0.0645833 0.228704
2 0.736198 0.614815 0.0859375 0.32963
2 0.375521 0.543518 0.025 0.125926
2 0.332292 0.552315 0.021875 0.115741
2 0.308594 0.553241 0.0213542 0.130556
2 0.225 0.555556 0.0260417 0.138889
2 0.197135 0.566204 0.0223958 0.10463
2 0.179167 0.55463 0.0229167 0.125926
2 0.11276 0.543981 0.0265625 0.113889
2 0.0567708 0.543981 0.0197917 0.100926
1 0.460156 0.824537 0.920313 0.232407
2 0.0088542 0.541667 0.0177083 0.101852
2 0.0393229 0.538889 0.0171875 0.0944444
2 0.9875 0.639352 0.025 0.24537
