2 0.783854 0.462963 0.015625 0.0777778
2 0.754427 0.461574 0.0088542 0.0435185
2 0.200521 0.485648 0.015625 0.10463
2 0.153906 0.469907 0.0182292 0.0842593
2 0.445573 0.449074 0.0067708 0.0333333
2 0.766927 0.458796 0.0119792 0.0564815
2 0.127344 0.483796 0.0213542 0.087963
2 0.336198 0.461111 0.0109375 0.0444444
2 0.436458 0.455093 0.0083333 0.0398148
2 0.636458 0.442593 0.0072917 0.0333333
2 0.0611979 0.489815 0.0213542 0.12037
2 0.483854 0.446296 0.0052083 0.0277778
2 0.452865 0.447222 0.0067708 0.0277778
2 0.659635 0.447222 0.0088542 0.0462963
