2 0.795313 0.4375 0.015625 0.0787037
2 0.74349 0.428704 0.0203125 0.0740741
2 0.0927083 0.42037 0.0145833 0.0759259
2 0.0778646 0.432407 0.0109375 0.0518519
2 0.0682292 0.423611 0.0177083 0.0842593
2 0.0619792 0.398611 0.0083333 0.0453704
1 0.482552 0.44537 0.474479 0.0277778
1 0.499219 0.556944 0.997396 0.0972222
1 0.910156 0.515278 0.178646 0.0601852
0 0.623438 0.226389 0.0333333 0.025
0 0.563281 0.219907 0.0338542 0.0287037
0 0.151042 0.313889 0.0104167 0.0351852
0 0.747656 0.348148 0.0098958 0.0314815
