2 0.567969 0.4375 0.0109375 0.0287037
2 0.578385 0.436111 0.0088542 0.0314815
2 0.607031 0.438426 0.0109375 0.0398148
2 0.70026 0.440741 0.0130208 0.0685185
2 0.659896 0.446759 0.01875 0.0601852
2 0.711719 0.449074 0.0192708 0.0740741
2 0.557813 0.434259 0.0072917 0.0203704
2 0.598698 0.434722 0.0088542 0.0324074
2 0.765625 0.432407 0.0125 0.0574074
2 0.0372396 0.464815 0.0130208 0.0666667
2 0.55 0.434722 0.0072917 0.0287037
2 0.928906 0.42963 0.0151042 0.0685185
2 0.91276 0.425926 0.0151042 0.0833333
2 0.934896 0.460185 0.0208333 0.0962963
