2 0.188802 0.433796 0.0119792 0.0564815
2 0.164323 0.436574 0.0161458 0.0638889
2 0.173958 0.443518 0.0104167 0.0481481
2 0.123698 0.41713 0.0109375 0.0416667
2 0.0174479 0.448611 0.0182292 0.121296
2 0.0377604 0.449537 0.0203125 0.115741
2 0.0859375 0.424537 0.0083333 0.0305556
2 0.749479 0.440278 0.0114583 0.0638889
2 0.46875 0.423148 0.0125 0.0611111
2 0.719531 0.436574 0.0109375 0.0583333
1 0.439583 0.49537 0.719792 0.0444444
1 0.385938 0.448611 0.120833 0.012037
1 0.573177 0.450463 0.165104 0.0157407
0 0.591406 0.277778 0.0276042 0.0203704
0 0.542188 0.273148 0.0270833 0.0222222
0 0.231771 0.355556 0.0083333 0.0277778
0 0.685677 0.371759 0.0078125 0.025
