2 0.669792 0.514815 0.0125 0.0611111
2 0.658594 0.512037 0.0151042 0.0722222
2 0.71875 0.514352 0.0104167 0.0509259
0 0.71224 0.394444 0.0182292 0.0703704
0 0.602865 0.4625 0.0098958 0.0342593
0 0.557813 0.389815 0.0104167 0.0407407
0 0.527604 0.390278 0.0125 0.0416667
0 0.502604 0.391204 0.0114583 0.0398148
1 0.382813 0.550926 0.021875 0.012963
2 0.4625 0.518519 0.0166667 0.0518519
1 0.454948 0.552778 0.0307292 0.0185185
0 0.108594 0.474537 0.0088542 0.0324074
0 0.0947917 0.478241 0.009375 0.0342593
