2 0.904688 0.577778 0.0239583 0.166667
2 0.883594 0.585185 0.0213542 0.159259
2 0.436719 0.568056 0.0098958 0.0453704
1 0.54375 0.578241 0.108333 0.012037
0 0.547396 0.477315 0.0135417 0.012037
2 0.354688 0.566204 0.00625 0.0361111
2 0.615365 0.551389 0.0088542 0.037963
2 0.326823 0.568519 0.0088542 0.0537037
2 0.313802 0.569907 0.0109375 0.0509259
2 0.30625 0.566667 0.0083333 0.0425926
2 0.298698 0.563426 0.0088542 0.0435185
2 0.288281 0.568982 0.0088542 0.0509259
2 0.278906 0.569907 0.0098958 0.0490741
