2 0.136719 0.586111 0.0151042 0.0907407
2 0.15651 0.573611 0.0161458 0.0657407
2 0.195573 0.569907 0.0130208 0.0601852
2 0.21224 0.57037 0.0130208 0.0592593
2 0.229948 0.563889 0.0119792 0.0518519
2 0.34349 0.573611 0.0151042 0.0583333
2 0.359375 0.570833 0.015625 0.062037
2 0.763802 0.561111 0.0182292 0.0944444
2 0.805469 0.539352 0.0130208 0.0768519
2 0.817187 0.541204 0.0125 0.0842593
2 0.828906 0.543981 0.0161458 0.0842593
2 0.859635 0.538889 0.0203125 0.087037
1 0.511719 0.575926 0.0921875 0.0092593
0 0.51849 0.465741 0.0140625 0.0148148
2 0.244792 0.563889 0.009375 0.05
2 0.379948 0.568056 0.0098958 0.0472222
2 0.145833 0.580093 0.0104167 0.0768519
2 0.220052 0.563889 0.0109375 0.0574074
2 0.369271 0.564815 0.009375 0.0518519
2 0.792969 0.570833 0.0244792 0.115741
