0 0.258854 0.0962963 0.0354167 0.146296
0 0.416146 0.105093 0.0302083 0.115741
1 0.33099 0.74213 0.238021 0.134259
1 0.0481771 0.721296 0.0963542 0.107407
2 0.0145833 0.578241 0.0291667 0.184259
2 0.0419271 0.584259 0.0390625 0.159259
2 0.0674479 0.558333 0.0119792 0.0759259
2 0.165104 0.671296 0.120833 0.446296
2 0.200521 0.636574 0.0854167 0.325
2 0.239063 0.606481 0.0614583 0.338889
2 0.2625 0.586574 0.0291667 0.184259
2 0.284115 0.611111 0.0411458 0.224074
2 0.315365 0.635648 0.0609375 0.286111
2 0.384375 0.660648 0.0666667 0.269444
2 0.413802 0.598611 0.0223958 0.0990741
2 0.414844 0.543981 0.0223958 0.0546296
2 0.442969 0.580556 0.0276042 0.116667
2 0.480208 0.611111 0.040625 0.224074
2 0.519531 0.630556 0.0432292 0.224074
2 0.546875 0.672222 0.183333 0.538889
2 0.655469 0.626852 0.0588542 0.287037
2 0.691667 0.579167 0.05625 0.352778
2 0.741406 0.589815 0.0192708 0.0759259
