2 0.975781 0.498611 0.0265625 0.10463
2 0.96224 0.490741 0.0161458 0.0907407
2 0.934896 0.501852 0.028125 0.107407
2 0.915625 0.493519 0.01875 0.105556
2 0.833594 0.484259 0.0140625 0.0851852
2 0.827083 0.488426 0.0229167 0.110185
2 0.809635 0.469444 0.0088542 0.0462963
2 0.797396 0.49213 0.01875 0.106481
2 0.752344 0.460185 0.0130208 0.05
2 0.749479 0.49537 0.0239583 0.114815
2 0.733333 0.49213 0.0197917 0.121296
2 0.671354 0.472685 0.0197917 0.0787037
2 0.502344 0.493982 0.0390625 0.130556
2 0.463802 0.480093 0.0265625 0.102778
2 0.363021 0.493519 0.0302083 0.0981481
2 0.0666667 0.510185 0.0395833 0.144444
1 0.408333 0.518519 0.0885417 0.0388889
1 0.786198 0.525926 0.332812 0.0648148
1 0.563542 0.510648 0.110417 0.0398148
