2 0.615365 0.481019 0.0203125 0.0916667
2 0.579948 0.480093 0.0171875 0.0712963
2 0.564062 0.462963 0.0166667 0.0611111
2 0.331771 0.46713 0.009375 0.0435185
2 0.394271 0.450463 0.0072917 0.0342593
2 0.370313 0.460648 0.0125 0.0509259
2 0.322917 0.466667 0.0125 0.0481481
2 0.53151 0.455093 0.0078125 0.0416667
2 0.290885 0.483796 0.0192708 0.0824074
2 0.65625 0.475463 0.0135417 0.0731481
2 0.280469 0.471296 0.0130208 0.0648148
2 0.349479 0.456481 0.0083333 0.0444444
2 0.253125 0.481481 0.0145833 0.0740741
2 0.241146 0.49537 0.0083333 0.0481481
2 0.359375 0.459259 0.009375 0.0481481
2 0.216406 0.485185 0.0192708 0.1
2 0.188281 0.487963 0.0192708 0.087037
2 0.168229 0.496759 0.009375 0.0583333
2 0.201823 0.507407 0.0098958 0.0518519
2 0.136719 0.486111 0.0140625 0.0851852
2 0.211719 0.493519 0.0171875 0.0814815
