2 0.666406 0.528241 0.0109375 0.0472222
2 0.608854 0.543056 0.0114583 0.0564815
0 0.524219 0.479167 0.0130208 0.012037
2 0.621615 0.544907 0.0130208 0.0638889
2 0.269271 0.583333 0.0145833 0.0740741
2 0.797656 0.525926 0.0223958 0.101852
2 0.583594 0.538426 0.0098958 0.0342593
2 0.248958 0.573611 0.0125 0.0546296
2 0.672135 0.528704 0.0098958 0.0462963
2 0.631771 0.543981 0.0114583 0.062037
2 0.133854 0.615278 0.0260417 0.176852
2 0.204427 0.587963 0.0161458 0.0796296
2 0.178385 0.591667 0.0119792 0.0796296
2 0.71849 0.522685 0.0098958 0.0472222
2 0.565625 0.541667 0.0072917 0.0351852
2 0.282813 0.562963 0.0083333 0.0407407
2 0.226302 0.593518 0.0151042 0.0981481
2 0.215365 0.578241 0.0098958 0.0564815
2 0.188021 0.586574 0.0145833 0.087963
2 0.0197917 0.635185 0.0364583 0.218518
2 0.376302 0.560648 0.0078125 0.0472222
2 0.236979 0.577778 0.0135417 0.0685185
