2 0.66276 0.512963 0.0109375 0.0462963
2 0.651823 0.5125 0.0161458 0.0657407
2 0.707552 0.515741 0.0098958 0.0481481
0 0.69974 0.405093 0.0171875 0.0657407
0 0.603646 0.466204 0.009375 0.0324074
0 0.561198 0.397222 0.0098958 0.0388889
0 0.532031 0.397685 0.0119792 0.0398148
0 0.508594 0.399074 0.0109375 0.0388889
1 0.376563 0.551389 0.0322917 0.0157407
2 0.460938 0.523148 0.0145833 0.0462963
0 0.129167 0.480556 0.0083333 0.0314815
2 0.13151 0.516667 0.0109375 0.0444444
0 0.114323 0.484259 0.0088542 0.0333333
