2 0.208854 0.498611 0.0166667 0.0787037
2 0.574479 0.43287 0.0072917 0.0268519
2 0.590104 0.44213 0.0083333 0.0287037
2 0.586719 0.498611 0.0213542 0.0805556
2 0.6375 0.499074 0.0229167 0.111111
2 0.686979 0.485648 0.0208333 0.100926
2 0.794531 0.485648 0.0244792 0.128704
2 0.453646 0.476852 0.015625 0.0444444
2 0.422135 0.48287 0.0130208 0.0546296
2 0.464063 0.473148 0.0104167 0.0481481
2 0.296875 0.49213 0.015625 0.0435185
2 0.197396 0.49213 0.0114583 0.0601852
1 0.4375 0.555556 0.0489583 0.0240741
