2 0.028125 0.518982 0.03125 0.14537
2 0.0567708 0.497685 0.0260417 0.137963
2 0.111458 0.523148 0.015625 0.0796296
2 0.125 0.500926 0.0302083 0.12037
2 0.161979 0.507407 0.0239583 0.12037
2 0.200781 0.481944 0.0151042 0.0824074
2 0.251823 0.479167 0.0109375 0.0638889
2 0.26276 0.479167 0.0130208 0.0675926
2 0.303385 0.476389 0.0161458 0.0675926
2 0.369531 0.463889 0.0078125 0.0425926
2 0.576042 0.470833 0.0135417 0.0657407
2 0.615885 0.497222 0.0213542 0.111111
2 0.767448 0.531018 0.0380208 0.200926
2 0.0078125 0.510648 0.015625 0.141667
