2 0.983594 0.518519 0.0234375 0.124074
2 0.840885 0.537037 0.0213542 0.112963
2 0.79375 0.602778 0.0385417 0.196296
2 0.764323 0.583796 0.0421875 0.206482
2 0.716406 0.566204 0.0255208 0.100926
2 0.701823 0.575 0.0286458 0.109259
2 0.661198 0.586111 0.0276042 0.159259
2 0.683594 0.580556 0.0203125 0.101852
2 0.627865 0.593056 0.0265625 0.158333
2 0.558333 0.578241 0.0239583 0.0935185
2 0.482031 0.574537 0.0276042 0.115741
2 0.414844 0.572685 0.0182292 0.087963
2 0.345052 0.573148 0.0276042 0.107407
2 0.179167 0.55 0.0104167 0.0555556
2 0.10026 0.559722 0.0182292 0.0824074
2 0.241146 0.57037 0.0166667 0.0907407
2 0.648698 0.575463 0.0223958 0.108333
2 0.276823 0.574074 0.0203125 0.0925926
2 0.0067708 0.533796 0.0135417 0.0638889
2 0.0151042 0.549074 0.0135417 0.0648148
2 0.750781 0.5625 0.0213542 0.110185
2 0.14401 0.5625 0.0234375 0.0861111
2 0.226042 0.55463 0.0104167 0.05
2 0.220833 0.551852 0.0072917 0.0518519
2 0.215365 0.571296 0.0213542 0.0981481
2 0.249219 0.548148 0.0078125 0.0444444
1 0.398698 0.62037 0.402604 0.0222222
1 0.903385 0.627778 0.193229 0.142593
0 0.449479 0.274074 0.021875 0.0888889
0 0.542188 0.271296 0.0197917 0.0833333
