2 0.867188 0.561574 0.0354167 0.14537
2 0.749219 0.558333 0.0151042 0.105556
2 0.767969 0.558333 0.0213542 0.112963
0 0.548177 0.475926 0.0140625 0.012963
2 0.947656 0.518519 0.0182292 0.1
2 0.966667 0.544444 0.0239583 0.109259
2 0.914063 0.529167 0.0208333 0.113889
2 0.46224 0.559722 0.0088542 0.0435185
1 0.530208 0.565741 0.0510417 0.0092593
2 0.135677 0.581944 0.0130208 0.075
2 0.0177083 0.594907 0.0125 0.0953704
2 0.0296875 0.592593 0.0166667 0.107407
2 0.090625 0.57963 0.0166667 0.0833333
2 0.0614583 0.628241 0.0239583 0.14537
2 0.94401 0.552315 0.0223958 0.126852
