2 0.0317708 0.498611 0.0104167 0.0490741
2 0.738021 0.626852 0.0364583 0.164815
2 0.685938 0.613426 0.0333333 0.175
2 0.7625 0.586111 0.0197917 0.0944444
2 0.797917 0.594907 0.021875 0.10463
2 0.625781 0.567593 0.0119792 0.0574074
2 0.63724 0.564815 0.0109375 0.05
2 0.440625 0.539815 0.0177083 0.0518519
2 0.503646 0.550463 0.0135417 0.0527778
2 0.6125 0.556944 0.0104167 0.0435185
1 0.490365 0.843056 0.980729 0.250926
1 0.763802 0.625463 0.368229 0.106481
0 0.540365 0.488889 0.0078125 0.0222222
0 0.0671875 0.439815 0.00625 0.0203704
