2 0.589063 0.477315 0.0166667 0.0694444
2 0.682813 0.531018 0.0583333 0.208333
2 0.568229 0.475926 0.015625 0.0685185
2 0.55026 0.4875 0.0109375 0.0324074
2 0.523958 0.475926 0.0125 0.0518519
2 0.511458 0.477315 0.0135417 0.0546296
2 0.513542 0.443518 0.009375 0.0314815
2 0.504948 0.433796 0.0067708 0.0342593
2 0.3375 0.444907 0.0104167 0.0361111
2 0.276563 0.514352 0.0145833 0.0601852
2 0.252083 0.497222 0.0197917 0.0888889
2 0.24349 0.518982 0.0161458 0.0638889
2 0.233333 0.506482 0.0166667 0.087037
2 0.184635 0.518519 0.0265625 0.0907407
2 0.165104 0.515741 0.0260417 0.112963
2 0.0286458 0.503704 0.034375 0.161111
2 0.1125 0.514352 0.0197917 0.0953704
2 0.601302 0.487963 0.0119792 0.05
2 0.492188 0.42037 0.00625 0.0240741
2 0.320313 0.4375 0.00625 0.0268519
2 0.557813 0.486111 0.0083333 0.0388889
2 0.263802 0.488426 0.0130208 0.0694444
