2 0.203125 0.512963 0.009375 0.0407407
2 0.264062 0.497222 0.0166667 0.0685185
2 0.275 0.512963 0.0145833 0.0518519
2 0.304427 0.489815 0.0151042 0.0685185
2 0.544531 0.476389 0.0119792 0.0601852
2 0.0619792 0.505093 0.0364583 0.160185
2 0.534375 0.472685 0.0135417 0.0601852
2 0.298698 0.508796 0.0109375 0.0546296
2 0.611458 0.471296 0.01875 0.0611111
2 0.522917 0.448611 0.0072917 0.0361111
2 0.511719 0.44213 0.0088542 0.0361111
2 0.190885 0.496759 0.0171875 0.0953704
2 0.284375 0.492593 0.0177083 0.0814815
2 0.596615 0.480093 0.0088542 0.0453704
2 0.559115 0.475 0.0109375 0.0611111
2 0.57474 0.507407 0.0244792 0.0944444
