1 0.413802 0.539815 0.123438 0.087037
1 0.496875 0.806018 0.99375 0.20463
1 0.847917 0.60787 0.304167 0.0824074
2 0.844792 0.510185 0.0260417 0.135185
2 0.798698 0.480556 0.0130208 0.0574074
2 0.686979 0.484722 0.03125 0.0916667
2 0.66276 0.503241 0.0296875 0.171296
2 0.386979 0.471759 0.009375 0.0416667
2 0.361458 0.46713 0.0052083 0.037963
2 0.366406 0.46713 0.0078125 0.0398148
2 0.378646 0.468518 0.0072917 0.0388889
0 0.205469 0.275463 0.0140625 0.0638889
0 0.419531 0.3875 0.0109375 0.0287037
