2 0.709896 0.527778 0.0125 0.0759259
2 0.695052 0.528241 0.0203125 0.0861111
0 0.778646 0.364815 0.0260417 0.1
0 0.605469 0.46713 0.0119792 0.0398148
0 0.551823 0.381018 0.0119792 0.0490741
0 0.516406 0.381481 0.0140625 0.0481481
0 0.4875 0.381018 0.0135417 0.0472222
1 0.415104 0.581019 0.059375 0.0342593
1 0.919531 0.590278 0.158854 0.0342593
1 0.61849 0.583796 0.0755208 0.0305556
2 0.771875 0.526389 0.0125 0.062037
1 0.253906 0.578241 0.0651042 0.0324074
0 0.03125 0.478241 0.009375 0.0324074
0 0.0380208 0.474074 0.0104167 0.0351852
