0 0.236979 0.0555556 0.034375 0.111111
0 0.419792 0.05 0.0333333 0.1
2 0.0205729 0.662963 0.0411458 0.416667
2 0.0921875 0.565278 0.0125 0.0712963
2 0.129167 0.56713 0.0291667 0.0953704
2 0.21901 0.572222 0.0265625 0.0907407
2 0.253385 0.573611 0.0171875 0.0842593
2 0.276563 0.581019 0.0395833 0.125
2 0.321875 0.582407 0.028125 0.107407
2 0.46901 0.676389 0.106771 0.399074
2 0.5375 0.64213 0.059375 0.282407
2 0.558333 0.639815 0.0322917 0.253704
2 0.602865 0.654167 0.0651042 0.310185
2 0.625781 0.583333 0.0328125 0.201852
2 0.717448 0.687963 0.0921875 0.392593
2 0.809635 0.674537 0.0661458 0.358333
2 0.801042 0.604167 0.0708333 0.382407
2 0.850781 0.558796 0.0296875 0.139815
2 0.909375 0.603704 0.0729167 0.4
1 0.25599 0.813889 0.398438 0.259259
