2 0.194792 0.424537 0.0135417 0.0583333
2 0.169271 0.426852 0.0166667 0.0648148
2 0.179688 0.435648 0.0104167 0.0490741
2 0.127865 0.410185 0.0109375 0.0425926
2 0.0309896 0.4375 0.0171875 0.113889
2 0.0494792 0.440741 0.0177083 0.107407
2 0.0888021 0.419444 0.0078125 0.037037
2 0.745573 0.430556 0.0109375 0.062963
2 0.485677 0.412963 0.0119792 0.0592593
2 0.716406 0.426852 0.0109375 0.0574074
1 0.448698 0.477778 0.686979 0.0314815
1 0.415885 0.437963 0.0973958 0.012963
1 0.58099 0.440741 0.143229 0.0148148
0 0.589583 0.27037 0.0270833 0.0203704
0 0.541406 0.265741 0.0265625 0.0222222
0 0.235938 0.348148 0.0083333 0.0277778
0 0.682031 0.3625 0.0088542 0.025
