2 0.364844 0.488426 0.0494792 0.176852
2 0.451562 0.453704 0.0135417 0.0481481
2 0.476823 0.490741 0.0453125 0.218518
2 0.765365 0.455093 0.0223958 0.102778
2 0.946875 0.434722 0.0125 0.0601852
2 0.657292 0.486574 0.0427083 0.189815
2 0.983073 0.443056 0.0130208 0.0712963
2 0.505208 0.471296 0.028125 0.114815
2 0.0341146 0.485648 0.0109375 0.0509259
1 0.440365 0.591667 0.878646 0.0851852
0 0.579948 0.343982 0.0078125 0.0305556
0 0.884896 0.363426 0.0104167 0.0342593
0 0.895052 0.366204 0.0078125 0.025
