2 0.983073 0.449537 0.0182292 0.100926
2 0.823177 0.459259 0.0213542 0.0925926
2 0.66224 0.445833 0.0161458 0.0472222
2 0.584115 0.443981 0.0098958 0.0287037
2 0.747917 0.447685 0.009375 0.0509259
2 0.890885 0.461111 0.0171875 0.0944444
2 0.757031 0.441667 0.0119792 0.0555556
2 0.0450521 0.458796 0.0088542 0.0527778
2 0.0333333 0.462037 0.009375 0.0537037
2 0.802604 0.438889 0.0104167 0.0666667
2 0.731771 0.440741 0.0083333 0.0388889
2 0.0390625 0.460185 0.009375 0.0444444
2 0.635417 0.441667 0.0083333 0.0388889
2 0.809896 0.439815 0.0104167 0.0648148
2 0.779948 0.446759 0.0151042 0.0731481
2 0.641406 0.449537 0.0098958 0.0342593
2 0.594531 0.44213 0.0088542 0.0287037
2 0.838802 0.447222 0.0182292 0.0648148
2 0.974219 0.443981 0.0140625 0.075
2 0.0041667 0.462037 0.0083333 0.0685185
