1 0.407552 0.541204 0.126563 0.0898148
1 0.498437 0.818056 0.996875 0.191667
2 0.846615 0.513889 0.0265625 0.137037
2 0.801302 0.483796 0.0130208 0.0564815
2 0.667969 0.481019 0.0307292 0.0935185
2 0.38125 0.473611 0.009375 0.0416667
2 0.3625 0.468056 0.0052083 0.0398148
2 0.373437 0.470833 0.0072917 0.0398148
0 0.198698 0.275 0.0140625 0.0648148
2 0.356771 0.468056 0.0072917 0.0416667
1 0.838802 0.615278 0.318229 0.075
2 0.46224 0.469907 0.0119792 0.0527778
2 0.485156 0.471296 0.0119792 0.0611111
2 0.828125 0.476389 0.0072917 0.0324074
0 0.414323 0.388426 0.0109375 0.0287037
