2 0.36875 0.46713 0.0125 0.0472222
2 0.535677 0.441204 0.0098958 0.0361111
2 0.54349 0.457407 0.0078125 0.037037
2 0.66276 0.509722 0.0161458 0.0768519
2 0.690104 0.504167 0.0260417 0.100926
2 0.7125 0.510185 0.01875 0.0888889
2 0.360417 0.449537 0.009375 0.037963
2 0.322656 0.450463 0.0098958 0.0453704
2 0.338802 0.455093 0.0067708 0.0398148
2 0.334896 0.455093 0.0052083 0.0287037
2 0.348958 0.454167 0.0104167 0.0398148
2 0.318229 0.456019 0.009375 0.037963
2 0.161458 0.527315 0.0177083 0.0712963
2 0.191667 0.516204 0.0229167 0.0694444
