0 0.236458 0.062963 0.0385417 0.125926
0 0.41276 0.0574074 0.0328125 0.114815
1 0.271354 0.809722 0.346875 0.243519
2 0.0104167 0.652778 0.0208333 0.388889
2 0.0518229 0.643519 0.0765625 0.346296
2 0.142448 0.570833 0.0276042 0.0935185
2 0.228646 0.573611 0.0177083 0.0916667
2 0.266667 0.583796 0.040625 0.132407
2 0.290104 0.581944 0.0260417 0.10463
2 0.47526 0.681944 0.114063 0.400926
2 0.558073 0.650463 0.0473958 0.289815
2 0.527604 0.644907 0.03125 0.263889
2 0.608333 0.590741 0.0322917 0.2
2 0.666667 0.673148 0.0614583 0.355556
2 0.691667 0.564815 0.0135417 0.15
2 0.703906 0.578241 0.0276042 0.149074
2 0.75651 0.675463 0.0546875 0.323148
2 0.738281 0.611111 0.0848958 0.357407
2 0.820313 0.633333 0.0729167 0.418519
2 0.904948 0.606018 0.0494792 0.293519
