0 0.15625 0.483796 0.0052083 0.0157407
0 0.221094 0.119444 0.0651042 0.0537037
2 0.11875 0.533796 0.0104167 0.0472222
2 0.163542 0.5375 0.0072917 0.0287037
2 0.157552 0.537037 0.0067708 0.0296296
1 0.205469 0.622222 0.171354 0.037037
2 0.599479 0.572685 0.0114583 0.0490741
2 0.608333 0.568519 0.00625 0.0351852
2 0.682031 0.578704 0.0088542 0.0518519
2 0.722656 0.576852 0.0109375 0.0777778
2 0.786719 0.581482 0.0130208 0.0574074
2 0.801562 0.581944 0.0145833 0.062037
2 0.059375 0.52963 0.0114583 0.0555556
2 0.566667 0.583333 0.0125 0.0703704
2 0.558333 0.58287 0.0083333 0.0731481
2 0.0710937 0.533333 0.0098958 0.05
