2 0.792969 0.442593 0.0182292 0.0777778
2 0.746354 0.433796 0.015625 0.0675926
2 0.101302 0.430556 0.0140625 0.0814815
2 0.0385417 0.431482 0.01875 0.0722222
2 0.0848958 0.438889 0.0125 0.0592593
2 0.0734375 0.431018 0.0166667 0.0842593
1 0.478906 0.449537 0.457812 0.0268519
1 0.498177 0.546296 0.994271 0.0759259
1 0.901302 0.510648 0.197396 0.0546296
0 0.615625 0.236111 0.0322917 0.0240741
0 0.556771 0.230556 0.0333333 0.0277778
0 0.157813 0.324537 0.0104167 0.0342593
0 0.736458 0.354167 0.009375 0.0305556
