2 0.964063 0.589352 0.03125 0.191667
2 0.408333 0.564815 0.0104167 0.05
1 0.524219 0.577315 0.107813 0.0138889
0 0.53151 0.471296 0.0140625 0.012963
2 0.792708 0.543981 0.0145833 0.0768519
2 0.231771 0.568519 0.0104167 0.0537037
2 0.247656 0.56713 0.0119792 0.0527778
2 0.26276 0.564352 0.0109375 0.0564815
2 0.275781 0.563426 0.0098958 0.0472222
2 0.282031 0.562963 0.0109375 0.0518519
2 0.252083 0.565741 0.009375 0.0555556
2 0.125781 0.577315 0.0119792 0.0638889
2 0.984635 0.583796 0.0296875 0.199074
