2 0.531771 0.444444 0.0125 0.0462963
2 0.540365 0.442593 0.0109375 0.0462963
2 0.676302 0.448148 0.0171875 0.0833333
2 0.0492187 0.485185 0.0192708 0.0851852
2 0.360677 0.456944 0.0119792 0.0453704
2 0.449479 0.443056 0.009375 0.0287037
2 0.351042 0.455093 0.009375 0.0490741
2 0.378906 0.451852 0.0098958 0.0388889
2 0.42474 0.443518 0.0078125 0.0314815
2 0.396354 0.451389 0.0072917 0.0416667
2 0.404167 0.446759 0.0083333 0.0305556
2 0.60026 0.438426 0.0088542 0.0435185
0 0.38724 0.291667 0.0130208 0.0481481
