0 0.53776 0.499537 0.0067708 0.0175926
0 0.115625 0.461574 0.0072917 0.0175926
1 0.572396 0.711111 0.289583 0.0814815
1 0.714844 0.60787 0.203646 0.0583333
2 0.015625 0.512963 0.0125 0.0555556
2 0.101563 0.52037 0.0072917 0.0333333
2 0.5125 0.55463 0.015625 0.0481481
2 0.600521 0.588889 0.0239583 0.111111
2 0.768229 0.593518 0.01875 0.0833333
2 0.915625 0.59213 0.0145833 0.0842593
2 0.896094 0.591204 0.0151042 0.0694444
1 0.626042 0.598611 0.021875 0.106481
1 0.134115 0.670833 0.268229 0.106481
2 0.583594 0.557407 0.0078125 0.037037
