2 0.0184896 0.508333 0.0265625 0.142593
2 0.046875 0.516667 0.0291667 0.135185
2 0.0723958 0.496759 0.025 0.134259
2 0.123958 0.518519 0.0145833 0.0740741
2 0.13776 0.501389 0.0286458 0.113889
2 0.176042 0.505093 0.0239583 0.121296
2 0.207292 0.481944 0.0145833 0.0805556
2 0.25625 0.478704 0.0104167 0.062963
2 0.266927 0.478241 0.0119792 0.0638889
2 0.309115 0.476852 0.0119792 0.0592593
2 0.370573 0.462963 0.0078125 0.0407407
2 0.573958 0.470833 0.0135417 0.0638889
2 0.608854 0.496759 0.0208333 0.106481
2 0.740365 0.521759 0.0338542 0.180556
