2 0.0580729 0.5625 0.0130208 0.0824074
2 0.0864583 0.563426 0.0135417 0.0731481
2 0.100521 0.563889 0.0135417 0.0703704
2 0.201823 0.623611 0.0786458 0.291667
2 0.288542 0.652315 0.121875 0.393519
2 0.554688 0.550926 0.0229167 0.118519
2 0.660937 0.589815 0.0333333 0.196296
2 0.705208 0.552778 0.0270833 0.15
2 0.78724 0.546296 0.0567708 0.207407
2 0.577344 0.714815 0.145313 0.47963
0 0.253646 0.103241 0.0395833 0.128704
0 0.414063 0.100463 0.0322917 0.119444
1 0.0776042 0.738426 0.155208 0.14537
1 0.526563 0.6125 0.0239583 0.0398148
2 0.456771 0.653704 0.0666667 0.266667
2 0.494531 0.610648 0.0640625 0.284259
2 0.409635 0.624537 0.0473958 0.236111
2 0.370052 0.604167 0.0276042 0.221296
2 0.733333 0.55463 0.03125 0.153704
2 0.424479 0.57963 0.0145833 0.0814815
2 0.684115 0.600463 0.0390625 0.163889
2 0.69401 0.554167 0.0317708 0.189815
2 0.48151 0.657407 0.0546875 0.338889
2 0.515365 0.579167 0.0203125 0.10463
