1 0.324219 0.651852 0.344271 0.0462963
0 0.540885 0.413426 0.0255208 0.0231481
1 0.461198 0.571296 0.0921875 0.012963
2 0.839323 0.57037 0.0203125 0.151852
2 0.290885 0.570833 0.0130208 0.0546296
2 0.778385 0.561111 0.0203125 0.103704
2 0.761198 0.558796 0.0213542 0.108333
2 0.278385 0.57037 0.0088542 0.0462963
2 0.829427 0.575463 0.0171875 0.125
1 0.785677 0.625463 0.225521 0.0546296
2 0.883594 0.544907 0.0161458 0.0898148
2 0.703646 0.550463 0.0114583 0.0490741
2 0.710417 0.546759 0.0104167 0.0527778
2 0.173698 0.571759 0.0098958 0.0361111
2 0.822396 0.568056 0.0208333 0.106481
