2 0.933594 0.522685 0.0338542 0.121296
2 0.780729 0.55463 0.0208333 0.105556
2 0.71901 0.598148 0.0359375 0.183333
2 0.690625 0.584722 0.0447917 0.193519
2 0.663542 0.575 0.0208333 0.103704
2 0.63776 0.570833 0.0223958 0.102778
2 0.609896 0.582407 0.03125 0.151852
2 0.597656 0.576852 0.0182292 0.103704
2 0.577865 0.583796 0.0234375 0.147222
2 0.566927 0.583333 0.0192708 0.124074
2 0.51276 0.580556 0.0213542 0.0962963
2 0.438542 0.577315 0.0260417 0.112037
2 0.384635 0.569444 0.0255208 0.1
2 0.31901 0.573611 0.0255208 0.0953704
2 0.297135 0.568056 0.0203125 0.0842593
2 0.280208 0.56713 0.0135417 0.0916667
2 0.266146 0.574074 0.0135417 0.101852
2 0.251042 0.576389 0.0197917 0.113889
2 0.177865 0.575463 0.0203125 0.0861111
2 0.136979 0.563426 0.025 0.0861111
2 0.223698 0.552778 0.0119792 0.0537037
2 0.0078125 0.538889 0.0104167 0.0685185
2 0.0148437 0.546759 0.0119792 0.0601852
1 0.379687 0.619907 0.364583 0.025
1 0.864323 0.627315 0.267188 0.139815
0 0.449479 0.274074 0.021875 0.0888889
0 0.542188 0.271296 0.0197917 0.0833333
