2 0.68151 0.509259 0.0161458 0.0666667
2 0.666667 0.509722 0.0166667 0.0805556
2 0.735677 0.509259 0.0130208 0.0592593
0 0.732813 0.378704 0.0208333 0.0796296
0 0.605729 0.455556 0.0104167 0.0351852
0 0.558073 0.380093 0.0109375 0.0435185
0 0.525781 0.37963 0.0130208 0.0444444
0 0.49974 0.380093 0.0119792 0.0416667
1 0.427344 0.554167 0.0734375 0.0212963
2 0.461979 0.510648 0.0114583 0.0509259
1 0.831771 0.556018 0.0875 0.025
0 0.0763021 0.472222 0.0088542 0.0296296
0 0.0880208 0.468518 0.009375 0.0351852
