2 0.117969 0.530556 0.0161458 0.087037
2 0.136979 0.521759 0.0270833 0.117593
2 0.211719 0.506482 0.0203125 0.101852
2 0.22526 0.515741 0.0151042 0.062963
2 0.227344 0.493982 0.0192708 0.0898148
2 0.245052 0.481019 0.0151042 0.0805556
2 0.263021 0.494907 0.0083333 0.0583333
2 0.258333 0.510648 0.0135417 0.0601852
2 0.319531 0.441204 0.0098958 0.0398148
2 0.340365 0.441204 0.0109375 0.037963
2 0.507813 0.428704 0.00625 0.0296296
2 0.515885 0.45 0.0067708 0.0296296
2 0.515365 0.471296 0.0119792 0.0518519
2 0.524219 0.475926 0.0140625 0.0648148
2 0.548958 0.487963 0.0114583 0.0388889
2 0.557813 0.472222 0.0145833 0.0685185
2 0.579427 0.471296 0.0151042 0.0740741
2 0.600781 0.475463 0.0151042 0.0731481
2 0.614583 0.483796 0.0145833 0.0527778
2 0.802083 0.564352 0.078125 0.358333
2 0.116667 0.505093 0.0125 0.0861111
2 0.369531 0.445833 0.0078125 0.0361111
2 0.360677 0.447222 0.0098958 0.0407407
2 0.253906 0.4875 0.0130208 0.0768519
2 0.0184896 0.50463 0.0265625 0.148148
2 0.0552083 0.512037 0.01875 0.0888889
