2 0.669271 0.514815 0.0114583 0.0555556
2 0.657292 0.513426 0.0177083 0.0712963
2 0.718229 0.51713 0.0104167 0.0509259
0 0.711198 0.398148 0.0182292 0.0703704
0 0.602865 0.464352 0.0098958 0.0342593
0 0.557813 0.393056 0.0104167 0.0416667
0 0.527604 0.393056 0.0125 0.0416667
0 0.503125 0.393982 0.0114583 0.0398148
1 0.382292 0.554167 0.0229167 0.0138889
2 0.463281 0.520833 0.0171875 0.0527778
1 0.45599 0.55463 0.0296875 0.0185185
0 0.110156 0.476852 0.0088542 0.0333333
2 0.114844 0.515741 0.0109375 0.0444444
0 0.0963542 0.480093 0.009375 0.0342593
