2 0.405208 0.540278 0.009375 0.0305556
1 0.898438 0.662037 0.120833 0.116667
2 0.614062 0.5375 0.0125 0.0583333
1 0.690365 0.661574 0.204688 0.10463
2 0.68099 0.550926 0.0223958 0.107407
2 0.025 0.565741 0.0229167 0.114815
2 0.914323 0.553241 0.0255208 0.137963
2 0.935417 0.540278 0.0208333 0.121296
2 0.730469 0.537037 0.0171875 0.0777778
2 0.722656 0.535648 0.0130208 0.0694444
2 0.760417 0.547222 0.0177083 0.0944444
2 0.819531 0.591204 0.0526042 0.163889
2 0.744792 0.548148 0.0125 0.0648148
2 0.654167 0.533796 0.0125 0.062037
