2 0.56875 0.440741 0.009375 0.0259259
2 0.580729 0.440278 0.0083333 0.0287037
2 0.597396 0.440741 0.0114583 0.0333333
2 0.659635 0.440278 0.0098958 0.0490741
2 0.648698 0.450463 0.0130208 0.0490741
2 0.683073 0.450926 0.0151042 0.0574074
2 0.723698 0.451852 0.0140625 0.0537037
2 0.75599 0.43287 0.0088542 0.0509259
2 0.780729 0.431482 0.0114583 0.0481481
2 0.920573 0.435648 0.0171875 0.0787037
2 0.898438 0.440278 0.0166667 0.075
2 0.889583 0.456019 0.0135417 0.0472222
2 0.851042 0.448148 0.0145833 0.0722222
2 0.853906 0.444444 0.0151042 0.0796296
2 0.971094 0.466667 0.0411458 0.140741
2 0.763802 0.432407 0.0078125 0.05
2 0.559635 0.440278 0.0067708 0.0231481
2 0.835938 0.431482 0.0114583 0.0537037
