2 0.400521 0.540278 0.009375 0.0305556
1 0.902865 0.664352 0.123438 0.119444
2 0.610937 0.537037 0.0125 0.0574074
1 0.69349 0.664815 0.217187 0.109259
2 0.677865 0.550926 0.0223958 0.107407
2 0.0151042 0.565741 0.0229167 0.114815
2 0.918229 0.553241 0.0260417 0.139815
2 0.936198 0.538889 0.0213542 0.122222
2 0.728646 0.537037 0.0177083 0.0777778
2 0.720312 0.535185 0.0125 0.0685185
2 0.760677 0.547222 0.0203125 0.0944444
2 0.827604 0.589815 0.053125 0.164815
2 0.744792 0.550463 0.015625 0.0657407
2 0.651042 0.53287 0.0125 0.062037
