2 0.907292 0.428704 0.0114583 0.0611111
2 0.897656 0.427315 0.0098958 0.0805556
2 0.878385 0.431944 0.0151042 0.0731481
2 0.786719 0.436574 0.0140625 0.0601852
2 0.773698 0.447222 0.0140625 0.0888889
2 0.755208 0.451389 0.0197917 0.0953704
2 0.690885 0.449537 0.0203125 0.0712963
2 0.626042 0.443056 0.0125 0.0546296
2 0.609635 0.437037 0.0088542 0.0351852
2 0.586198 0.438889 0.0098958 0.0351852
2 0.571094 0.438889 0.0109375 0.0314815
2 0.563021 0.435648 0.00625 0.0231481
2 0.533333 0.43287 0.00625 0.0194444
2 0.542188 0.435648 0.0083333 0.0212963
