2 0.0210938 0.555093 0.0223958 0.0898148
2 0.14974 0.567593 0.0223958 0.0981481
2 0.309115 0.564352 0.0286458 0.0935185
2 0.461979 0.622685 0.071875 0.263889
2 0.531771 0.563889 0.015625 0.0814815
2 0.580729 0.557407 0.0145833 0.0833333
2 0.604948 0.565741 0.0213542 0.1
2 0.558333 0.539815 0.0114583 0.0685185
2 0.5125 0.536111 0.009375 0.0388889
1 0.551823 0.613426 0.111979 0.0490741
2 0.634896 0.573611 0.0375 0.221296
2 0.711719 0.669907 0.0734375 0.389815
2 0.738542 0.673148 0.0354167 0.337037
2 0.764323 0.643056 0.0494792 0.341667
2 0.796354 0.544907 0.0291667 0.150926
2 0.857031 0.674074 0.0911458 0.459259
2 0.895833 0.546759 0.03125 0.152778
2 0.923958 0.546296 0.0302083 0.153704
2 0.232031 0.669907 0.0932292 0.508333
1 0.245052 0.824537 0.490104 0.230556
2 0.0398437 0.555556 0.0171875 0.0888889
2 0.183333 0.568519 0.021875 0.101852
2 0.689583 0.585648 0.0333333 0.258333
