2 0.0151042 0.548148 0.0125 0.0574074
2 0.0359375 0.588426 0.021875 0.110185
2 0.0833333 0.559722 0.021875 0.0805556
2 0.126042 0.55463 0.0166667 0.0981481
2 0.178646 0.566667 0.0177083 0.0740741
2 0.20026 0.577315 0.0276042 0.0898148
2 0.221615 0.551389 0.0130208 0.0490741
2 0.248698 0.566667 0.0171875 0.0722222
2 0.276563 0.569907 0.0166667 0.102778
2 0.485677 0.572685 0.0348958 0.112037
2 0.504687 0.574074 0.0291667 0.107407
2 0.552083 0.571296 0.0229167 0.103704
2 0.631771 0.577315 0.0197917 0.0972222
2 0.70625 0.568056 0.0260417 0.106481
2 0.731771 0.593056 0.0364583 0.173148
2 0.749479 0.585648 0.0229167 0.147222
2 0.76849 0.586574 0.0276042 0.180556
2 0.801823 0.541204 0.0265625 0.0990741
2 0.817969 0.543518 0.0151042 0.0907407
2 0.826302 0.551852 0.0317708 0.0925926
2 0.842708 0.533333 0.0135417 0.0962963
2 0.969792 0.496296 0.0166667 0.0962963
2 0.92474 0.581944 0.0557292 0.221296
2 0.948438 0.600926 0.0604167 0.214815
1 0.430729 0.61713 0.472917 0.0305556
1 0.847135 0.616667 0.131771 0.0981481
0 0.449479 0.274074 0.021875 0.0888889
0 0.542188 0.271296 0.0197917 0.0833333
