2 0.0375 0.517593 0.0302083 0.140741
2 0.0645833 0.496759 0.0260417 0.137963
2 0.117708 0.52037 0.0145833 0.0759259
2 0.132031 0.501389 0.0296875 0.117593
2 0.169531 0.505556 0.0244792 0.124074
2 0.204167 0.48287 0.0145833 0.0805556
2 0.254427 0.478241 0.0109375 0.0638889
2 0.265104 0.478704 0.0125 0.0648148
2 0.307552 0.477315 0.0119792 0.0601852
2 0.370052 0.463426 0.0078125 0.0416667
2 0.575 0.470833 0.0135417 0.0638889
2 0.611979 0.496759 0.0208333 0.108333
2 0.753646 0.526852 0.0354167 0.188889
2 0.0122396 0.50787 0.0244792 0.147222
