2 0.70625 0.524537 0.0125 0.075
2 0.691146 0.525463 0.0197917 0.0842593
0 0.771354 0.36713 0.025 0.0972222
0 0.605729 0.465741 0.0114583 0.0388889
0 0.552865 0.381944 0.0119792 0.0490741
0 0.517969 0.381944 0.0140625 0.0472222
0 0.488802 0.381944 0.0130208 0.0472222
1 0.416927 0.576852 0.0598958 0.0277778
1 0.915365 0.584722 0.159896 0.0342593
1 0.620052 0.57963 0.0682292 0.0296296
2 0.766667 0.523148 0.0125 0.0611111
1 0.261719 0.575 0.0526042 0.0296296
0 0.0380208 0.478704 0.009375 0.0314815
0 0.0455729 0.474537 0.0098958 0.037963
