2 0.0869792 0.54213 0.0302083 0.128704
2 0.141146 0.533796 0.034375 0.125
2 0.182812 0.520833 0.0197917 0.121296
2 0.201042 0.534259 0.0145833 0.0703704
2 0.196875 0.511574 0.01875 0.087963
2 0.214583 0.524537 0.0177083 0.0601852
2 0.257031 0.497222 0.0140625 0.05
2 0.314844 0.443518 0.0078125 0.0351852
2 0.32474 0.446296 0.0098958 0.0351852
2 0.342187 0.447685 0.0125 0.0398148
2 0.511719 0.431482 0.0078125 0.0314815
2 0.521354 0.450463 0.0072917 0.037963
2 0.532812 0.482407 0.0125 0.0722222
2 0.542708 0.483333 0.0177083 0.0703704
2 0.570573 0.498148 0.0119792 0.0425926
2 0.597917 0.481481 0.01875 0.087037
2 0.61875 0.483796 0.01875 0.0842593
2 0.632292 0.494907 0.0177083 0.0638889
2 0.597135 0.494444 0.0119792 0.0611111
2 0.0559896 0.526852 0.0234375 0.105556
2 0.21875 0.501389 0.0166667 0.0342593
2 0.0119792 0.515278 0.0239583 0.156482
2 0.245052 0.488889 0.0119792 0.0722222
