2 0.876042 0.516667 0.0197917 0.116667
2 0.747135 0.519907 0.0223958 0.112037
2 0.704427 0.492593 0.0130208 0.0574074
2 0.696094 0.499074 0.0140625 0.0537037
2 0.654948 0.512963 0.0192708 0.0833333
2 0.638021 0.514352 0.0197917 0.0805556
2 0.608073 0.515278 0.0171875 0.0805556
2 0.577604 0.496759 0.0135417 0.0435185
1 0.755469 0.548611 0.180729 0.0472222
0 0.427083 0.468056 0.0052083 0.012037
0 0.438542 0.46713 0.0072917 0.0101852
2 0.906771 0.494907 0.0229167 0.0861111
2 0.621615 0.493982 0.0098958 0.0361111
