2 0.940365 0.523148 0.0338542 0.122222
2 0.788021 0.551389 0.0208333 0.106481
2 0.728646 0.594907 0.0364583 0.184259
2 0.701563 0.580556 0.04375 0.188889
2 0.67474 0.575463 0.0276042 0.0990741
2 0.646615 0.572685 0.0213542 0.0990741
2 0.616146 0.58287 0.03125 0.152778
2 0.603646 0.574074 0.01875 0.116667
2 0.585417 0.587037 0.0239583 0.15
2 0.571875 0.587037 0.025 0.125926
2 0.519792 0.577315 0.0291667 0.100926
2 0.445573 0.577778 0.0296875 0.12037
2 0.376302 0.568519 0.0171875 0.1
2 0.311458 0.572685 0.01875 0.0953704
2 0.294531 0.568982 0.0182292 0.0824074
2 0.278385 0.57037 0.0182292 0.0981481
2 0.2625 0.575 0.0229167 0.111111
2 0.173958 0.575 0.0270833 0.0851852
2 0.130729 0.562037 0.0197917 0.0851852
2 0.223698 0.552778 0.0119792 0.0537037
2 0.0078125 0.538889 0.0104167 0.0685185
2 0.0148437 0.546759 0.0119792 0.0601852
2 0.179688 0.550926 0.0104167 0.0574074
2 0.25026 0.548611 0.0109375 0.0509259
2 0.257292 0.569907 0.0135417 0.0990741
2 0.385938 0.565278 0.0125 0.075
2 0.630729 0.580093 0.0135417 0.0972222
1 0.379427 0.619907 0.364062 0.025
1 0.864323 0.627315 0.267188 0.139815
0 0.449479 0.274074 0.021875 0.0888889
0 0.542188 0.271296 0.0197917 0.0833333
