2 0.973958 0.571759 0.0385417 0.202778
2 0.942969 0.585648 0.0526042 0.200926
2 0.869792 0.524537 0.0270833 0.113889
2 0.823438 0.536574 0.0270833 0.113889
2 0.746094 0.565741 0.0213542 0.111111
2 0.68099 0.569907 0.0255208 0.106481
2 0.665885 0.568056 0.0234375 0.106481
2 0.627604 0.569444 0.0197917 0.0944444
2 0.583073 0.572685 0.0244792 0.0990741
2 0.254167 0.549537 0.0125 0.0490741
2 0.217969 0.56713 0.0171875 0.0731481
2 0.186198 0.573148 0.0223958 0.0981481
2 0.177604 0.549537 0.0104167 0.0564815
2 0.123958 0.551852 0.0145833 0.0777778
2 0.0984375 0.558796 0.021875 0.0916667
2 0.0632812 0.577778 0.0192708 0.0981481
2 0.0283854 0.551852 0.0151042 0.087037
2 0.0070313 0.536111 0.0119792 0.0703704
2 0.933333 0.508796 0.0197917 0.106481
2 0.0158854 0.548611 0.0130208 0.0601852
2 0.198437 0.576389 0.0145833 0.0935185
1 0.821615 0.613426 0.232812 0.100926
1 0.427344 0.618981 0.467187 0.0305556
0 0.449479 0.274074 0.021875 0.0888889
0 0.542188 0.271296 0.0197917 0.0833333
