2 0.0122396 0.474074 0.0244792 0.0981481
2 0.108333 0.486111 0.015625 0.101852
2 0.120833 0.494444 0.01875 0.0925926
2 0.153385 0.503241 0.0130208 0.0601852
2 0.17474 0.490278 0.0171875 0.0916667
2 0.207292 0.482407 0.0197917 0.0925926
2 0.190104 0.513889 0.0114583 0.0537037
2 0.233333 0.5 0.009375 0.0555556
2 0.243229 0.486574 0.01875 0.0824074
2 0.272396 0.475926 0.0104167 0.0648148
2 0.279948 0.487963 0.0171875 0.0851852
2 0.317708 0.471296 0.009375 0.0518519
2 0.326562 0.470833 0.0083333 0.0509259
2 0.364062 0.464815 0.0072917 0.0462963
2 0.35625 0.464352 0.0083333 0.0453704
2 0.53125 0.459259 0.00625 0.0407407
2 0.565625 0.466204 0.0114583 0.0546296
2 0.584115 0.485648 0.0151042 0.0768519
2 0.623438 0.4875 0.01875 0.0916667
2 0.667188 0.477778 0.015625 0.0740741
2 0.198698 0.499074 0.0182292 0.087037
