2 0.791146 0.441667 0.015625 0.0777778
2 0.747656 0.433333 0.0161458 0.0685185
2 0.10026 0.425926 0.0140625 0.0740741
2 0.0231771 0.430556 0.0182292 0.0722222
2 0.0838542 0.437963 0.0125 0.0592593
2 0.0723958 0.42963 0.0166667 0.0851852
1 0.479427 0.449537 0.459896 0.0268519
1 0.49974 0.550463 0.999479 0.075
1 0.901302 0.509722 0.197396 0.0509259
0 0.617448 0.235185 0.0328125 0.0240741
0 0.558333 0.22963 0.0333333 0.0277778
0 0.157292 0.322685 0.0104167 0.0342593
0 0.739062 0.354167 0.009375 0.0305556
