2 0.0296875 0.519444 0.0260417 0.087037
2 0.0645833 0.493982 0.025 0.123148
2 0.0861979 0.501389 0.0213542 0.119444
2 0.108333 0.488426 0.028125 0.123148
2 0.153385 0.510185 0.0140625 0.0703704
2 0.165885 0.494444 0.0244792 0.111111
2 0.203125 0.5 0.0208333 0.111111
2 0.222135 0.476389 0.0151042 0.0805556
2 0.270833 0.474074 0.0114583 0.0592593
2 0.280729 0.473148 0.0125 0.0592593
2 0.319531 0.466667 0.0151042 0.0518519
2 0.373698 0.456481 0.0088542 0.0444444
2 0.56849 0.469907 0.0109375 0.0546296
2 0.598177 0.489815 0.0213542 0.0962963
2 0.692969 0.506482 0.0286458 0.146296
2 0.724219 0.485648 0.0192708 0.0990741
2 0.0080729 0.508333 0.0161458 0.137037
2 0.0796875 0.523611 0.0135417 0.0583333
