2 0.0294271 0.544444 0.0421875 0.172222
2 0.0807292 0.550463 0.034375 0.200926
2 0.104427 0.537037 0.0265625 0.146296
2 0.127865 0.521759 0.0296875 0.108333
2 0.152344 0.530556 0.0213542 0.0796296
2 0.183073 0.518519 0.0192708 0.0666667
2 0.321094 0.449074 0.0098958 0.0481481
2 0.335156 0.456482 0.0078125 0.0407407
2 0.345313 0.450926 0.009375 0.0388889
2 0.35625 0.452778 0.0083333 0.0388889
2 0.365104 0.465741 0.009375 0.0462963
2 0.535417 0.439352 0.0072917 0.0324074
2 0.542448 0.454167 0.0088542 0.037963
2 0.670833 0.514815 0.0197917 0.0851852
2 0.698177 0.504167 0.0276042 0.108333
2 0.721094 0.5125 0.0234375 0.0898148
2 0.127604 0.555093 0.0208333 0.0935185
