2 0.889583 0.518056 0.021875 0.123148
2 0.752604 0.529167 0.0239583 0.125
2 0.709115 0.497222 0.0130208 0.0574074
2 0.699479 0.504167 0.0145833 0.0564815
2 0.653646 0.514352 0.0166667 0.0805556
2 0.636979 0.520833 0.0197917 0.0805556
2 0.605469 0.521759 0.0203125 0.0861111
2 0.575781 0.500926 0.0140625 0.0462963
1 0.744531 0.552778 0.207813 0.0537037
0 0.425781 0.469907 0.0078125 0.012037
0 0.43724 0.468518 0.0088542 0.0111111
2 0.913542 0.496296 0.0239583 0.0907407
2 0.621875 0.498611 0.009375 0.0342593
2 0.174479 0.511111 0.015625 0.0722222
2 0.932552 0.496296 0.0161458 0.087037
