2 0.198437 0.473148 0.0072917 0.05
2 0.20625 0.471759 0.009375 0.0583333
2 0.217187 0.474074 0.0104167 0.0555556
2 0.224219 0.471759 0.0109375 0.0564815
2 0.260156 0.476852 0.0380208 0.112963
2 0.55625 0.536111 0.0489583 0.231482
2 0.808594 0.484722 0.0130208 0.075
2 0.916927 0.547685 0.0307292 0.228704
1 0.16224 0.481481 0.0526042 0.0092593
1 0.361719 0.60787 0.546354 0.199074
2 0.596875 0.503241 0.0197917 0.156482
2 0.323177 0.474537 0.0140625 0.0638889
1 0.56849 0.765741 0.855729 0.194444
2 0.366406 0.474074 0.0130208 0.0574074
2 0.971875 0.494444 0.0145833 0.0777778
2 0.442969 0.470833 0.0109375 0.0527778
2 0.314844 0.46713 0.0140625 0.062037
2 0.613542 0.500926 0.0270833 0.153704
2 0.342187 0.475463 0.015625 0.0638889
2 0.892448 0.490278 0.0109375 0.0527778
0 0.258594 0.369444 0.0130208 0.0351852
