2 0.16901 0.512963 0.0130208 0.0648148
2 0.17474 0.498611 0.0161458 0.100926
2 0.205729 0.5125 0.015625 0.0398148
2 0.257552 0.496296 0.0171875 0.0685185
2 0.267448 0.515741 0.0119792 0.0462963
2 0.294792 0.49213 0.0145833 0.0657407
2 0.542448 0.477778 0.0119792 0.0611111
2 0.55625 0.496296 0.021875 0.0962963
2 0.586198 0.475 0.0098958 0.0537037
2 0.0463542 0.506482 0.0322917 0.177778
2 0.531771 0.475926 0.0135417 0.0555556
2 0.289323 0.511574 0.0140625 0.0509259
2 0.631771 0.473611 0.0135417 0.0638889
2 0.520833 0.450926 0.0072917 0.0351852
