2 0.92526 0.520833 0.0359375 0.119444
2 0.771354 0.55787 0.0208333 0.106481
2 0.705729 0.598148 0.0364583 0.185185
2 0.678906 0.59213 0.0442708 0.180556
2 0.655729 0.574537 0.025 0.102778
2 0.629687 0.575926 0.028125 0.105556
2 0.602604 0.581482 0.03125 0.151852
2 0.591667 0.580556 0.0208333 0.118519
2 0.570313 0.587037 0.0260417 0.146296
2 0.559115 0.583796 0.0192708 0.123148
2 0.507552 0.57963 0.0213542 0.0962963
2 0.432292 0.577315 0.0322917 0.112037
2 0.392188 0.571759 0.021875 0.10463
2 0.373698 0.572685 0.0161458 0.0898148
2 0.321875 0.573611 0.025 0.0953704
2 0.30026 0.569444 0.0171875 0.0851852
2 0.284115 0.57037 0.0171875 0.0888889
2 0.276042 0.569907 0.0197917 0.0990741
2 0.251823 0.573148 0.0161458 0.101852
2 0.238542 0.578241 0.0208333 0.108333
2 0.184635 0.577315 0.0161458 0.0861111
2 0.141927 0.564815 0.0151042 0.0833333
2 0.0101563 0.548148 0.0151042 0.0796296
2 0.0158854 0.550926 0.0140625 0.0648148
2 0.223698 0.550926 0.0119792 0.0537037
2 0.979688 0.641667 0.040625 0.348148
2 0.186198 0.548148 0.0119792 0.0574074
1 0.366406 0.62037 0.338021 0.0259259
1 0.841927 0.624074 0.267188 0.133333
0 0.449479 0.274074 0.021875 0.0888889
0 0.542188 0.271296 0.0197917 0.0833333
