2 0.240365 0.470833 0.0078125 0.0472222
2 0.249219 0.472685 0.0088542 0.0490741
2 0.259375 0.473611 0.0083333 0.0527778
2 0.266406 0.471759 0.0109375 0.0546296
2 0.327865 0.478704 0.0286458 0.122222
2 0.333594 0.486111 0.0359375 0.105556
2 0.554427 0.518519 0.0328125 0.185185
2 0.811979 0.488889 0.0166667 0.0666667
2 0.890625 0.534722 0.0270833 0.200926
2 0.915625 0.490278 0.009375 0.0435185
0 0.0510417 0.24213 0.0166667 0.075
1 0.199479 0.482407 0.05 0.0092593
1 0.398177 0.588426 0.421354 0.171296
2 0.944792 0.487037 0.0135417 0.0574074
2 0.757292 0.475926 0.0104167 0.0444444
2 0.594531 0.500463 0.0265625 0.141667
2 0.388281 0.473611 0.0140625 0.0564815
1 0.624219 0.692593 0.744271 0.142593
2 0.411198 0.473148 0.0119792 0.0574074
2 0.980208 0.492593 0.0135417 0.0666667
2 0.483854 0.470833 0.0125 0.0509259
2 0.61276 0.487963 0.0161458 0.114815
2 0.83099 0.482407 0.0109375 0.0481481
0 0.3 0.375 0.0125 0.0333333
