2 0.934635 0.459259 0.0213542 0.112963
2 0.896875 0.450463 0.0145833 0.0712963
2 0.780469 0.456019 0.0171875 0.0953704
2 0.650781 0.443518 0.0119792 0.0444444
2 0.581771 0.440741 0.009375 0.0296296
2 0.746094 0.442593 0.0140625 0.0648148
2 0.717188 0.443056 0.009375 0.0490741
2 0.820833 0.455093 0.015625 0.0805556
2 0.760417 0.43287 0.0104167 0.0435185
2 0.0619792 0.470833 0.0239583 0.0805556
2 0.704948 0.436574 0.0088542 0.0398148
2 0.727865 0.439815 0.0109375 0.05
2 0.0908854 0.452778 0.0119792 0.0518519
2 0.915365 0.444907 0.0119792 0.062037
2 0.0791667 0.451852 0.0125 0.0444444
