2 0.401302 0.564352 0.0109375 0.0527778
1 0.519531 0.576389 0.109896 0.0138889
0 0.527083 0.469444 0.015625 0.012963
2 0.795052 0.543056 0.0151042 0.0787037
2 0.221615 0.568056 0.0109375 0.0546296
2 0.238802 0.566204 0.0130208 0.0564815
2 0.11276 0.578241 0.0130208 0.0657407
2 0.767448 0.563426 0.0192708 0.0935185
2 0.274219 0.5625 0.0109375 0.0509259
2 0.252604 0.563426 0.0114583 0.0527778
2 0.189583 0.578704 0.015625 0.0777778
2 0.267188 0.563426 0.009375 0.0453704
2 0.28724 0.559259 0.0098958 0.0407407
2 0.297656 0.558796 0.0088542 0.0435185
2 0.810677 0.547685 0.0182292 0.0824074
2 0.988021 0.588426 0.0229167 0.210185
