2 0.85599 0.368519 0.0213542 0.0925926
2 0.292448 0.423611 0.0328125 0.136111
2 0.271615 0.424537 0.0276042 0.14537
2 0.0479167 0.476852 0.059375 0.292593
2 0.115365 0.407407 0.0203125 0.1
2 0.885938 0.375463 0.01875 0.0916667
2 0.903646 0.376389 0.0239583 0.106481
2 0.0950521 0.407407 0.0203125 0.101852
2 0.922396 0.366667 0.0145833 0.1
2 0.935938 0.37037 0.0145833 0.0925926
2 0.285156 0.450926 0.0182292 0.0796296
2 0.390365 0.377778 0.0098958 0.0518519
1 0.275781 0.499537 0.334896 0.0638889
1 0.815625 0.483796 0.239583 0.0509259
