2 0.345313 0.423611 0.0104167 0.0435185
2 0.35651 0.421296 0.0119792 0.0518519
2 0.546875 0.413889 0.0114583 0.0444444
2 0.586458 0.416204 0.0104167 0.0546296
2 0.594531 0.41713 0.0098958 0.0638889
2 0.608854 0.412963 0.0135417 0.0481481
2 0.634375 0.418981 0.015625 0.0787037
2 0.647656 0.407407 0.0119792 0.0574074
2 0.771094 0.42037 0.0213542 0.0944444
2 0.78776 0.431018 0.0244792 0.119444
2 0.8375 0.454167 0.0239583 0.150926
2 0.901302 0.487963 0.0286458 0.0962963
1 0.532031 0.437963 0.0536458 0.0111111
1 0.399479 0.441667 0.0770833 0.0111111
0 0.52474 0.346296 0.0067708 0.0259259
0 0.548698 0.378704 0.0078125 0.0203704
2 0.929688 0.423611 0.0177083 0.102778
