2 0.0773438 0.510648 0.0192708 0.0916667
2 0.0924479 0.494444 0.0171875 0.0814815
2 0.129167 0.499537 0.01875 0.0990741
2 0.1625 0.493056 0.01875 0.0861111
2 0.0359375 0.513889 0.0302083 0.109259
2 0.897917 0.571759 0.0489583 0.29537
2 0.852865 0.568982 0.0546875 0.271296
2 0.732292 0.523611 0.046875 0.156482
2 0.779167 0.49537 0.0125 0.0574074
2 0.598958 0.474074 0.0125 0.0444444
1 0.31276 0.723611 0.624479 0.367593
2 0.267188 0.483796 0.0166667 0.0712963
0 0.0229167 0.365278 0.0145833 0.0435185
