2 0.146875 0.481019 0.0177083 0.0805556
2 0.174479 0.519444 0.0260417 0.125926
2 0.241927 0.479167 0.0078125 0.0416667
2 0.253646 0.475 0.0125 0.062963
2 0.263802 0.468056 0.0109375 0.062037
2 0.274219 0.478241 0.0119792 0.0583333
2 0.517187 0.446759 0.0052083 0.0305556
2 0.54349 0.455556 0.0088542 0.0388889
2 0.551562 0.475463 0.0114583 0.0564815
2 0.578385 0.466204 0.0140625 0.0583333
2 0.700521 0.506482 0.034375 0.181481
2 0.738802 0.516667 0.0390625 0.255556
2 0.207552 0.478704 0.0119792 0.0574074
2 0.347917 0.455093 0.0072917 0.0361111
2 0.355469 0.45463 0.0078125 0.0351852
2 0.196354 0.470833 0.0114583 0.0712963
2 0.0710937 0.490741 0.0296875 0.118519
