2 0.947135 0.501852 0.0234375 0.105556
2 0.810156 0.541667 0.0255208 0.162963
2 0.792708 0.55787 0.0333333 0.108333
2 0.736979 0.494907 0.015625 0.0694444
2 0.727083 0.499537 0.0177083 0.0601852
2 0.639583 0.513889 0.0239583 0.0944444
2 0.620573 0.523148 0.0234375 0.0907407
2 0.477604 0.518056 0.0177083 0.0953704
2 0.444531 0.500926 0.0171875 0.0481481
2 0.129688 0.507407 0.0166667 0.0851852
0 0.429167 0.461111 0.0083333 0.0111111
1 0.769792 0.5625 0.279167 0.0824074
2 0.988542 0.52963 0.021875 0.164815
