2 0.792708 0.435185 0.0166667 0.0814815
2 0.736458 0.425 0.0166667 0.0759259
2 0.0885417 0.424537 0.0145833 0.0768519
2 0.0770833 0.439352 0.0125 0.0583333
2 0.0674479 0.428704 0.0161458 0.0833333
2 0.0598958 0.40787 0.0104167 0.0509259
1 0.484635 0.446759 0.483854 0.0287037
1 0.50026 0.566667 0.999479 0.0981481
1 0.911719 0.512037 0.173438 0.0648148
0 0.626823 0.223611 0.0338542 0.025
0 0.565625 0.21713 0.034375 0.0287037
0 0.147656 0.31713 0.0109375 0.0361111
0 0.753385 0.34537 0.0098958 0.0314815
