2 0.845833 0.437963 0.0166667 0.0740741
2 0.814323 0.460648 0.0244792 0.0990741
2 0.734115 0.463426 0.0213542 0.108333
2 0.661979 0.443056 0.0135417 0.0583333
2 0.61875 0.440278 0.009375 0.0342593
2 0.744271 0.447222 0.015625 0.0833333
2 0.113542 0.466667 0.025 0.109259
2 0.879948 0.438889 0.0182292 0.0888889
2 0.676562 0.4375 0.0114583 0.0435185
2 0.570833 0.431482 0.00625 0.0240741
2 0.214323 0.45787 0.0203125 0.0731481
2 0.91849 0.44213 0.0203125 0.100926
2 0.935938 0.443981 0.0145833 0.0787037
