2 0.0880208 0.541204 0.0302083 0.119444
2 0.141146 0.534722 0.0322917 0.125
2 0.182812 0.521759 0.0197917 0.121296
2 0.19974 0.534259 0.0151042 0.0740741
2 0.200521 0.509722 0.01875 0.087963
2 0.215104 0.524537 0.0177083 0.0601852
2 0.234115 0.4875 0.0171875 0.0898148
2 0.25651 0.50463 0.0140625 0.05
2 0.313802 0.444444 0.0078125 0.0351852
2 0.323698 0.446296 0.0098958 0.0351852
2 0.341667 0.448611 0.0104167 0.0361111
2 0.347396 0.451389 0.0083333 0.037963
2 0.511198 0.434259 0.0078125 0.0314815
2 0.519792 0.449537 0.0072917 0.037963
2 0.53125 0.483333 0.0114583 0.0722222
2 0.541667 0.483333 0.0177083 0.0703704
2 0.567448 0.497222 0.0119792 0.0425926
2 0.595833 0.481481 0.01875 0.087037
2 0.616146 0.4875 0.01875 0.0842593
2 0.630729 0.495833 0.0177083 0.0638889
2 0.595052 0.494444 0.0119792 0.0611111
2 0.0559896 0.533333 0.0234375 0.105556
2 0.21875 0.503241 0.0166667 0.0342593
2 0.0122396 0.511111 0.0223958 0.15
2 0.24401 0.489815 0.0161458 0.0722222
