2 0.380729 0.538426 0.009375 0.0305556
1 0.924479 0.672222 0.114583 0.12037
2 0.597656 0.536111 0.0130208 0.0592593
1 0.695833 0.675463 0.25625 0.139815
2 0.664583 0.548611 0.0239583 0.113889
2 0.926042 0.55463 0.0270833 0.146296
2 0.933333 0.538426 0.021875 0.126852
2 0.71901 0.535648 0.0182292 0.0805556
2 0.710156 0.533796 0.0130208 0.0712963
2 0.753646 0.546759 0.0208333 0.0953704
2 0.847917 0.589352 0.053125 0.165741
2 0.734375 0.549537 0.015625 0.0657407
2 0.639844 0.53287 0.0130208 0.0638889
2 0.120833 0.538889 0.0114583 0.0481481
2 0.107813 0.54537 0.0135417 0.0666667
2 0.810938 0.528704 0.0125 0.0796296
