2 0.704687 0.522685 0.0125 0.075
2 0.688802 0.523148 0.0192708 0.0833333
0 0.767448 0.367593 0.0244792 0.0944444
0 0.605729 0.463889 0.0114583 0.0388889
0 0.553385 0.380556 0.0119792 0.0481481
0 0.51901 0.381018 0.0140625 0.0472222
0 0.490365 0.381944 0.0130208 0.0453704
1 0.417448 0.575463 0.0567708 0.0305556
1 0.909635 0.582407 0.154687 0.0333333
1 0.619271 0.576389 0.065625 0.0287037
2 0.764063 0.520833 0.0125 0.0601852
1 0.263021 0.571759 0.0427083 0.0268519
0 0.040625 0.477315 0.009375 0.0305556
0 0.0492187 0.473611 0.0098958 0.037963
