2 0.0145833 0.52037 0.0291667 0.157407
2 0.288281 0.446296 0.0088542 0.0314815
2 0.334896 0.476852 0.0375 0.142593
2 0.359115 0.450463 0.0098958 0.0435185
2 0.42526 0.444907 0.0067708 0.0268519
2 0.450781 0.463426 0.0171875 0.100926
2 0.53125 0.472222 0.0291667 0.140741
2 0.557292 0.471296 0.0427083 0.162963
2 0.695052 0.451389 0.0192708 0.0842593
2 0.851042 0.432407 0.0135417 0.0592593
2 0.933073 0.436574 0.0130208 0.0638889
2 0.971875 0.435648 0.0104167 0.0657407
2 0.0690104 0.476852 0.0088542 0.0444444
1 0.431771 0.550926 0.675 0.0648148
0 0.860677 0.365278 0.0098958 0.0324074
0 0.870833 0.368056 0.0083333 0.0268519
