2 0.576042 0.398148 0.0135417 0.0518519
2 0.592969 0.404167 0.0182292 0.0583333
2 0.783333 0.418056 0.0291667 0.125
2 0.833594 0.461574 0.0328125 0.169444
2 0.515104 0.409259 0.0135417 0.0537037
2 0.499479 0.406482 0.0083333 0.0462963
2 0.478646 0.406018 0.0104167 0.0435185
2 0.470052 0.406018 0.0098958 0.037963
2 0.459115 0.401852 0.0078125 0.0333333
2 0.463802 0.405093 0.0057292 0.0287037
2 0.451823 0.406018 0.0078125 0.0472222
2 0.938021 0.425463 0.0208333 0.087963
2 0.03125 0.462037 0.0260417 0.105556
1 0.366146 0.491667 0.425 0.0407407
1 0.923177 0.538889 0.151562 0.0648148
0 0.428906 0.356481 0.0067708 0.0222222
