2 0.271094 0.477778 0.0067708 0.0425926
2 0.279427 0.477315 0.0067708 0.0453704
2 0.289063 0.480093 0.0083333 0.0509259
2 0.296354 0.478704 0.0104167 0.0518519
2 0.380469 0.487963 0.0265625 0.133333
2 0.389583 0.498611 0.0385417 0.108333
2 0.560938 0.522222 0.0291667 0.164815
2 0.815365 0.501389 0.0140625 0.0638889
2 0.786198 0.488889 0.0098958 0.0407407
2 0.877865 0.540741 0.0244792 0.183333
2 0.931771 0.503241 0.009375 0.0435185
0 0.0893229 0.253704 0.0161458 0.0722222
1 0.227083 0.488889 0.05 0.0092593
1 0.411979 0.576852 0.326042 0.12963
1 0.874479 0.67037 0.251042 0.103704
2 0.956771 0.500926 0.0114583 0.0555556
2 0.773177 0.488889 0.0098958 0.0425926
2 0.598177 0.515278 0.0213542 0.150926
2 0.434896 0.481481 0.0145833 0.0518519
0 0.329427 0.385648 0.0119792 0.0324074
1 0.43724 0.669907 0.281771 0.0657407
