2 0.208073 0.510185 0.0203125 0.101852
2 0.223177 0.523148 0.0151042 0.062963
2 0.22474 0.496759 0.0192708 0.0898148
2 0.24349 0.481019 0.0151042 0.0805556
2 0.261979 0.49213 0.0114583 0.0583333
2 0.253906 0.513889 0.0130208 0.0611111
2 0.321615 0.441204 0.0119792 0.0398148
2 0.340625 0.441204 0.0104167 0.0361111
2 0.557292 0.468518 0.0145833 0.0685185
2 0.579948 0.468518 0.0151042 0.0740741
2 0.602604 0.476389 0.0177083 0.0731481
2 0.615625 0.483796 0.0145833 0.0527778
2 0.832812 0.580093 0.0822917 0.378704
2 0.370052 0.443981 0.0088542 0.0361111
2 0.360938 0.447222 0.0083333 0.0425926
2 0.254427 0.490278 0.0119792 0.0842593
2 0.0195312 0.506482 0.0255208 0.155556
2 0.0528646 0.515741 0.0244792 0.0888889
2 0.507292 0.429167 0.0072917 0.0324074
2 0.515365 0.439352 0.0078125 0.0305556
2 0.515885 0.473148 0.0109375 0.0518519
2 0.525781 0.473611 0.0119792 0.0657407
2 0.548958 0.486574 0.0125 0.0398148
2 0.11224 0.530556 0.0130208 0.0796296
2 0.11875 0.49213 0.0104167 0.0527778
2 0.128646 0.518982 0.0197917 0.110185
