0 0.201562 0.423611 0.0114583 0.0324074
2 0.101823 0.501389 0.0182292 0.0546296
2 0.291927 0.527778 0.0182292 0.0925926
2 0.416927 0.548148 0.0265625 0.133333
2 0.503385 0.558796 0.0348958 0.141667
1 0.601563 0.673148 0.7125 0.246296
2 0.308073 0.532407 0.0140625 0.0666667
2 0.350781 0.53287 0.0171875 0.075
2 0.259375 0.523148 0.0166667 0.0574074
0 0.867448 0.249537 0.0421875 0.0416667
0 0.9375 0.240278 0.0447917 0.0509259
2 0.377083 0.530093 0.0125 0.0472222
2 0.433073 0.54213 0.0171875 0.0916667
2 0.0414062 0.49213 0.0130208 0.0435185
2 0.123958 0.493056 0.009375 0.0287037
