0 0.532292 0.380093 0.0072917 0.0212963
0 0.513281 0.351852 0.0078125 0.0259259
2 0.519531 0.412963 0.0109375 0.0462963
2 0.549219 0.410648 0.0098958 0.0472222
2 0.560417 0.409722 0.0104167 0.0472222
2 0.671875 0.43287 0.015625 0.0490741
2 0.69401 0.422222 0.0223958 0.105556
2 0.784635 0.4375 0.0296875 0.110185
2 0.864844 0.428704 0.0234375 0.151852
2 0.93724 0.438889 0.0307292 0.159259
1 0.406771 0.430556 0.0520833 0.0092593
1 0.511198 0.428704 0.0442708 0.0092593
2 0.990104 0.440278 0.0197917 0.160185
2 0.36849 0.415278 0.0130208 0.0453704
