2 0.68724 0.66713 0.0776042 0.35463
2 0.607552 0.603704 0.0536458 0.168518
2 0.369271 0.551389 0.0114583 0.0361111
1 0.642187 0.63287 0.0270833 0.0583333
1 0.738021 0.630093 0.0229167 0.0712963
2 0.82526 0.606944 0.0692708 0.413889
2 0.619271 0.561111 0.0229167 0.0907407
2 0.557552 0.543981 0.0119792 0.0564815
2 0.863281 0.568982 0.0213542 0.130556
2 0.584375 0.543056 0.0104167 0.062037
2 0.738021 0.534722 0.0135417 0.0787037
2 0.782552 0.552315 0.0161458 0.0916667
1 0.558073 0.616667 0.0463542 0.0277778
