2 0.722656 0.573148 0.0151042 0.0833333
2 0.798177 0.576389 0.0130208 0.0583333
2 0.169531 0.533796 0.0078125 0.0342593
1 0.205469 0.611111 0.153646 0.0407407
0 0.225781 0.121296 0.0598958 0.0481481
2 0.071875 0.530556 0.0104167 0.0462963
2 0.115365 0.530093 0.0109375 0.0416667
2 0.784115 0.575463 0.0130208 0.0583333
2 0.608594 0.568056 0.0109375 0.0564815
2 0.597396 0.566667 0.009375 0.0444444
2 0.160938 0.533796 0.0072917 0.0305556
2 0.682813 0.571759 0.0114583 0.0527778
0 0.157813 0.479167 0.0052083 0.0157407
