2 0.813021 0.564352 0.028125 0.113889
2 0.752604 0.569907 0.0177083 0.106481
2 0.658854 0.582407 0.01875 0.0944444
2 0.643229 0.586111 0.0197917 0.103704
2 0.250781 0.560648 0.0130208 0.0509259
2 0.196615 0.577315 0.0151042 0.0712963
2 0.110677 0.560185 0.0151042 0.0740741
2 0.0565104 0.568519 0.0203125 0.0925926
2 0.0463542 0.580556 0.0208333 0.0981481
2 0.217187 0.561111 0.0114583 0.0555556
2 0.153385 0.578704 0.0151042 0.0962963
2 0.148438 0.577315 0.0208333 0.100926
2 0.170573 0.564352 0.0130208 0.0564815
2 0.86901 0.622222 0.0723958 0.259259
2 0.86875 0.518982 0.0177083 0.0898148
2 0.949479 0.52037 0.021875 0.125926
2 0.760417 0.568982 0.0208333 0.100926
2 0.898438 0.528241 0.0229167 0.102778
1 0.767708 0.611111 0.109375 0.0777778
1 0.427604 0.634259 0.485417 0.0314815
1 0.960417 0.660185 0.0760417 0.12963
0 0.450521 0.272222 0.0229167 0.0925926
0 0.547917 0.27037 0.0208333 0.087037
