2 0.844531 0.459259 0.0234375 0.101852
2 0.667708 0.446296 0.0166667 0.0481481
2 0.585938 0.444907 0.0104167 0.0287037
2 0.763281 0.448148 0.0098958 0.0537037
2 0.93125 0.462963 0.0197917 0.109259
2 0.771875 0.442593 0.0125 0.0574074
2 0.817969 0.438426 0.0088542 0.0546296
2 0.738542 0.44213 0.009375 0.0416667
2 0.826042 0.438889 0.0114583 0.0703704
2 0.796094 0.448148 0.0161458 0.0814815
2 0.596615 0.443056 0.0088542 0.0287037
2 0.86875 0.449537 0.0197917 0.0694444
2 0.714844 0.434722 0.0098958 0.0472222
2 0.64375 0.449537 0.0135417 0.0583333
