2 0.597135 0.472685 0.0182292 0.0824074
2 0.571094 0.475926 0.0171875 0.0703704
2 0.55651 0.456944 0.0151042 0.0564815
2 0.141406 0.474074 0.0171875 0.0888889
2 0.155469 0.480556 0.0182292 0.0814815
2 0.3375 0.462037 0.009375 0.0425926
2 0.392188 0.443518 0.0083333 0.0351852
2 0.373958 0.45463 0.0114583 0.0462963
2 0.327604 0.461111 0.0114583 0.0444444
2 0.354167 0.454167 0.0104167 0.0453704
2 0.961979 0.549074 0.0760417 0.351852
2 0.526563 0.448611 0.0072917 0.0398148
2 0.300521 0.476852 0.0177083 0.0759259
