2 0.059375 0.491667 0.0322917 0.125926
2 0.128385 0.485648 0.0192708 0.0824074
2 0.148177 0.530556 0.0255208 0.138889
2 0.189583 0.4625 0.0104167 0.0453704
2 0.332552 0.473148 0.0098958 0.0555556
2 0.345313 0.459722 0.0072917 0.0435185
2 0.351302 0.459722 0.0098958 0.0416667
2 0.544531 0.458333 0.0098958 0.0481481
2 0.552604 0.475463 0.0114583 0.0601852
2 0.577344 0.468982 0.0161458 0.0583333
2 0.772396 0.523611 0.053125 0.273148
2 0.752604 0.514815 0.03125 0.190741
2 0.721875 0.51713 0.0385417 0.197222
2 0.199479 0.477315 0.0114583 0.0601852
