1 0.808333 0.641667 0.315625 0.0685185
1 0.440625 0.575926 0.0833333 0.012963
0 0.539063 0.404167 0.028125 0.025
2 0.916667 0.575 0.0270833 0.175926
2 0.900781 0.581944 0.0203125 0.152778
2 0.864323 0.571759 0.0234375 0.125
2 0.810938 0.566667 0.0239583 0.127778
2 0.790104 0.5625 0.025 0.126852
2 0.719792 0.551389 0.009375 0.0509259
2 0.727604 0.55 0.0104167 0.0555556
2 0.653385 0.558796 0.0140625 0.0601852
2 0.259115 0.572685 0.0119792 0.0527778
2 0.273958 0.57037 0.0104167 0.05
2 0.154427 0.568056 0.0109375 0.0453704
1 0.163802 0.680093 0.165104 0.037963
1 0.422917 0.668981 0.13125 0.0490741
2 0.2375 0.560185 0.0072917 0.037037
