2 0.581771 0.47963 0.0145833 0.0648148
2 0.630469 0.523611 0.0411458 0.139815
2 0.56849 0.489815 0.0098958 0.0333333
2 0.561719 0.476852 0.0140625 0.0611111
2 0.550521 0.489352 0.0114583 0.0342593
2 0.524479 0.473148 0.0135417 0.0555556
2 0.513802 0.475 0.0130208 0.0537037
2 0.514063 0.446759 0.0083333 0.0287037
2 0.503385 0.436574 0.0067708 0.0342593
2 0.335417 0.44537 0.009375 0.0333333
2 0.294271 0.510185 0.0125 0.0592593
2 0.277344 0.494907 0.0182292 0.0824074
2 0.261458 0.515741 0.0114583 0.0555556
2 0.251823 0.503241 0.0161458 0.0842593
2 0.220313 0.511574 0.025 0.0861111
2 0.19375 0.506944 0.0239583 0.10463
2 0.15625 0.518982 0.015625 0.062037
2 0.0481771 0.49537 0.0307292 0.162963
