2 0.723437 0.569444 0.0145833 0.0814815
2 0.748438 0.575 0.0166667 0.062963
2 0.795573 0.573611 0.0130208 0.0583333
2 0.173698 0.530093 0.0088542 0.0324074
1 0.194531 0.605556 0.124479 0.0351852
0 0.229687 0.125 0.0604167 0.0481481
2 0.0729167 0.527315 0.0135417 0.0472222
2 0.110938 0.526389 0.0114583 0.0453704
2 0.781771 0.572222 0.0125 0.0574074
2 0.611198 0.567593 0.0109375 0.0555556
2 0.59974 0.564352 0.0109375 0.0472222
2 0.164844 0.529167 0.0078125 0.0287037
0 0.158854 0.477315 0.0052083 0.0157407
