2 0.903646 0.603241 0.0489583 0.178704
2 0.752604 0.564352 0.0291667 0.125
2 0.697656 0.606944 0.0640625 0.191667
2 0.465365 0.556481 0.0057292 0.0185185
2 0.0630208 0.563889 0.0166667 0.0833333
2 0.125521 0.5625 0.0104167 0.0712963
2 0.136719 0.561574 0.0119792 0.0657407
2 0.0273438 0.5625 0.0151042 0.0694444
1 0.803906 0.700463 0.143229 0.0824074
1 0.958073 0.655556 0.0838542 0.125926
1 0.34401 0.708796 0.688021 0.0805556
0 0.427083 0.105093 0.034375 0.139815
0 0.58151 0.107407 0.0338542 0.131481
