2 0.584375 0.478704 0.015625 0.0648148
2 0.636719 0.52963 0.0421875 0.155556
2 0.570052 0.4875 0.0109375 0.0435185
2 0.56276 0.476852 0.0140625 0.0611111
2 0.551042 0.489815 0.0114583 0.0351852
2 0.52474 0.475463 0.0130208 0.0527778
2 0.513802 0.475926 0.0130208 0.0537037
2 0.514323 0.447685 0.0088542 0.0305556
2 0.503906 0.436111 0.0067708 0.0333333
2 0.336458 0.44537 0.009375 0.0333333
2 0.291146 0.512963 0.0114583 0.0555556
2 0.273698 0.495833 0.0182292 0.0824074
2 0.259115 0.515741 0.0119792 0.0574074
2 0.249219 0.504167 0.0161458 0.0842593
2 0.213281 0.5125 0.0255208 0.087963
2 0.190625 0.508796 0.0239583 0.10463
2 0.151302 0.519907 0.0161458 0.0638889
2 0.0455729 0.493056 0.0296875 0.158333
