2 0.0763021 0.491204 0.0088542 0.0416667
2 0.0986979 0.509259 0.0119792 0.0592593
2 0.132292 0.51713 0.0229167 0.108333
2 0.214583 0.521759 0.0322917 0.132407
2 0.277344 0.513426 0.0265625 0.108333
2 0.291406 0.510185 0.0223958 0.107407
2 0.323698 0.493519 0.0130208 0.0648148
2 0.341146 0.502315 0.0177083 0.0861111
2 0.354948 0.493519 0.0119792 0.0611111
2 0.372135 0.500463 0.0182292 0.0935185
2 0.389062 0.498148 0.0197917 0.0814815
2 0.398177 0.481481 0.0098958 0.0518519
2 0.448438 0.496296 0.015625 0.0925926
2 0.460677 0.498611 0.0213542 0.0935185
2 0.507813 0.49213 0.0177083 0.0916667
2 0.556771 0.488889 0.025 0.0888889
2 0.597917 0.464815 0.00625 0.0259259
2 0.640365 0.487037 0.0296875 0.114815
2 0.657552 0.461574 0.0067708 0.0212963
2 0.734635 0.47963 0.0171875 0.0944444
2 0.818229 0.4875 0.0322917 0.106481
2 0.867708 0.486111 0.025 0.0814815
1 0.096875 0.545833 0.180208 0.0768519
1 0.649479 0.55787 0.696875 0.0509259
0 0.651823 0.426389 0.0067708 0.0175926
0 0.942708 0.399537 0.0083333 0.0268519
0 0.960417 0.400463 0.0083333 0.0287037
