2 0.202344 0.516667 0.0203125 0.101852
2 0.215625 0.527778 0.0145833 0.0648148
2 0.217448 0.500463 0.0213542 0.0990741
2 0.23776 0.487037 0.0151042 0.0814815
2 0.261458 0.495833 0.0114583 0.0509259
2 0.244531 0.516667 0.0171875 0.0592593
2 0.321354 0.439815 0.0125 0.037037
2 0.340625 0.44213 0.0104167 0.0361111
2 0.556771 0.473148 0.0145833 0.0685185
2 0.582812 0.475926 0.015625 0.0777778
2 0.604688 0.481944 0.0145833 0.0694444
2 0.619792 0.485648 0.0145833 0.0527778
2 0.901563 0.597685 0.090625 0.417593
2 0.370313 0.444907 0.009375 0.037963
2 0.360677 0.45 0.0088542 0.0407407
2 0.251823 0.488889 0.0151042 0.0833333
2 0.0179687 0.509259 0.0265625 0.159259
2 0.0528646 0.52037 0.0244792 0.0962963
2 0.508333 0.431944 0.0072917 0.0324074
2 0.515885 0.44213 0.0098958 0.0361111
2 0.51849 0.475463 0.0130208 0.0527778
2 0.529688 0.476852 0.0114583 0.062963
2 0.551562 0.490278 0.0125 0.0398148
2 0.105208 0.534722 0.015625 0.0916667
2 0.122917 0.525463 0.0270833 0.121296
2 0.226823 0.501389 0.0098958 0.0509259
2 0.354427 0.442593 0.0088542 0.0444444
2 0.31276 0.434259 0.0078125 0.0277778
