1 0.398958 0.702315 0.79375 0.376852
1 0.701823 0.81713 0.592188 0.175
1 0.0934896 0.486111 0.0369792 0.0092593
2 0.120312 0.477315 0.0229167 0.087963
2 0.153385 0.47963 0.0140625 0.0611111
2 0.23099 0.479167 0.0203125 0.0972222
2 0.25026 0.472685 0.0161458 0.0712963
2 0.280729 0.477778 0.0135417 0.0703704
2 0.311979 0.470833 0.0145833 0.0675926
2 0.613802 0.481019 0.0244792 0.10463
2 0.680469 0.517593 0.0598958 0.2
2 0.7875 0.65463 0.119792 0.501852
2 0.827083 0.489352 0.0177083 0.0787037
2 0.855208 0.483333 0.0104167 0.0462963
2 0.869271 0.484722 0.0145833 0.0712963
2 0.667188 0.513889 0.04375 0.187037
2 0.140625 0.475463 0.0114583 0.062037
0 0.188802 0.364352 0.0140625 0.037963
