0 0.541146 0.487963 0.0072917 0.0185185
0 0.0739583 0.440278 0.00625 0.0175926
1 0.464844 0.836111 0.908854 0.244444
1 0.820833 0.629167 0.266667 0.0805556
2 0.505729 0.550463 0.0125 0.0546296
2 0.674219 0.599537 0.0338542 0.173148
1 0.720052 0.609722 0.0317708 0.150926
2 0.610156 0.558333 0.0119792 0.0444444
2 0.760677 0.581944 0.0182292 0.0935185
2 0.800521 0.593518 0.021875 0.103704
2 0.0416667 0.503241 0.0125 0.0490741
2 0.625 0.565278 0.009375 0.0583333
2 0.448698 0.543518 0.0192708 0.0648148
2 0.435156 0.539815 0.0078125 0.0462963
2 0.0273438 0.502315 0.0109375 0.0435185
2 0.47474 0.543056 0.0078125 0.0398148
2 0.636719 0.563426 0.0109375 0.0509259
