2 0.978125 0.494907 0.021875 0.0972222
2 0.925781 0.596759 0.0296875 0.219444
2 0.899219 0.583796 0.0401042 0.215741
2 0.824479 0.5375 0.01875 0.10463
2 0.804167 0.553241 0.0229167 0.110185
2 0.794271 0.556481 0.0208333 0.1
2 0.755729 0.584722 0.046875 0.182407
2 0.73099 0.5875 0.0234375 0.143518
2 0.714323 0.59213 0.0276042 0.178704
2 0.689583 0.57037 0.0302083 0.0981481
2 0.618229 0.578241 0.025 0.0953704
2 0.544792 0.571759 0.0260417 0.10463
2 0.48151 0.573148 0.0223958 0.107407
2 0.465625 0.571759 0.0229167 0.106481
2 0.28724 0.571759 0.0276042 0.100926
2 0.254687 0.566204 0.0166667 0.0805556
2 0.222135 0.550926 0.0130208 0.0537037
2 0.213281 0.575 0.0192708 0.0907407
2 0.18724 0.566204 0.0171875 0.0824074
2 0.139323 0.560185 0.0234375 0.0962963
2 0.0953125 0.561111 0.021875 0.0851852
2 0.0484375 0.556481 0.015625 0.0796296
2 0.0151042 0.548148 0.0125 0.062963
1 0.430729 0.61713 0.472917 0.0305556
1 0.823438 0.61713 0.122917 0.0898148
1 0.967188 0.634259 0.0614583 0.116667
0 0.449479 0.274074 0.021875 0.0888889
0 0.542188 0.271296 0.0197917 0.0833333
