2 0.896615 0.468982 0.0296875 0.123148
2 0.676042 0.458796 0.0145833 0.0564815
2 0.585417 0.446759 0.0104167 0.0305556
2 0.797135 0.452778 0.0098958 0.062963
2 0.804948 0.443518 0.0130208 0.0592593
2 0.84974 0.437963 0.0130208 0.0555556
2 0.864844 0.438426 0.0151042 0.0694444
2 0.598177 0.444444 0.0098958 0.0314815
2 0.938802 0.461574 0.0223958 0.0805556
2 0.726563 0.440278 0.0114583 0.0435185
2 0.646615 0.452315 0.0140625 0.0601852
2 0.811719 0.438426 0.0130208 0.0509259
2 0.665365 0.444444 0.0088542 0.0425926
