2 0.927344 0.675 0.127604 0.535185
2 0.410417 0.547222 0.0104167 0.0333333
1 0.823698 0.650926 0.107813 0.1
2 0.608073 0.541667 0.0130208 0.0592593
2 0.640885 0.538426 0.0140625 0.0675926
1 0.652344 0.643519 0.143229 0.0703704
2 0.673698 0.560648 0.0182292 0.100926
2 0.748438 0.589352 0.0489583 0.163889
2 0.0580729 0.569907 0.0213542 0.108333
2 0.802344 0.532407 0.0151042 0.0740741
2 0.873177 0.552315 0.0234375 0.119444
2 0.913802 0.540278 0.0192708 0.102778
2 0.782031 0.536574 0.0171875 0.0787037
2 0.717969 0.537963 0.0130208 0.0703704
2 0.711979 0.540278 0.0125 0.0675926
2 0.580208 0.542593 0.0145833 0.0722222
