2 0.569792 0.441204 0.009375 0.025
2 0.582292 0.441204 0.0083333 0.0287037
2 0.598698 0.441667 0.0088542 0.0314815
2 0.657552 0.440741 0.0098958 0.0481481
2 0.648958 0.449074 0.0125 0.0462963
2 0.680208 0.452315 0.0125 0.0546296
2 0.713281 0.453704 0.0130208 0.05
2 0.751302 0.433796 0.0088542 0.0490741
2 0.771094 0.431944 0.0109375 0.0453704
2 0.903125 0.437963 0.0166667 0.0759259
2 0.881771 0.439815 0.015625 0.0703704
2 0.871615 0.456944 0.0130208 0.0453704
2 0.833854 0.450926 0.015625 0.0740741
2 0.838281 0.443056 0.0130208 0.0787037
2 0.947396 0.466667 0.0385417 0.131481
