2 0.225521 0.471296 0.0072917 0.0462963
2 0.234635 0.473611 0.0088542 0.0509259
2 0.245573 0.474537 0.0088542 0.0527778
2 0.251823 0.473148 0.0109375 0.0537037
2 0.302344 0.480556 0.0276042 0.118519
2 0.308073 0.484722 0.0348958 0.106481
2 0.55026 0.525 0.0369792 0.190741
2 0.808854 0.488426 0.015625 0.0694444
2 0.897917 0.542593 0.028125 0.209259
2 0.908854 0.491667 0.0083333 0.0388889
0 0.0335937 0.238426 0.0171875 0.0768519
1 0.186198 0.483333 0.0505208 0.0092593
1 0.383333 0.595833 0.451042 0.175
2 0.939062 0.490278 0.0135417 0.0583333
2 0.751562 0.478241 0.0104167 0.0435185
2 0.596354 0.504167 0.0270833 0.14537
2 0.365104 0.475463 0.0145833 0.0583333
1 0.605729 0.721759 0.785417 0.158333
2 0.397396 0.473148 0.0125 0.0574074
2 0.976042 0.495833 0.0135417 0.0657407
2 0.472396 0.472222 0.0125 0.05
2 0.613542 0.493519 0.015625 0.112963
2 0.823698 0.485185 0.0109375 0.0481481
2 0.340625 0.469444 0.0135417 0.0611111
2 0.619271 0.477778 0.0114583 0.0740741
0 0.286198 0.375 0.0130208 0.0333333
