2 0.9375 0.516204 0.0197917 0.10463
2 0.923437 0.524074 0.0208333 0.0851852
2 0.9 0.519907 0.0239583 0.102778
2 0.872656 0.523148 0.0192708 0.0981481
2 0.871615 0.582407 0.0401042 0.181481
2 0.84401 0.585185 0.0348958 0.157407
2 0.830469 0.596296 0.0494792 0.17963
2 0.803125 0.544444 0.028125 0.1
2 0.764323 0.552315 0.0244792 0.10463
2 0.686979 0.575926 0.01875 0.1
2 0.597656 0.571296 0.0223958 0.116667
2 0.576823 0.570833 0.0234375 0.112037
2 0.530729 0.575 0.0260417 0.0944444
2 0.254948 0.548611 0.0109375 0.0472222
2 0.235417 0.575 0.025 0.1
2 0.222135 0.551852 0.0078125 0.0555556
2 0.179167 0.550926 0.0114583 0.0555556
2 0.147396 0.562963 0.0145833 0.0907407
2 0.0747396 0.554167 0.0140625 0.0916667
2 0.0557292 0.583333 0.0177083 0.1
2 0.0151042 0.55463 0.0135417 0.0740741
2 0.00625 0.544907 0.0125 0.0898148
2 0.0416667 0.558796 0.015625 0.0768519
1 0.430729 0.61713 0.471875 0.0305556
1 0.93724 0.62963 0.120312 0.109259
1 0.75651 0.610185 0.129688 0.0648148
0 0.449479 0.274074 0.021875 0.0888889
0 0.542188 0.271296 0.0197917 0.0833333
