2 0.117448 0.450926 0.0098958 0.0444444
2 0.885156 0.458333 0.0182292 0.0962963
2 0.860156 0.451389 0.0130208 0.0638889
2 0.761198 0.455093 0.0161458 0.087963
2 0.645833 0.444444 0.0104167 0.0425926
2 0.578906 0.441667 0.0088542 0.0277778
2 0.729948 0.443056 0.0130208 0.0601852
2 0.130729 0.466667 0.0208333 0.0685185
2 0.104427 0.453241 0.0119792 0.0416667
2 0.702865 0.439815 0.0109375 0.0462963
2 0.790885 0.454167 0.0140625 0.0712963
2 0.632813 0.445833 0.0114583 0.0398148
2 0.713021 0.438426 0.0083333 0.0416667
