2 0.576302 0.428241 0.0078125 0.0268519
2 0.589583 0.438889 0.0083333 0.0296296
2 0.68776 0.506482 0.0307292 0.140741
2 0.724479 0.488426 0.025 0.125
2 0.411198 0.489815 0.0213542 0.0555556
2 0.869792 0.500463 0.0395833 0.193519
2 0.446875 0.480093 0.015625 0.0472222
2 0.385417 0.486574 0.009375 0.0398148
2 0.30625 0.515741 0.0302083 0.101852
2 0.480469 0.468056 0.0130208 0.0472222
2 0.378906 0.493519 0.0098958 0.0555556
1 0.311458 0.59213 0.265625 0.0472222
1 0.663021 0.577315 0.0927083 0.0527778
