2 0.0130208 0.563889 0.0166667 0.0925926
2 0.0617188 0.562963 0.0130208 0.0814815
2 0.0815104 0.559259 0.0140625 0.0777778
2 0.103125 0.563889 0.0135417 0.0703704
2 0.222396 0.578241 0.021875 0.102778
2 0.189844 0.6375 0.0973958 0.334259
2 0.307031 0.656018 0.119271 0.402778
2 0.502344 0.587963 0.0244792 0.122222
2 0.55599 0.622685 0.0401042 0.167593
2 0.551562 0.550463 0.0229167 0.119444
2 0.665104 0.558333 0.03125 0.183333
2 0.693229 0.550463 0.0229167 0.141667
2 0.739062 0.556944 0.0583333 0.212037
2 0.811458 0.533796 0.04375 0.284259
2 0.577344 0.708333 0.143229 0.472222
0 0.25651 0.108796 0.0390625 0.126852
0 0.415625 0.106018 0.0322917 0.119444
1 0.0684896 0.73287 0.136979 0.134259
1 0.502083 0.611574 0.0645833 0.0398148
2 0.423698 0.634259 0.0401042 0.283333
2 0.448958 0.606481 0.0614583 0.275926
2 0.384375 0.597685 0.0291667 0.184259
