2 0.0945312 0.487963 0.0244792 0.101852
2 0.109115 0.494444 0.0171875 0.1
2 0.140365 0.502315 0.0130208 0.0638889
2 0.16224 0.493519 0.0223958 0.0925926
2 0.177604 0.510648 0.0104167 0.0601852
2 0.184896 0.497685 0.0145833 0.0953704
2 0.195052 0.481019 0.0171875 0.087963
2 0.223438 0.501852 0.0114583 0.0611111
2 0.234635 0.490741 0.0182292 0.0851852
2 0.272396 0.491204 0.01875 0.0898148
2 0.31224 0.470833 0.0098958 0.0490741
2 0.321094 0.473611 0.0109375 0.0527778
2 0.359115 0.46713 0.0088542 0.0490741
2 0.532552 0.459259 0.0098958 0.0407407
2 0.566927 0.465278 0.0109375 0.0583333
2 0.586719 0.484259 0.0151042 0.0759259
2 0.63125 0.486574 0.0197917 0.0935185
2 0.674479 0.480093 0.0135417 0.0731481
