2 0.460156 0.468519 0.0119792 0.0611111
2 0.45 0.466204 0.0197917 0.0675926
2 0.363021 0.468519 0.0114583 0.0518519
2 0.310156 0.476852 0.0151042 0.0722222
2 0.254167 0.472685 0.0177083 0.0638889
2 0.185677 0.47963 0.0192708 0.0777778
2 0.160417 0.479167 0.0197917 0.0712963
2 0.138802 0.485185 0.0130208 0.0666667
2 0.118229 0.484259 0.0135417 0.0574074
2 0.107552 0.485648 0.0119792 0.0546296
2 0.0929687 0.48287 0.0130208 0.0527778
2 0.0830729 0.483333 0.00885417 0.05
2 0.0768229 0.484259 0.0109375 0.0518519
2 0.0583333 0.477778 0.009375 0.0444444
2 0.0658854 0.478241 0.0109375 0.0509259
2 0.0289063 0.493981 0.0161458 0.0712963
2 0.176302 0.468519 0.0109375 0.0388889
2 0.207292 0.460185 0.00520833 0.0203704
1 0.463021 0.497222 0.127083 0.0185185
0 0.266667 0.429167 0.00625 0.0175926
0 0.52526 0.399074 0.00677083 0.0203704
