2 0.0572917 0.483796 0.0125 0.0731481
2 0.117188 0.469444 0.009375 0.0481481
2 0.24375 0.468982 0.0197917 0.0638889
2 0.260417 0.459259 0.009375 0.0333333
2 0.322917 0.469907 0.0177083 0.100926
2 0.402083 0.459259 0.0166667 0.0722222
2 0.438802 0.462963 0.0182292 0.0925926
2 0.584635 0.454167 0.0182292 0.115741
2 0.603385 0.443056 0.0203125 0.0675926
2 0.651042 0.426852 0.0052083 0.0240741
2 0.69974 0.433333 0.0151042 0.0462963
2 0.779688 0.427315 0.0072917 0.0435185
2 0.800521 0.443981 0.028125 0.115741
2 0.819531 0.430093 0.0088542 0.0601852
2 0.853125 0.430556 0.0114583 0.0518519
2 0.869271 0.440278 0.015625 0.0953704
2 0.883333 0.42963 0.0125 0.0518519
1 0.514844 0.50787 0.273438 0.0287037
0 0.232812 0.0458333 0.0291667 0.0916667
0 0.8125 0.368519 0.0083333 0.0296296
0 0.821875 0.368982 0.0083333 0.0268519
