2 0.474219 0.402315 0.0088542 0.0324074
2 0.135417 0.432407 0.0135417 0.0814815
2 0.511198 0.405556 0.0067708 0.037037
2 0.480208 0.405093 0.0052083 0.0268519
2 0.492969 0.404167 0.0057292 0.037963
2 0.485677 0.402315 0.0067708 0.0287037
2 0.740365 0.447222 0.0244792 0.122222
2 0.816927 0.4125 0.0182292 0.0731481
1 0.880729 0.52963 0.238542 0.1
1 0.402344 0.461111 0.322396 0.0277778
2 0.523958 0.408333 0.0145833 0.0481481
2 0.577604 0.399537 0.0114583 0.0416667
2 0.590885 0.402315 0.0161458 0.0435185
