2 0.0627604 0.505556 0.0182292 0.103704
2 0.0976562 0.495833 0.0161458 0.113889
2 0.434375 0.531482 0.028125 0.118519
2 0.458854 0.517593 0.0125 0.111111
2 0.476042 0.523148 0.025 0.109259
2 0.49974 0.518982 0.0151042 0.117593
2 0.515625 0.519444 0.0239583 0.122222
2 0.5375 0.534259 0.0229167 0.12037
2 0.551302 0.530556 0.0203125 0.133333
2 0.766667 0.512037 0.0145833 0.0759259
2 0.78099 0.509722 0.0203125 0.087963
2 0.989062 0.533796 0.0208333 0.137963
2 0.911719 0.619444 0.0286458 0.181481
2 0.939323 0.581944 0.0505208 0.267593
1 0.861458 0.596759 0.277083 0.125
0 0.407292 0.464815 0.0052083 0.0092593
0 0.417969 0.463426 0.0078125 0.0101852
