2 0.66224 0.517593 0.0109375 0.0462963
2 0.651823 0.516667 0.0161458 0.0648148
2 0.707031 0.520833 0.0098958 0.0472222
0 0.698958 0.410648 0.0166667 0.0638889
0 0.604427 0.470833 0.0098958 0.0324074
0 0.561719 0.402778 0.0098958 0.0388889
0 0.532552 0.403241 0.0119792 0.0398148
0 0.509115 0.404167 0.0109375 0.037963
1 0.375 0.556018 0.028125 0.0157407
2 0.461458 0.527778 0.0145833 0.0462963
0 0.131771 0.485185 0.0083333 0.0314815
2 0.133594 0.521759 0.0109375 0.0453704
0 0.116667 0.488889 0.009375 0.0333333
