2 0.917188 0.525926 0.0197917 0.112963
2 0.866406 0.538889 0.0223958 0.114815
2 0.788021 0.565278 0.0208333 0.112037
2 0.733854 0.574074 0.0302083 0.109259
2 0.71901 0.574537 0.0244792 0.112037
2 0.646094 0.581944 0.0223958 0.0935185
2 0.622135 0.588426 0.0192708 0.102778
2 0.252865 0.561111 0.0130208 0.05
2 0.205729 0.577315 0.0166667 0.0694444
2 0.116146 0.561111 0.0145833 0.0777778
2 0.075 0.572685 0.01875 0.0916667
2 0.0572917 0.582407 0.0208333 0.1
2 0.222396 0.564352 0.0104167 0.0490741
2 0.166406 0.581482 0.0203125 0.103704
2 0.0088542 0.559722 0.0125 0.0583333
2 0.157813 0.578704 0.01875 0.0944444
2 0.17526 0.563889 0.0088542 0.0574074
2 0.923177 0.633796 0.0796875 0.29537
1 0.79401 0.617593 0.160938 0.0851852
1 0.426823 0.633333 0.474479 0.0314815
0 0.449219 0.280556 0.0223958 0.0907407
0 0.54375 0.278241 0.0197917 0.0842593
