2 0.065625 0.559722 0.015625 0.0787037
2 0.103906 0.561111 0.0130208 0.0722222
2 0.248437 0.570833 0.0260417 0.0972222
2 0.173438 0.679167 0.116667 0.45463
2 0.327344 0.639352 0.0484375 0.319444
2 0.357031 0.684259 0.141146 0.496296
2 0.503646 0.626852 0.0395833 0.201852
2 0.524219 0.599074 0.0286458 0.185185
2 0.547135 0.581482 0.0421875 0.17963
2 0.56849 0.677778 0.118229 0.425926
2 0.632552 0.550463 0.0328125 0.163889
2 0.677344 0.566204 0.0578125 0.232407
2 0.755469 0.543056 0.0494792 0.299074
0 0.257552 0.1 0.0307292 0.140741
0 0.414844 0.104167 0.0307292 0.115741
1 0.0486979 0.721759 0.0973958 0.113889
1 0.258854 0.735648 0.10625 0.147222
2 0.441146 0.587037 0.021875 0.0925926
2 0.922396 0.562963 0.0364583 0.22963
