2 0.880469 0.559722 0.0369792 0.152778
2 0.761458 0.559259 0.0166667 0.109259
2 0.78125 0.559259 0.021875 0.116667
0 0.553385 0.475463 0.0130208 0.012037
2 0.960938 0.519907 0.01875 0.102778
2 0.929427 0.52963 0.0213542 0.116667
2 0.464323 0.558333 0.0088542 0.0444444
1 0.540365 0.565741 0.0640625 0.0092593
2 0.130208 0.584722 0.015625 0.075
2 0.963802 0.554167 0.0234375 0.132407
2 0.0195312 0.606944 0.0192708 0.141667
2 0.0333333 0.603241 0.0145833 0.125
2 0.0520833 0.628241 0.0208333 0.15463
2 0.986719 0.55 0.0244792 0.125926
