2 0.932813 0.541204 0.0239583 0.102778
2 0.908073 0.548148 0.0223958 0.114815
1 0.389323 0.621296 0.206771 0.0351852
0 0.534115 0.426389 0.0234375 0.0212963
1 0.48125 0.568519 0.0583333 0.0111111
2 0.958333 0.541204 0.0177083 0.0990741
2 0.770052 0.563889 0.0161458 0.0833333
2 0.757552 0.560648 0.0140625 0.0990741
2 0.746615 0.561111 0.0140625 0.105556
2 0.310417 0.566204 0.009375 0.0472222
2 0.729167 0.558333 0.0166667 0.0851852
2 0.716927 0.552778 0.0151042 0.0796296
2 0.298177 0.566667 0.0088542 0.0444444
