2 0.951823 0.519444 0.0317708 0.118519
2 0.803906 0.549074 0.0276042 0.105556
2 0.746875 0.601389 0.0427083 0.193519
2 0.71849 0.585648 0.0546875 0.180556
2 0.684375 0.567593 0.0229167 0.103704
2 0.658854 0.575463 0.021875 0.106481
2 0.627865 0.581482 0.0244792 0.151852
2 0.642448 0.580093 0.0140625 0.106481
2 0.597396 0.588426 0.0239583 0.160185
2 0.529167 0.576852 0.01875 0.0962963
2 0.453906 0.575463 0.0255208 0.110185
2 0.392188 0.572222 0.0260417 0.0888889
2 0.367448 0.570833 0.0265625 0.102778
2 0.304167 0.573611 0.0166667 0.0935185
2 0.283594 0.573148 0.0286458 0.111111
2 0.248437 0.568519 0.0166667 0.1
2 0.223698 0.550926 0.0130208 0.0574074
2 0.179167 0.55 0.0104167 0.0555556
2 0.167187 0.568056 0.0177083 0.0824074
2 0.123958 0.563889 0.021875 0.0851852
2 0.0153646 0.550926 0.0140625 0.0666667
2 0.266406 0.568056 0.0182292 0.0824074
1 0.379687 0.619907 0.364583 0.025
1 0.877083 0.628241 0.242708 0.141667
0 0.449479 0.274074 0.021875 0.0888889
0 0.542188 0.271296 0.0197917 0.0833333
