2 0.365365 0.45787 0.0119792 0.0490741
2 0.678385 0.449074 0.0213542 0.0888889
2 0.115885 0.477315 0.0151042 0.075
2 0.205469 0.502778 0.0307292 0.12037
2 0.782812 0.442593 0.0177083 0.0925926
2 0.0765625 0.494907 0.0145833 0.0861111
2 0.802083 0.447685 0.0239583 0.100926
2 0.845312 0.445833 0.021875 0.130556
2 0.982552 0.47963 0.0255208 0.131481
2 0.096875 0.480556 0.0145833 0.0685185
2 0.955469 0.450926 0.0203125 0.122222
2 0.327865 0.451852 0.0088542 0.0407407
2 0.472656 0.442593 0.0067708 0.0240741
2 0.308854 0.453241 0.009375 0.0342593
2 0.315625 0.466204 0.0135417 0.0583333
