2 0.16875 0.478241 0.0166667 0.0768519
2 0.204427 0.511111 0.0234375 0.109259
2 0.249219 0.477315 0.0078125 0.0398148
2 0.260156 0.473611 0.0119792 0.0601852
2 0.265104 0.46713 0.015625 0.0657407
2 0.282813 0.477315 0.0145833 0.0564815
2 0.30026 0.475926 0.0151042 0.0611111
2 0.516406 0.443981 0.0057292 0.0324074
2 0.541146 0.455093 0.0083333 0.037963
2 0.549219 0.474074 0.0109375 0.0537037
2 0.578125 0.465278 0.0135417 0.0564815
2 0.675 0.500463 0.0260417 0.165741
2 0.707292 0.5125 0.0385417 0.215741
2 0.273177 0.484259 0.0109375 0.0351852
2 0.217708 0.474537 0.0145833 0.0601852
2 0.289323 0.481019 0.0078125 0.037963
