2 0.790365 0.4375 0.0161458 0.0787037
2 0.728125 0.424074 0.0197917 0.0740741
2 0.0864583 0.426852 0.0145833 0.0777778
2 0.0768229 0.438426 0.0119792 0.0564815
2 0.0677083 0.427778 0.015625 0.0814815
2 0.0591146 0.40787 0.0098958 0.0490741
1 0.479167 0.448611 0.476042 0.0287037
1 0.5 0.568982 0.996875 0.100926
1 0.909635 0.51713 0.174479 0.0583333
0 0.627344 0.224537 0.0338542 0.025
0 0.565625 0.218056 0.034375 0.0287037
0 0.146094 0.31713 0.0109375 0.0361111
0 0.754427 0.346296 0.0098958 0.0314815
