2 0.166667 0.513426 0.0125 0.0638889
2 0.177865 0.498611 0.0161458 0.100926
2 0.210156 0.5125 0.0151042 0.0398148
2 0.259635 0.496759 0.0171875 0.0675926
2 0.270052 0.515741 0.0088542 0.037037
2 0.280729 0.516204 0.0114583 0.037963
2 0.290365 0.498611 0.0151042 0.0694444
2 0.531771 0.47963 0.0125 0.0611111
2 0.551042 0.496296 0.0208333 0.0907407
2 0.583073 0.476389 0.0098958 0.0527778
2 0.0270833 0.505556 0.0270833 0.162963
2 0.520052 0.480093 0.0109375 0.062037
2 0.0098958 0.503704 0.0197917 0.157407
