2 0.593229 0.474074 0.01875 0.0907407
2 0.404687 0.472222 0.0197917 0.0666667
2 0.359115 0.475 0.0192708 0.0907407
2 0.332552 0.478241 0.0223958 0.0842593
2 0.292708 0.472685 0.0260417 0.0731481
2 0.238281 0.483333 0.0182292 0.0759259
2 0.175781 0.469444 0.0088542 0.037037
2 0.11224 0.493056 0.0213542 0.075
2 0.0846354 0.5 0.0244792 0.0888889
2 0.0692708 0.494907 0.0114583 0.0657407
2 0.0520833 0.481944 0.009375 0.0435185
2 0.0440104 0.47963 0.0078125 0.0351852
2 0.028125 0.499537 0.0125 0.0805556
2 0.0192708 0.497222 0.0104167 0.062963
2 0.0046875 0.50463 0.009375 0.0796296
2 0.2125 0.462963 0.0052083 0.0222222
1 0.359115 0.518056 0.497396 0.0268519
0 0.274219 0.427778 0.0067708 0.0185185
0 0.558073 0.393981 0.0088542 0.0231481
0 0.576042 0.39537 0.0072917 0.0222222
