2 0.627083 0.5375 0.0114583 0.0601852
0 0.529948 0.468518 0.0130208 0.012963
2 0.647396 0.538426 0.0145833 0.075
2 0.589323 0.531944 0.0067708 0.0361111
2 0.658594 0.536574 0.0130208 0.0712963
2 0.151562 0.588889 0.01875 0.0944444
2 0.109115 0.608333 0.0213542 0.111111
2 0.125 0.593982 0.0197917 0.102778
2 0.582812 0.533333 0.0083333 0.037037
2 0.7875 0.509722 0.0135417 0.0675926
2 0.165365 0.594907 0.0213542 0.130556
2 0.778906 0.515741 0.0119792 0.0648148
2 0.597135 0.534259 0.0067708 0.0333333
2 0.135677 0.581019 0.0192708 0.0898148
2 0.180208 0.580093 0.0135417 0.0861111
2 0.0148437 0.628241 0.0296875 0.249074
2 0.0924479 0.597222 0.0182292 0.12037
