2 0.05 0.549537 0.0427083 0.160185
2 0.0770833 0.56713 0.0260417 0.0842593
2 0.0940104 0.52037 0.0328125 0.116667
2 0.115625 0.540278 0.0208333 0.0898148
2 0.15599 0.527778 0.0203125 0.0666667
2 0.313802 0.45463 0.0088542 0.0462963
2 0.307552 0.464815 0.0078125 0.0425926
2 0.539583 0.462963 0.0083333 0.0388889
2 0.695833 0.52963 0.0208333 0.0944444
2 0.730208 0.513889 0.0291667 0.127778
2 0.753646 0.525463 0.0239583 0.0953704
2 0.321354 0.460185 0.0072917 0.0444444
2 0.574219 0.480556 0.0161458 0.0796296
2 0.688281 0.505093 0.0234375 0.117593
2 0.515365 0.435648 0.0067708 0.0287037
2 0.533594 0.446296 0.0067708 0.0333333
2 0.325521 0.464352 0.0052083 0.0324074
2 0.29401 0.463889 0.0067708 0.0481481
