2 0.860156 0.528704 0.0338542 0.164815
2 0.815104 0.492593 0.0125 0.062963
2 0.441406 0.475 0.0140625 0.0666667
2 0.41901 0.473148 0.0140625 0.0574074
2 0.334375 0.472685 0.0104167 0.0509259
2 0.311979 0.475 0.0083333 0.0518519
2 0.317708 0.472685 0.0083333 0.0490741
2 0.326823 0.473148 0.0078125 0.0555556
0 0.139062 0.264352 0.015625 0.0694444
1 0.275521 0.484259 0.028125 0.0092593
1 0.405729 0.556944 0.21875 0.102778
1 0.854167 0.643519 0.286458 0.0814815
2 0.471875 0.500463 0.0291667 0.165741
2 0.795573 0.482407 0.0109375 0.0388889
2 0.983073 0.564815 0.0296875 0.196296
2 0.491406 0.509259 0.0328125 0.15
2 0.955729 0.500926 0.0104167 0.0462963
0 0.368229 0.386574 0.0114583 0.0305556
1 0.440365 0.622222 0.150521 0.0425926
