2 0.0973958 0.526389 0.009375 0.0287037
1 0.622135 0.794907 0.715104 0.312037
2 0.34349 0.544444 0.0286458 0.131481
2 0.890365 0.590278 0.0546875 0.273148
2 0.461198 0.534259 0.0213542 0.103704
2 0.520312 0.544444 0.025 0.116667
2 0.802865 0.576852 0.0703125 0.225926
2 0.586719 0.525 0.0151042 0.0944444
2 0.56224 0.525926 0.0223958 0.107407
2 0.477865 0.542593 0.0203125 0.0851852
2 0.328385 0.530093 0.0171875 0.0805556
2 0.383854 0.524537 0.0166667 0.0805556
2 0.763802 0.547685 0.0328125 0.167593
2 0.98099 0.588889 0.0328125 0.227778
2 0.6125 0.526852 0.0208333 0.105556
2 0.313542 0.527315 0.0135417 0.0787037
