2 0.178906 0.472685 0.0098958 0.0268519
2 0.190885 0.473611 0.0088542 0.0361111
2 0.123698 0.477778 0.0098958 0.0462963
2 0.0804688 0.477778 0.0088542 0.05
2 0.444531 0.466667 0.0098958 0.0407407
2 0.360938 0.468982 0.009375 0.0416667
2 0.135937 0.478704 0.0072917 0.0333333
2 0.141406 0.480556 0.0088542 0.0388889
2 0.152604 0.476389 0.00625 0.0361111
2 0.160156 0.477315 0.0067708 0.0342593
2 0.166667 0.476389 0.0104167 0.0361111
2 0.398698 0.466204 0.0140625 0.0509259
2 0.504948 0.471296 0.0088542 0.0481481
2 0.488542 0.466667 0.009375 0.0444444
2 0.129167 0.471296 0.0072917 0.0314815
2 0.251302 0.465741 0.0078125 0.0314815
2 0.229687 0.466204 0.00625 0.0231481
2 0.302344 0.469907 0.0119792 0.0453704
2 0.496354 0.465741 0.0083333 0.0444444
