2 0.377604 0.451852 0.0125 0.0462963
2 0.655208 0.442593 0.0177083 0.0814815
2 0.536719 0.440278 0.0109375 0.0453704
2 0.14974 0.47037 0.0140625 0.0703704
2 0.280469 0.480093 0.0223958 0.087963
2 0.749479 0.437037 0.015625 0.0833333
2 0.121354 0.485648 0.0135417 0.0787037
2 0.765885 0.439352 0.0213542 0.0861111
2 0.798958 0.440278 0.025 0.113889
2 0.909896 0.468982 0.0229167 0.121296
2 0.13151 0.473148 0.0130208 0.0611111
2 0.896875 0.443056 0.0177083 0.106481
2 0.339063 0.448611 0.0072917 0.0398148
2 0.334115 0.458796 0.0098958 0.0546296
