2 0.0955729 0.573611 0.0223958 0.0990741
2 0.803385 0.675463 0.0901042 0.428704
2 0.85599 0.637037 0.0567708 0.318518
2 0.671094 0.69537 0.104687 0.501852
1 0.244531 0.831944 0.486979 0.221296
2 0.125781 0.575926 0.0255208 0.101852
2 0.69401 0.597222 0.0401042 0.261111
2 0.338802 0.559722 0.0182292 0.0527778
2 0.483854 0.589815 0.0447917 0.15
2 0.736719 0.568982 0.0234375 0.130556
2 0.75 0.563426 0.025 0.10463
2 0.834896 0.684259 0.0447917 0.387037
2 0.544271 0.593982 0.0322917 0.150926
1 0.579427 0.620833 0.0557292 0.0490741
2 0.594271 0.567593 0.0166667 0.087037
2 0.610156 0.572222 0.0130208 0.0722222
2 0.632292 0.578241 0.0302083 0.225
2 0.952865 0.6625 0.0776042 0.467593
