2 0.970312 0.49537 0.0177083 0.0944444
2 0.935156 0.500926 0.0151042 0.0722222
2 0.925781 0.583333 0.0463542 0.211111
2 0.94375 0.605556 0.0604167 0.192593
2 0.833073 0.534259 0.0307292 0.0981481
2 0.823177 0.546296 0.0296875 0.103704
2 0.813021 0.552315 0.0177083 0.0990741
2 0.803125 0.537037 0.034375 0.101852
2 0.766667 0.585185 0.0302083 0.183333
2 0.745052 0.586111 0.0171875 0.15
2 0.73099 0.589352 0.0380208 0.176852
2 0.702344 0.568519 0.0192708 0.103704
2 0.629167 0.575463 0.01875 0.100926
2 0.551042 0.57037 0.025 0.101852
2 0.499479 0.569907 0.0333333 0.112037
2 0.483073 0.57037 0.0265625 0.111111
2 0.279948 0.570833 0.0203125 0.106481
2 0.25 0.568056 0.01875 0.0787037
2 0.222656 0.552315 0.0130208 0.0546296
2 0.201042 0.575463 0.0239583 0.087963
2 0.18151 0.566204 0.0203125 0.0768519
2 0.130729 0.557407 0.0229167 0.0925926
2 0.0848958 0.560648 0.01875 0.0824074
2 0.0367188 0.579167 0.0265625 0.0953704
2 0.0148437 0.548611 0.0130208 0.062037
1 0.430729 0.61713 0.472917 0.0305556
1 0.840365 0.612037 0.131771 0.0888889
0 0.449479 0.274074 0.021875 0.0888889
0 0.542188 0.271296 0.0197917 0.0833333
