2 0.906771 0.466667 0.03125 0.127778
2 0.677083 0.456944 0.0145833 0.0583333
2 0.584896 0.444907 0.0104167 0.0305556
2 0.803385 0.451389 0.0098958 0.0638889
2 0.85599 0.436574 0.0130208 0.0564815
2 0.871615 0.436574 0.0151042 0.0712963
2 0.598177 0.443056 0.0098958 0.0324074
2 0.953385 0.460185 0.0234375 0.0833333
2 0.729167 0.438426 0.0114583 0.0435185
2 0.647135 0.450463 0.0140625 0.0583333
2 0.666146 0.443056 0.009375 0.0435185
2 0.839063 0.456481 0.009375 0.037037
2 0.809115 0.443056 0.0109375 0.062037
2 0.816667 0.436574 0.0114583 0.0472222
