2 0.172917 0.433333 0.0125 0.062963
2 0.145833 0.43287 0.0177083 0.0694444
2 0.155729 0.441204 0.0104167 0.0509259
2 0.078125 0.421296 0.0083333 0.0314815
2 0.759375 0.435648 0.0114583 0.0657407
2 0.411979 0.416667 0.0135417 0.0666667
2 0.729427 0.431019 0.0119792 0.062037
1 0.442187 0.493519 0.7875 0.0425926
1 0.341667 0.446296 0.084375 0.0111111
1 0.547917 0.445833 0.230208 0.0157407
0 0.595573 0.265278 0.0286458 0.0212963
0 0.544792 0.262037 0.028125 0.0240741
0 0.217187 0.348611 0.009375 0.0305556
0 0.695833 0.363889 0.0083333 0.0259259
