2 0.00625 0.534259 0.0125 0.0648148
2 0.0304687 0.556481 0.0140625 0.0759259
2 0.0580729 0.579167 0.0213542 0.108333
2 0.13125 0.559722 0.015625 0.0898148
2 0.178646 0.551389 0.0104167 0.0564815
2 0.255469 0.547222 0.0088542 0.0481481
2 0.217708 0.575 0.0260417 0.0981481
2 0.230729 0.575926 0.015625 0.0944444
2 0.544531 0.574074 0.0151042 0.0888889
2 0.60026 0.571296 0.0223958 0.105556
2 0.619792 0.570833 0.0197917 0.113889
2 0.704427 0.571759 0.0213542 0.112037
2 0.781771 0.545833 0.0177083 0.102778
2 0.824479 0.535648 0.0270833 0.102778
2 0.889063 0.513889 0.0125 0.0925926
2 0.89974 0.506944 0.0098958 0.0768519
2 0.911198 0.507407 0.0130208 0.087037
2 0.919531 0.515278 0.0223958 0.0972222
2 0.961198 0.514815 0.0265625 0.114815
2 0.900781 0.576852 0.0473958 0.185185
2 0.877344 0.575926 0.0203125 0.164815
2 0.864844 0.588426 0.0494792 0.186111
1 0.430729 0.61713 0.471875 0.0305556
1 0.952083 0.630093 0.0927083 0.110185
1 0.782812 0.609259 0.140625 0.0907407
0 0.449479 0.274074 0.021875 0.0888889
0 0.542188 0.271296 0.0197917 0.0833333
