2 0.669531 0.591204 0.0255208 0.106481
2 0.246094 0.559259 0.0130208 0.0518519
2 0.184375 0.576852 0.0166667 0.0759259
2 0.0992187 0.558333 0.0140625 0.0685185
2 0.209635 0.560648 0.0140625 0.0564815
2 0.16276 0.563889 0.0130208 0.0574074
2 0.820833 0.614352 0.0645833 0.226852
2 0.98776 0.512037 0.0213542 0.125926
2 0.798958 0.5625 0.0260417 0.10463
2 0.933594 0.526389 0.0296875 0.132407
2 0.88125 0.517593 0.0177083 0.0907407
2 0.133073 0.575 0.0182292 0.0981481
2 0.121354 0.571296 0.0229167 0.112963
2 0.025 0.581018 0.0208333 0.0787037
1 0.439844 0.637037 0.529688 0.0333333
1 0.933073 0.642593 0.132813 0.12037
0 0.450521 0.258333 0.0239583 0.0962963
0 0.551562 0.255556 0.021875 0.0907407
