2 0.861979 0.371296 0.021875 0.0944444
2 0.286719 0.430556 0.0265625 0.124074
2 0.266146 0.428704 0.0291667 0.151852
2 0.0307292 0.483333 0.0572917 0.281482
2 0.107031 0.409722 0.0203125 0.100926
2 0.904688 0.379167 0.0239583 0.10463
2 0.0859375 0.410185 0.021875 0.101852
2 0.891667 0.384722 0.015625 0.0935185
2 0.93099 0.364815 0.0161458 0.0962963
2 0.94375 0.368518 0.015625 0.087037
2 0.278906 0.453704 0.0182292 0.0814815
2 0.386198 0.378704 0.0098958 0.0537037
1 0.819531 0.489352 0.255729 0.0527778
1 0.27526 0.501852 0.359896 0.0814815
