2 0.197656 0.590741 0.0244792 0.103704
2 0.224479 0.55787 0.0083333 0.0342593
2 0.863802 0.523148 0.0161458 0.0777778
2 0.829948 0.514815 0.0140625 0.0777778
2 0.814583 0.516204 0.0166667 0.0824074
2 0.774479 0.530093 0.015625 0.0861111
2 0.66276 0.541204 0.0130208 0.075
2 0.675781 0.539815 0.0151042 0.0759259
2 0.635938 0.540278 0.0135417 0.0583333
0 0.529167 0.468982 0.0125 0.012037
2 0.151823 0.600926 0.0161458 0.114815
2 0.1625 0.587963 0.0166667 0.111111
2 0.598698 0.534722 0.0088542 0.0342593
