2 0.0236979 0.547222 0.0421875 0.172222
2 0.065625 0.550463 0.034375 0.200926
2 0.09375 0.542593 0.0322917 0.146296
2 0.123958 0.523611 0.03125 0.113889
2 0.145833 0.540278 0.021875 0.0805556
2 0.179688 0.52037 0.0208333 0.0666667
2 0.319531 0.452778 0.0098958 0.0481481
2 0.334375 0.461574 0.009375 0.0472222
2 0.345833 0.457407 0.009375 0.0388889
2 0.355729 0.453704 0.0083333 0.0388889
2 0.536979 0.443056 0.0072917 0.0324074
2 0.542448 0.45787 0.0088542 0.037963
2 0.676042 0.520833 0.01875 0.0842593
2 0.704687 0.508796 0.0291667 0.113889
2 0.727344 0.518982 0.0234375 0.0898148
2 0.11875 0.565278 0.0208333 0.0935185
2 0.573438 0.484259 0.0145833 0.0833333
