2 0.0596354 0.562963 0.0130208 0.0814815
2 0.0846354 0.560185 0.0140625 0.0777778
2 0.101563 0.563889 0.0135417 0.0703704
2 0.198958 0.627778 0.0895833 0.309259
2 0.29401 0.65463 0.117188 0.396296
2 0.508594 0.5875 0.0244792 0.121296
2 0.573438 0.626852 0.0416667 0.174074
2 0.554427 0.553704 0.0244792 0.125926
2 0.645052 0.588889 0.0328125 0.192593
2 0.700781 0.55463 0.0265625 0.146296
2 0.771615 0.554167 0.0578125 0.210185
2 0.577344 0.712963 0.144271 0.475926
0 0.254948 0.106481 0.0390625 0.127778
0 0.414583 0.103241 0.0322917 0.119444
1 0.0684896 0.73287 0.136979 0.134259
1 0.515104 0.611574 0.0489583 0.0398148
2 0.445052 0.649537 0.0651042 0.260185
2 0.472135 0.606944 0.0630208 0.282407
2 0.402083 0.624074 0.0416667 0.237037
2 0.363281 0.604167 0.0276042 0.221296
2 0.726823 0.553704 0.0276042 0.151852
2 0.423177 0.581482 0.0151042 0.0833333
2 0.669792 0.609259 0.0385417 0.162963
2 0.676823 0.561111 0.0317708 0.188889
