2 0.921094 0.603241 0.0963542 0.393519
2 0.776823 0.519444 0.0109375 0.0740741
2 0.648438 0.529167 0.0104167 0.0435185
2 0.594271 0.544907 0.0104167 0.0527778
0 0.516406 0.481481 0.0130208 0.012963
2 0.604427 0.54537 0.0119792 0.0592593
2 0.282292 0.576852 0.0135417 0.0666667
2 0.754948 0.525926 0.0192708 0.087037
2 0.574479 0.540278 0.0072917 0.0342593
2 0.251823 0.586111 0.0140625 0.087037
2 0.263021 0.567593 0.009375 0.05
2 0.65599 0.52963 0.0109375 0.0425926
2 0.614062 0.544444 0.0104167 0.0574074
2 0.225521 0.586574 0.0135417 0.0787037
2 0.203906 0.597222 0.0203125 0.111111
2 0.180208 0.6 0.0197917 0.142593
2 0.2375 0.58287 0.0114583 0.0638889
