2 0.892708 0.526852 0.028125 0.101852
2 0.866927 0.600463 0.0421875 0.206482
2 0.845312 0.591204 0.0614583 0.208333
2 0.790885 0.546296 0.0255208 0.1
2 0.75599 0.565741 0.0223958 0.107407
2 0.763281 0.55 0.0223958 0.0944444
2 0.74401 0.571296 0.0223958 0.087037
2 0.709375 0.582407 0.0302083 0.17037
2 0.694271 0.572685 0.01875 0.10463
2 0.677344 0.5875 0.0307292 0.167593
2 0.660677 0.570833 0.0192708 0.106481
2 0.593229 0.574537 0.025 0.10463
2 0.519792 0.573148 0.028125 0.112963
2 0.445573 0.573611 0.0223958 0.087963
2 0.423958 0.574537 0.0229167 0.112037
2 0.418229 0.571296 0.0135417 0.105556
2 0.307813 0.571759 0.0270833 0.108333
2 0.263281 0.568982 0.0182292 0.0731481
2 0.25026 0.546296 0.0098958 0.0444444
2 0.240365 0.575 0.0265625 0.087037
2 0.222656 0.552315 0.0109375 0.0527778
2 0.209896 0.565741 0.0145833 0.0814815
2 0.180469 0.552315 0.0098958 0.0546296
2 0.16901 0.561574 0.0203125 0.0953704
2 0.114844 0.560648 0.0171875 0.0861111
2 0.0666667 0.560185 0.0208333 0.0814815
2 0.0151042 0.550926 0.0125 0.0666667
2 0.0065104 0.539352 0.0109375 0.0712963
1 0.42474 0.61713 0.450521 0.0305556
1 0.777083 0.6 0.1125 0.0814815
1 0.939323 0.635648 0.120312 0.119444
0 0.449479 0.274074 0.021875 0.0888889
0 0.542188 0.271296 0.0197917 0.0833333
