2 0.0617188 0.493982 0.0182292 0.112037
2 0.0765625 0.499074 0.01875 0.111111
2 0.10625 0.510185 0.01875 0.0740741
2 0.13099 0.49537 0.0244792 0.105556
2 0.15651 0.500926 0.0213542 0.103704
2 0.169531 0.488426 0.0161458 0.10463
2 0.202604 0.505556 0.0125 0.0648148
2 0.214062 0.493519 0.0197917 0.0925926
2 0.251563 0.494444 0.0229167 0.101852
2 0.29974 0.473148 0.0098958 0.05
2 0.310937 0.475463 0.0114583 0.0546296
2 0.34974 0.469444 0.0098958 0.05
2 0.532031 0.461574 0.0098958 0.0416667
2 0.569271 0.467593 0.0125 0.0648148
2 0.590365 0.486111 0.0161458 0.0814815
2 0.65026 0.494444 0.0244792 0.114815
2 0.691146 0.48287 0.0145833 0.0787037
2 0.386979 0.455556 0.009375 0.0425926
