2 0.85026 0.36713 0.0213542 0.0916667
2 0.298177 0.422222 0.0348958 0.133333
2 0.277865 0.421296 0.0265625 0.138889
2 0.0669271 0.474074 0.0567708 0.27963
2 0.124219 0.403704 0.0192708 0.1
2 0.879948 0.374074 0.0182292 0.0907407
2 0.901823 0.374074 0.0234375 0.105556
2 0.103385 0.405556 0.0203125 0.1
2 0.0114583 0.477778 0.0229167 0.261111
2 0.992448 0.361574 0.0140625 0.119444
2 0.914844 0.360185 0.0151042 0.087037
2 0.289844 0.45 0.0161458 0.0814815
2 0.39375 0.376852 0.009375 0.05
1 0.253125 0.494907 0.313542 0.0712963
1 0.805469 0.475463 0.211979 0.0435185
