2 0.0429688 0.526852 0.0151042 0.0796296
2 0.320573 0.45463 0.0088542 0.037037
2 0.384896 0.443518 0.0114583 0.0425926
2 0.408854 0.438426 0.0083333 0.0342593
2 0.516667 0.426852 0.0104167 0.0314815
2 0.608594 0.422685 0.0088542 0.0361111
2 0.840885 0.534722 0.0723958 0.284259
2 0.953646 0.533333 0.0520833 0.238889
1 0.333333 0.560648 0.0635417 0.0435185
2 0.538281 0.424537 0.0067708 0.025
2 0.996094 0.402778 0.0078125 0.0555556
0 0.414323 0.334259 0.0078125 0.0277778
0 0.434375 0.329167 0.0072917 0.0231481
