2 0.11849 0.506019 0.0223958 0.106481
2 0.198698 0.499537 0.0171875 0.087963
2 0.235156 0.514815 0.0119792 0.0425926
2 0.290104 0.505556 0.015625 0.0685185
2 0.307031 0.504167 0.0171875 0.0675926
2 0.508073 0.450463 0.0078125 0.0324074
2 0.515104 0.463889 0.0104167 0.0333333
2 0.531771 0.498611 0.0177083 0.0694444
2 0.542188 0.481481 0.0114583 0.0555556
2 0.553385 0.490741 0.0098958 0.037037
2 0.578125 0.488889 0.0104167 0.0407407
2 0.327344 0.498148 0.0130208 0.0703704
2 0.188281 0.514352 0.0151042 0.0583333
2 0.297135 0.517593 0.0109375 0.0388889
2 0.321354 0.511111 0.009375 0.0425926
