0 0.108854 0.37963 0.01875 0.0166667
0 0.313542 0.446759 0.0114583 0.0268519
2 0.226823 0.518056 0.0161458 0.0527778
2 0.411458 0.543056 0.015625 0.075
2 0.54974 0.568982 0.0286458 0.136111
2 0.61224 0.572685 0.0348958 0.128704
1 0.665104 0.666204 0.628125 0.206482
2 0.422135 0.549537 0.0119792 0.0657407
2 0.13724 0.510185 0.0171875 0.0518519
2 0.45 0.549537 0.0166667 0.0731481
2 0.367188 0.537037 0.0125 0.05
0 0.928906 0.27963 0.0380208 0.037037
2 0.541406 0.559259 0.0234375 0.0888889
0 0.985417 0.271296 0.0291667 0.0444444
