2 0.0231771 0.499537 0.0109375 0.0527778
2 0.750781 0.625926 0.0421875 0.190741
2 0.7 0.616204 0.034375 0.182407
2 0.798437 0.598148 0.0229167 0.109259
2 0.625781 0.568056 0.0119792 0.0564815
2 0.636719 0.565741 0.0109375 0.05
2 0.436198 0.540278 0.0171875 0.0509259
2 0.500521 0.550926 0.0135417 0.0537037
2 0.613802 0.557407 0.0109375 0.0444444
1 0.490365 0.869907 0.980729 0.197222
1 0.766406 0.627315 0.375521 0.108333
0 0.538802 0.487963 0.0078125 0.0222222
0 0.0598958 0.438889 0.00625 0.0203704
2 0.729688 0.573611 0.015625 0.0675926
