2 0.478385 0.463426 0.0078125 0.0324074
2 0.469271 0.464352 0.009375 0.0342593
2 0.411979 0.463889 0.0104167 0.0425926
2 0.403646 0.464815 0.0104167 0.0444444
2 0.201562 0.468982 0.009375 0.0416667
2 0.19375 0.473611 0.0052083 0.0361111
2 0.208594 0.474537 0.0057292 0.0342593
2 0.167187 0.475926 0.0083333 0.037037
2 0.281771 0.468982 0.0072917 0.0342593
2 0.273958 0.464815 0.0083333 0.0240741
2 0.179948 0.474074 0.0078125 0.037037
2 0.155469 0.476852 0.0088542 0.0425926
2 0.360417 0.465741 0.0072917 0.0333333
2 0.189323 0.473148 0.0057292 0.0351852
0 0.025 0.28287 0.015625 0.0694444
0 0.0739583 0.27037 0.015625 0.0722222
