0 0.54974 0.383796 0.0078125 0.0231481
0 0.527344 0.352315 0.0088542 0.0287037
2 0.54375 0.423611 0.0125 0.0546296
2 0.581771 0.422222 0.0125 0.0611111
2 0.590104 0.419444 0.0125 0.0555556
1 0.403906 0.443056 0.0630208 0.0101852
1 0.532812 0.440741 0.0604167 0.0111111
2 0.626302 0.423611 0.0161458 0.0768519
2 0.365625 0.426852 0.0114583 0.0481481
2 0.604688 0.418056 0.0135417 0.0472222
2 0.735677 0.419444 0.0171875 0.0759259
2 0.753385 0.430093 0.0192708 0.119444
2 0.773438 0.450926 0.021875 0.127778
2 0.355729 0.428241 0.0072917 0.0416667
