1 0.491667 0.577778 0.0791667 0.012963
0 0.518229 0.450926 0.01875 0.0185185
2 0.942969 0.553241 0.0213542 0.132407
2 0.957812 0.577315 0.0447917 0.184259
2 0.167448 0.563889 0.0119792 0.0611111
2 0.856771 0.544444 0.0166667 0.101852
2 0.86901 0.542593 0.0182292 0.1
2 0.902604 0.528241 0.0166667 0.0768519
2 0.890885 0.540278 0.0192708 0.115741
2 0.202865 0.552315 0.0088542 0.0398148
2 0.140104 0.57037 0.0145833 0.0759259
2 0.0445313 0.584722 0.0223958 0.100926
2 0.0304687 0.575463 0.0151042 0.0898148
2 0.178125 0.564815 0.0145833 0.0592593
