2 0.0664062 0.476389 0.0088542 0.0453704
2 0.33125 0.477315 0.0385417 0.147222
2 0.365885 0.453704 0.0140625 0.0444444
2 0.421094 0.443518 0.0098958 0.0259259
2 0.453385 0.464352 0.0223958 0.100926
2 0.28776 0.445833 0.0088542 0.0324074
2 0.53776 0.471759 0.0182292 0.149074
2 0.552344 0.472222 0.0328125 0.168518
2 0.69974 0.448148 0.0223958 0.0740741
2 0.861198 0.431944 0.0109375 0.0527778
2 0.976823 0.433333 0.0119792 0.062963
2 0.940885 0.431944 0.0140625 0.075
1 0.43151 0.552315 0.685938 0.0657407
0 0.574479 0.343982 0.0072917 0.0287037
0 0.86276 0.365278 0.0098958 0.0324074
0 0.872656 0.36713 0.0078125 0.025
