2 0.36224 0.456019 0.0119792 0.0490741
2 0.686458 0.448148 0.0208333 0.0907407
2 0.103125 0.477315 0.009375 0.075
2 0.182292 0.50463 0.0322917 0.122222
2 0.792188 0.439815 0.01875 0.0981481
2 0.0648438 0.497685 0.0151042 0.087963
2 0.813021 0.444444 0.025 0.105556
2 0.859896 0.443981 0.0229167 0.136111
2 0.0882813 0.481019 0.0151042 0.0694444
2 0.973958 0.448148 0.025 0.125926
2 0.32526 0.451389 0.0088542 0.0416667
2 0.472656 0.441204 0.0067708 0.025
2 0.305729 0.452315 0.009375 0.0361111
2 0.31224 0.465278 0.0140625 0.0583333
