2 0.566667 0.442593 0.0104167 0.0277778
2 0.577083 0.44213 0.0083333 0.0287037
2 0.598177 0.442593 0.0119792 0.0351852
2 0.669271 0.444907 0.0114583 0.0564815
2 0.651042 0.452778 0.0135417 0.05
2 0.691146 0.452778 0.0166667 0.062963
2 0.779688 0.434722 0.0145833 0.0546296
2 0.988281 0.436111 0.0161458 0.0944444
2 0.945313 0.440278 0.0135417 0.0935185
2 0.957812 0.460648 0.0166667 0.0583333
2 0.901042 0.438426 0.0125 0.0861111
2 0.55599 0.441204 0.0067708 0.0231481
2 0.863281 0.431482 0.0119792 0.0555556
2 0.818229 0.428704 0.0145833 0.0555556
2 0.916927 0.449074 0.0182292 0.0796296
2 0.594531 0.439352 0.0078125 0.0287037
