2 0.913021 0.527778 0.0197917 0.114815
2 0.861719 0.541667 0.0171875 0.109259
2 0.78125 0.566667 0.0270833 0.111111
2 0.725 0.574074 0.0229167 0.109259
2 0.717448 0.576389 0.0182292 0.113889
2 0.645052 0.58287 0.0223958 0.0935185
2 0.619271 0.587037 0.01875 0.105556
2 0.252865 0.561111 0.0130208 0.05
2 0.207813 0.578241 0.0166667 0.0694444
2 0.117188 0.561111 0.0145833 0.0777778
2 0.0773438 0.572222 0.0182292 0.0907407
2 0.0588542 0.58287 0.0208333 0.0990741
2 0.222917 0.565278 0.0104167 0.0490741
2 0.169531 0.58287 0.0203125 0.102778
2 0.973177 0.50463 0.0140625 0.0907407
2 0.0098958 0.559722 0.0125 0.0583333
2 0.158854 0.579167 0.01875 0.0935185
2 0.175781 0.564815 0.0088542 0.0574074
1 0.799219 0.622222 0.174479 0.0944444
1 0.426562 0.63287 0.472917 0.0305556
0 0.449219 0.281944 0.0223958 0.0898148
0 0.543229 0.280093 0.0197917 0.0842593
