2 0.271875 0.504167 0.0177083 0.0842593
2 0.275781 0.460185 0.0109375 0.0518519
2 0.283594 0.466204 0.0109375 0.0472222
2 0.297396 0.481019 0.0083333 0.0324074
2 0.304688 0.473148 0.0104167 0.05
2 0.317708 0.47037 0.0114583 0.0537037
2 0.334375 0.459259 0.009375 0.0462963
2 0.363281 0.464352 0.0098958 0.0509259
2 0.372656 0.452315 0.0078125 0.0398148
2 0.517969 0.443518 0.0067708 0.0296296
2 0.539583 0.453241 0.009375 0.0398148
2 0.548698 0.473148 0.0130208 0.05
1 0.326562 0.50787 0.0885417 0.0268519
2 0.253385 0.471759 0.0109375 0.0509259
2 0.228125 0.472685 0.0135417 0.0601852
2 0.2375 0.465278 0.0083333 0.0546296
2 0.632813 0.496296 0.0364583 0.15
2 0.157813 0.486574 0.0197917 0.0953704
