2 0.467448 0.464352 0.0203125 0.0657407
2 0.440365 0.464352 0.0182292 0.0694444
2 0.364323 0.466204 0.0151042 0.0564815
2 0.326302 0.456944 0.0088542 0.0324074
2 0.302083 0.471296 0.015625 0.0574074
2 0.2375 0.472222 0.015625 0.0685185
2 0.159115 0.476389 0.0182292 0.075
2 0.111458 0.482407 0.0125 0.0574074
2 0.13099 0.481019 0.0119792 0.0601852
2 0.100521 0.485648 0.0114583 0.0601852
2 0.0822917 0.484259 0.0125 0.062963
2 0.0682292 0.484722 0.0145833 0.0638889
2 0.0549479 0.484722 0.0130208 0.062037
2 0.0145833 0.489815 0.0145833 0.0722222
2 0.204688 0.45787 0.0052083 0.0212963
2 0.142188 0.475 0.0114583 0.0555556
1 0.463021 0.496296 0.130208 0.0185185
0 0.264583 0.427315 0.00625 0.0175926
0 0.526563 0.396296 0.0072917 0.0203704
