2 0.0273438 0.493982 0.0203125 0.125
2 0.0445313 0.506019 0.0223958 0.132407
2 0.0692708 0.513426 0.0197917 0.0787037
2 0.0984375 0.497222 0.0270833 0.116667
2 0.126823 0.500926 0.0244792 0.12037
2 0.144531 0.489352 0.0255208 0.112037
2 0.182292 0.50787 0.0135417 0.0712963
2 0.19401 0.494907 0.0223958 0.10463
2 0.232552 0.497222 0.0255208 0.111111
2 0.286198 0.471759 0.0109375 0.0583333
2 0.296615 0.475926 0.0119792 0.0611111
2 0.530469 0.462037 0.0109375 0.0444444
2 0.570052 0.468056 0.0130208 0.0694444
2 0.594531 0.4875 0.0171875 0.0861111
2 0.667448 0.499074 0.0286458 0.133333
2 0.70651 0.483333 0.0161458 0.0851852
2 0.380469 0.455556 0.0098958 0.0444444
2 0.11901 0.523148 0.0140625 0.062963
2 0.335156 0.469907 0.0109375 0.0527778
2 0.239583 0.474074 0.0125 0.0722222
