2 0.821354 0.600463 0.0645833 0.228704
2 0.685677 0.590741 0.0640625 0.264815
2 0.434896 0.537037 0.0239583 0.12037
2 0.393229 0.544444 0.0208333 0.111111
2 0.371615 0.542593 0.0203125 0.12037
2 0.292708 0.548611 0.025 0.132407
2 0.265365 0.556018 0.0213542 0.100926
2 0.246615 0.547222 0.0244792 0.118519
2 0.177604 0.536111 0.025 0.105556
2 0.0627604 0.545833 0.0296875 0.143518
2 0.121354 0.535185 0.015625 0.0944444
1 0.456771 0.810185 0.910417 0.268519
2 0.982292 0.626852 0.0354167 0.259259
2 0.0880208 0.52963 0.0145833 0.0981481
