2 0.559115 0.431482 0.0109375 0.0351852
2 0.817708 0.517593 0.046875 0.196296
2 0.888021 0.408333 0.0135417 0.0407407
2 0.677344 0.506482 0.0317708 0.15
2 0.709635 0.472685 0.0161458 0.0638889
2 0.929427 0.411111 0.0098958 0.0462963
2 0.514063 0.435185 0.009375 0.0296296
2 0.521615 0.428241 0.0067708 0.0268519
1 0.357292 0.543056 0.03125 0.0287037
2 0.403906 0.441204 0.0098958 0.0342593
2 0.735937 0.45787 0.0125 0.0509259
2 0.336979 0.450463 0.0083333 0.0361111
0 0.408594 0.347222 0.0078125 0.0277778
