2 0.958333 0.564352 0.0385417 0.269444
2 0.807031 0.479167 0.0130208 0.0675926
2 0.867448 0.4875 0.0119792 0.0601852
2 0.615625 0.568056 0.059375 0.347222
2 0.586458 0.474074 0.0177083 0.0944444
2 0.40625 0.4625 0.0125 0.0564815
2 0.341667 0.462963 0.0145833 0.0592593
2 0.315365 0.470833 0.0151042 0.062037
2 0.302083 0.46713 0.0114583 0.0731481
2 0.272396 0.468982 0.0145833 0.0712963
2 0.254427 0.471759 0.0161458 0.0675926
2 0.170573 0.470833 0.0317708 0.106481
2 0.152083 0.468982 0.0104167 0.062037
1 0.121354 0.478704 0.05 0.0092593
1 0.40625 0.649074 0.809375 0.288889
1 0.503385 0.818056 0.993229 0.280556
0 0.2125 0.362963 0.0135417 0.037037
