2 0.138021 0.503704 0.021875 0.105556
2 0.202344 0.503704 0.0171875 0.0888889
2 0.242448 0.516204 0.0098958 0.0398148
2 0.296615 0.507407 0.0119792 0.0666667
2 0.309375 0.507407 0.0135417 0.0666667
2 0.508073 0.453704 0.0078125 0.0314815
2 0.514844 0.466667 0.0088542 0.0314815
2 0.527604 0.5 0.0145833 0.0666667
2 0.541927 0.483333 0.0098958 0.0555556
2 0.552083 0.491667 0.0072917 0.0351852
2 0.575521 0.491204 0.0104167 0.0398148
2 0.19349 0.516667 0.0140625 0.0555556
2 0.327604 0.502315 0.0114583 0.0638889
2 0.322917 0.5125 0.0114583 0.037963
