2 0.980208 0.490741 0.0197917 0.0907407
2 0.91849 0.597685 0.0296875 0.221296
2 0.890104 0.5875 0.0489583 0.208333
2 0.821615 0.539352 0.0171875 0.10463
2 0.80026 0.551852 0.0265625 0.105556
2 0.7875 0.555556 0.0239583 0.0833333
2 0.748698 0.585648 0.0401042 0.175
2 0.730729 0.591667 0.0270833 0.142593
2 0.708333 0.590741 0.0333333 0.172222
2 0.689062 0.57037 0.0302083 0.107407
2 0.616667 0.575926 0.028125 0.0962963
2 0.543229 0.575 0.0270833 0.103704
2 0.47474 0.574537 0.0328125 0.112037
2 0.459375 0.57037 0.0375 0.105556
2 0.286979 0.572685 0.0302083 0.102778
2 0.255469 0.568519 0.0171875 0.0777778
2 0.217708 0.577778 0.0239583 0.0925926
2 0.190625 0.566204 0.015625 0.0787037
2 0.180729 0.552778 0.0114583 0.0537037
2 0.14375 0.559259 0.0177083 0.0962963
2 0.0973958 0.560648 0.0229167 0.0842593
2 0.0486979 0.556018 0.0171875 0.0768519
2 0.0151042 0.547685 0.0114583 0.0583333
1 0.430729 0.61713 0.472917 0.0305556
1 0.823438 0.61713 0.122917 0.0898148
1 0.965885 0.634722 0.0682292 0.115741
0 0.449479 0.274074 0.021875 0.0888889
0 0.542188 0.271296 0.0197917 0.0833333
