2 0.916667 0.551389 0.025 0.126852
2 0.85 0.558333 0.0333333 0.137037
2 0.732813 0.558333 0.0145833 0.101852
2 0.75 0.55787 0.0197917 0.106481
2 0.679427 0.551852 0.0151042 0.0685185
2 0.103906 0.623148 0.0536458 0.17037
0 0.541146 0.476852 0.0145833 0.012963
2 0.925521 0.519444 0.0229167 0.0981481
2 0.939844 0.544907 0.0223958 0.100926
2 0.890625 0.530093 0.0197917 0.108333
2 0.0617188 0.6125 0.0203125 0.128704
2 0.458073 0.558333 0.0098958 0.0407407
2 0.0739583 0.625926 0.01875 0.140741
1 0.518229 0.566204 0.0395833 0.0101852
2 0.0546875 0.600463 0.015625 0.125
2 0.0432292 0.602778 0.0177083 0.138889
2 0.0302083 0.593982 0.0114583 0.0824074
2 0.0229167 0.591667 0.0104167 0.0888889
