2 0.622656 0.475926 0.0223958 0.0907407
2 0.426562 0.474537 0.0114583 0.0694444
2 0.364323 0.481944 0.0213542 0.0953704
2 0.349219 0.483333 0.0234375 0.0814815
2 0.309896 0.47963 0.021875 0.0777778
2 0.246094 0.485648 0.0213542 0.0731481
2 0.190625 0.471759 0.009375 0.0361111
2 0.121615 0.497685 0.0213542 0.0768519
2 0.0703125 0.514352 0.0239583 0.0935185
2 0.0622396 0.489815 0.0088542 0.037037
2 0.0549479 0.488889 0.0078125 0.0388889
2 0.0354167 0.506944 0.015625 0.0861111
2 0.0286458 0.500926 0.0104167 0.0537037
2 0.0106771 0.512963 0.0171875 0.0740741
2 0.38125 0.463426 0.0104167 0.0305556
2 0.227604 0.469907 0.0052083 0.0231481
1 0.363281 0.528704 0.538021 0.037037
0 0.289323 0.432407 0.0067708 0.0185185
0 0.593229 0.397222 0.0072917 0.0222222
0 0.575521 0.396759 0.0072917 0.025
