2 0.79349 0.46713 0.0171875 0.0861111
2 0.128646 0.5 0.0208333 0.124074
2 0.075 0.499537 0.0239583 0.134259
2 0.304688 0.468518 0.0114583 0.0481481
2 0.417448 0.459722 0.0130208 0.0398148
2 0.620313 0.447222 0.0072917 0.0333333
2 0.459896 0.450463 0.00625 0.0287037
2 0.0414062 0.502778 0.0286458 0.135185
2 0.628385 0.453241 0.0098958 0.0490741
2 0.642448 0.449537 0.0098958 0.0416667
2 0.426302 0.452315 0.0067708 0.0287037
2 0.642708 0.450926 0.009375 0.05
2 0.452865 0.456944 0.0119792 0.0361111
