2 0.171094 0.512963 0.0130208 0.0648148
2 0.203125 0.512037 0.015625 0.0407407
2 0.258073 0.496296 0.0161458 0.0666667
2 0.26901 0.513889 0.0130208 0.0518519
2 0.298698 0.490741 0.0151042 0.0685185
2 0.544271 0.476852 0.0125 0.0611111
2 0.559635 0.496296 0.0223958 0.0981481
2 0.586979 0.474537 0.0125 0.0527778
2 0.0544271 0.506019 0.0359375 0.160185
2 0.532812 0.475 0.0135417 0.0555556
2 0.292708 0.508796 0.0145833 0.0509259
2 0.622917 0.471759 0.0177083 0.0657407
2 0.521354 0.449537 0.0072917 0.0342593
2 0.189844 0.501389 0.0151042 0.087963
