2 0.174219 0.473148 0.0098958 0.0537037
2 0.184635 0.473611 0.0098958 0.0601852
2 0.21901 0.475 0.0359375 0.109259
2 0.570833 0.541204 0.059375 0.260185
2 0.807552 0.481944 0.0192708 0.0787037
2 0.93125 0.552315 0.0333333 0.241667
1 0.142448 0.482407 0.0526042 0.0092593
1 0.375521 0.633796 0.705208 0.239815
2 0.6 0.501389 0.0229167 0.162037
2 0.289323 0.474537 0.0151042 0.0657407
1 0.540104 0.798148 0.919792 0.251852
2 0.34375 0.472222 0.0135417 0.0592593
2 0.96901 0.489815 0.0161458 0.0777778
2 0.609896 0.498611 0.028125 0.160185
2 0.322135 0.473148 0.0161458 0.0685185
2 0.431771 0.463889 0.0125 0.0555556
2 0.196354 0.471296 0.009375 0.0592593
0 0.236198 0.36713 0.0130208 0.0361111
