2 0.188542 0.477778 0.0125 0.0722222
2 0.215104 0.46713 0.015625 0.0564815
2 0.227865 0.506019 0.0223958 0.102778
2 0.257292 0.475926 0.0072917 0.0388889
2 0.265885 0.471296 0.0109375 0.0555556
2 0.272396 0.465741 0.0145833 0.0611111
2 0.289844 0.476389 0.0140625 0.0546296
2 0.306771 0.475 0.0145833 0.0592593
2 0.516406 0.443518 0.0057292 0.0314815
2 0.540104 0.45463 0.0083333 0.037037
2 0.548437 0.474537 0.0104167 0.0527778
2 0.578385 0.463889 0.0109375 0.0537037
2 0.655208 0.499074 0.0239583 0.153704
2 0.685156 0.506944 0.0359375 0.200926
2 0.120312 0.47963 0.028125 0.114815
2 0.28151 0.483333 0.0088542 0.0333333
2 0.323177 0.460648 0.0088542 0.0546296
2 0.227604 0.466204 0.0104167 0.0564815
