2 0.532552 0.446759 0.0130208 0.0490741
2 0.542448 0.44537 0.0119792 0.05
2 0.695052 0.450926 0.0192708 0.0925926
2 0.353906 0.4625 0.0109375 0.0546296
2 0.461979 0.443056 0.0083333 0.0305556
2 0.347396 0.455093 0.0083333 0.0435185
2 0.378385 0.452315 0.0088542 0.0416667
2 0.430729 0.444907 0.0072917 0.0324074
2 0.396354 0.453704 0.0072917 0.0425926
2 0.410937 0.446759 0.0083333 0.0324074
2 0.608073 0.440278 0.0098958 0.0472222
2 0.579687 0.441204 0.0104167 0.0453704
0 0.38151 0.285185 0.0140625 0.0518519
