2 0.200781 0.512037 0.0161458 0.0407407
2 0.263021 0.497685 0.0166667 0.0675926
2 0.273438 0.514815 0.0135417 0.05
2 0.302865 0.489815 0.0151042 0.0685185
2 0.544531 0.476389 0.0119792 0.0601852
2 0.565885 0.500463 0.0255208 0.0953704
2 0.590104 0.478704 0.0114583 0.0537037
2 0.0614583 0.505556 0.0364583 0.161111
2 0.533854 0.473148 0.0135417 0.0611111
2 0.298177 0.508796 0.0109375 0.0546296
2 0.61276 0.470833 0.0192708 0.0638889
2 0.522396 0.449074 0.0072917 0.0351852
2 0.511719 0.442593 0.0088542 0.0351852
2 0.190104 0.496759 0.0166667 0.0935185
2 0.285156 0.492593 0.0171875 0.0796296
2 0.596094 0.480093 0.0088542 0.0453704
2 0.558594 0.475 0.0109375 0.0611111
