2 0.763281 0.665741 0.106771 0.424074
2 0.692187 0.65787 0.0510417 0.323148
2 0.670573 0.658796 0.0421875 0.30463
2 0.632031 0.660648 0.0703125 0.358333
2 0.600521 0.577315 0.0177083 0.113889
2 0.586979 0.569444 0.015625 0.0703704
2 0.570833 0.561111 0.015625 0.0851852
2 0.55625 0.543981 0.015625 0.0712963
2 0.532031 0.542593 0.0109375 0.0518519
2 0.520573 0.572222 0.0161458 0.0907407
1 0.546615 0.613889 0.107813 0.0555556
2 0.452344 0.619907 0.0859375 0.269444
2 0.41901 0.572222 0.0276042 0.146296
2 0.294531 0.579167 0.0369792 0.136111
2 0.230729 0.565278 0.028125 0.0916667
2 0.215625 0.567593 0.0208333 0.0981481
2 0.176302 0.56713 0.0255208 0.0990741
2 0.115365 0.677315 0.103646 0.54537
1 0.23776 0.830093 0.474479 0.237963
2 0.621615 0.539815 0.0296875 0.135185
2 0.486719 0.545833 0.0088542 0.0509259
2 0.028125 0.56713 0.0302083 0.149074
2 0.507292 0.539352 0.0072917 0.0416667
2 0.723177 0.544907 0.0171875 0.0768519
2 0.846094 0.546759 0.0348958 0.182407
0 0.227865 0.0171296 0.0369792 0.0342593
2 0.883073 0.545833 0.0369792 0.160185
