2 0.0877604 0.508796 0.0296875 0.121296
2 0.18776 0.499074 0.0171875 0.087037
2 0.225781 0.515278 0.0119792 0.0435185
2 0.278125 0.508796 0.0177083 0.0675926
2 0.301562 0.506019 0.0177083 0.0694444
2 0.507292 0.448611 0.0083333 0.0324074
2 0.516406 0.4625 0.0109375 0.0342593
2 0.53776 0.499074 0.0192708 0.0740741
2 0.554167 0.490278 0.0104167 0.037963
2 0.581771 0.488426 0.0104167 0.0398148
2 0.571354 0.4875 0.0083333 0.0416667
2 0.31849 0.5 0.0161458 0.0666667
2 0.177865 0.518056 0.0151042 0.0675926
2 0.289323 0.51713 0.0151042 0.0435185
2 0.317187 0.511574 0.0114583 0.0416667
