2 0.840104 0.441667 0.0166667 0.0740741
2 0.805729 0.460648 0.0239583 0.0972222
2 0.728906 0.464815 0.0213542 0.107407
2 0.660417 0.443518 0.0135417 0.0574074
2 0.618229 0.440741 0.009375 0.0351852
2 0.740625 0.447685 0.015625 0.0824074
2 0.11875 0.466667 0.0270833 0.105556
2 0.857813 0.433333 0.0177083 0.087037
2 0.675 0.437963 0.0114583 0.0425926
2 0.571354 0.432407 0.00625 0.0240741
2 0.224219 0.45787 0.0192708 0.0694444
2 0.911458 0.443981 0.0197917 0.0990741
2 0.929167 0.447222 0.0145833 0.0777778
