2 0.782552 0.462037 0.0161458 0.0777778
2 0.757292 0.457407 0.0114583 0.0537037
2 0.453125 0.45463 0.0083333 0.0388889
2 0.245833 0.47963 0.0166667 0.0907407
2 0.178125 0.470833 0.0166667 0.0657407
2 0.127344 0.483796 0.0192708 0.113889
2 0.113281 0.484259 0.0182292 0.112963
2 0.458854 0.45463 0.0072917 0.037037
2 0.202083 0.471296 0.0135417 0.0851852
2 0.185156 0.47037 0.0119792 0.0740741
2 0.465885 0.448611 0.0067708 0.0324074
2 0.666146 0.443056 0.0072917 0.0342593
2 0.774219 0.452778 0.0098958 0.0574074
2 0.47474 0.446759 0.0067708 0.0268519
