2 0.0848958 0.526852 0.009375 0.0296296
1 0.6125 0.803704 0.738542 0.322222
2 0.326302 0.543518 0.0296875 0.127778
2 0.891146 0.591667 0.05625 0.27963
2 0.448438 0.534722 0.021875 0.106481
2 0.508333 0.54537 0.025 0.116667
2 0.798958 0.578704 0.0708333 0.227778
2 0.57526 0.525463 0.0151042 0.0953704
2 0.55026 0.525463 0.0223958 0.108333
2 0.464844 0.542593 0.0203125 0.0851852
2 0.313021 0.526852 0.015625 0.0740741
2 0.371354 0.523611 0.0166667 0.0805556
2 0.755208 0.548148 0.0333333 0.17037
2 0.979948 0.590741 0.0328125 0.22963
2 0.601563 0.527315 0.0208333 0.106481
2 0.300521 0.525926 0.0135417 0.0796296
