2 0.704167 0.671759 0.0822917 0.376852
2 0.622135 0.603704 0.0536458 0.168518
2 0.373698 0.552315 0.0109375 0.0361111
1 0.659635 0.632407 0.0223958 0.0611111
2 0.844271 0.611574 0.0729167 0.437963
2 0.5625 0.543981 0.0135417 0.0564815
2 0.876823 0.566667 0.0213542 0.131481
2 0.590365 0.543981 0.0098958 0.062037
2 0.745313 0.534722 0.0135417 0.0787037
2 0.792969 0.553241 0.0171875 0.0990741
1 0.566667 0.617593 0.059375 0.0277778
2 0.913542 0.556481 0.0260417 0.15
2 0.67474 0.556481 0.0182292 0.0796296
2 0.660677 0.54537 0.0130208 0.0685185
