2 0.0565104 0.288889 0.0098958 0.0537037
2 0.145833 0.28287 0.0072917 0.0342593
2 0.215104 0.289352 0.009375 0.0435185
2 0.223958 0.2875 0.0083333 0.0435185
2 0.700781 0.311111 0.0213542 0.103704
2 0.60651 0.294444 0.0109375 0.05
2 0.665625 0.280093 0.009375 0.0453704
2 0.977083 0.363889 0.0375 0.135185
1 0.410677 0.456481 0.820313 0.0925926
0 0.420573 0.153241 0.0109375 0.0435185
0 0.458594 0.152778 0.0109375 0.0388889
0 0.567448 0.243519 0.0098958 0.0259259
2 0.682813 0.287037 0.015625 0.0518519
