2 0.138802 0.450463 0.0098958 0.0435185
2 0.984635 0.469907 0.0255208 0.149074
2 0.845573 0.45463 0.0161458 0.0796296
2 0.83099 0.450463 0.0098958 0.0601852
2 0.74349 0.459722 0.0151042 0.0824074
2 0.642187 0.444907 0.0104167 0.0416667
2 0.576302 0.441204 0.0088542 0.0268519
2 0.717708 0.443518 0.009375 0.0574074
2 0.180469 0.461574 0.0171875 0.0564815
2 0.12474 0.450926 0.0098958 0.0407407
2 0.132031 0.449537 0.0067708 0.0472222
2 0.703385 0.443981 0.0130208 0.062037
2 0.69349 0.442593 0.0098958 0.0444444
2 0.766667 0.453704 0.0125 0.0648148
2 0.630208 0.446296 0.0114583 0.0388889
