1 0.629948 0.547222 0.111979 0.0388889
1 0.92474 0.602315 0.139062 0.147222
2 0.498698 0.534259 0.0296875 0.159259
2 0.482031 0.540278 0.0338542 0.15463
2 0.420833 0.543056 0.0427083 0.20463
2 0.403385 0.523148 0.0255208 0.168518
2 0.388021 0.520833 0.025 0.165741
2 0.357812 0.537037 0.0322917 0.166667
2 0.329688 0.529167 0.028125 0.150926
2 0.286198 0.547685 0.0296875 0.176852
2 0.524479 0.502315 0.0145833 0.0564815
2 0.48776 0.512037 0.0192708 0.0888889
2 0.576823 0.5 0.0098958 0.0462963
2 0.583854 0.497685 0.0104167 0.0416667
2 0.460938 0.491667 0.0104167 0.0425926
