0 0.258854 0.0962963 0.0354167 0.146296
0 0.416146 0.105093 0.0302083 0.115741
1 0.0411458 0.721296 0.0822917 0.109259
2 0.0669271 0.559259 0.0140625 0.0759259
2 0.167969 0.670833 0.120312 0.443518
2 0.278646 0.650463 0.0802083 0.330556
2 0.313281 0.606481 0.0432292 0.298148
2 0.35026 0.633796 0.0401042 0.271296
2 0.409115 0.668518 0.159896 0.466667
2 0.723958 0.574537 0.05625 0.371296
2 0.65651 0.596759 0.0494792 0.263889
2 0.573438 0.657407 0.0885417 0.405556
2 0.677344 0.574074 0.0223958 0.198148
2 0.551302 0.549074 0.0234375 0.12037
2 0.102865 0.560648 0.0151042 0.0768519
2 0.528906 0.611111 0.0421875 0.216667
2 0.0114583 0.581482 0.0229167 0.168518
2 0.508854 0.604167 0.0291667 0.180556
2 0.622396 0.570833 0.0322917 0.176852
