1 0.789583 0.637963 0.280208 0.0611111
1 0.305469 0.658333 0.372396 0.062963
1 0.441667 0.576852 0.0885417 0.0111111
0 0.539323 0.411111 0.0265625 0.0240741
2 0.903646 0.546759 0.0197917 0.0916667
2 0.880208 0.575926 0.025 0.162963
2 0.866667 0.58287 0.01875 0.141667
2 0.84401 0.573611 0.0213542 0.115741
2 0.795052 0.568056 0.0223958 0.119444
2 0.775521 0.564352 0.0229167 0.115741
2 0.71224 0.554167 0.0088542 0.0490741
2 0.719531 0.553241 0.0098958 0.0527778
2 0.650781 0.562963 0.0088542 0.0574074
2 0.267708 0.574074 0.0114583 0.0518519
2 0.282031 0.573611 0.0109375 0.0509259
2 0.131771 0.57037 0.0083333 0.037037
2 0.160677 0.572222 0.0098958 0.037037
2 0.167448 0.572222 0.0067708 0.0351852
