2 0.529688 0.509259 0.0197917 0.0833333
2 0.0067708 0.510185 0.0135417 0.114815
2 0.356771 0.543981 0.0375 0.150926
2 0.39401 0.526389 0.0255208 0.130556
2 0.411458 0.53287 0.0229167 0.139815
2 0.44401 0.519444 0.0234375 0.146296
2 0.45651 0.523611 0.0234375 0.152778
2 0.484115 0.537963 0.0411458 0.166667
2 0.503125 0.497222 0.0166667 0.0648148
2 0.522396 0.5375 0.0239583 0.139815
2 0.546354 0.528241 0.0208333 0.14537
2 0.795573 0.500926 0.0151042 0.087037
1 0.90026 0.599537 0.190104 0.123148
0 0.377083 0.461574 0.0052083 0.0101852
1 0.616146 0.539815 0.046875 0.0277778
