2 0.392708 0.562963 0.0114583 0.0537037
1 0.511458 0.576852 0.10625 0.0148148
0 0.522135 0.467593 0.0161458 0.012963
2 0.796615 0.54213 0.0151042 0.0805556
2 0.210677 0.566667 0.0109375 0.0555556
2 0.227865 0.566204 0.0130208 0.0583333
2 0.77474 0.566204 0.0203125 0.0972222
2 0.24375 0.563426 0.009375 0.0509259
2 0.170573 0.578241 0.0161458 0.0805556
2 0.278385 0.560185 0.0088542 0.0388889
2 0.816667 0.545833 0.0177083 0.0824074
2 0.377344 0.565278 0.0161458 0.0601852
2 0.8375 0.540278 0.0135417 0.075
2 0.263542 0.561111 0.0104167 0.0518519
2 0.259115 0.563889 0.0098958 0.0481481
