0 0.530469 0.503704 0.0067708 0.0240741
0 0.138542 0.473611 0.00625 0.0194444
1 0.16875 0.630093 0.254167 0.0583333
1 0.572135 0.665278 0.113021 0.0453704
2 0.565365 0.578241 0.0151042 0.0935185
2 0.583854 0.583333 0.0145833 0.087037
2 0.597396 0.566204 0.0114583 0.0527778
2 0.61224 0.563889 0.0098958 0.0425926
2 0.711198 0.580556 0.0161458 0.0703704
2 0.742188 0.578241 0.01875 0.0861111
2 0.826563 0.581944 0.0114583 0.0583333
2 0.844792 0.582407 0.0125 0.0648148
2 0.688021 0.573611 0.0135417 0.0527778
2 0.1375 0.527315 0.0072917 0.0342593
2 0.0494792 0.524537 0.009375 0.0472222
