2 0.220052 0.504167 0.0151042 0.0583333
2 0.277604 0.502778 0.0145833 0.0555556
2 0.709896 0.534259 0.0197917 0.0648148
2 0.701823 0.517593 0.0192708 0.087037
2 0.673437 0.499537 0.0104167 0.0527778
2 0.66276 0.508333 0.0140625 0.0685185
2 0.623698 0.512037 0.0223958 0.0703704
2 0.578646 0.502778 0.0114583 0.0462963
2 0.64974 0.511574 0.0088542 0.037963
2 0.64401 0.509722 0.0098958 0.037963
0 0.444531 0.46713 0.0067708 0.0101852
0 0.433073 0.469444 0.0067708 0.0092593
2 0.790104 0.513426 0.0177083 0.087963
1 0.736979 0.549537 0.0510417 0.0212963
