1 0.423177 0.675 0.839063 0.346296
1 0.592969 0.792593 0.814062 0.209259
1 0.103906 0.483333 0.0442708 0.0092593
2 0.136458 0.475926 0.0239583 0.0925926
2 0.160417 0.477778 0.0135417 0.0592593
2 0.234115 0.482407 0.0182292 0.0888889
2 0.258073 0.47037 0.0161458 0.0703704
2 0.288021 0.468982 0.009375 0.0731481
2 0.294531 0.476852 0.0119792 0.062963
2 0.320833 0.469907 0.0135417 0.0638889
2 0.604688 0.480556 0.0229167 0.0981481
2 0.657552 0.511111 0.0463542 0.185185
2 0.723177 0.616667 0.0838542 0.455556
2 0.819792 0.485185 0.0177083 0.0759259
2 0.858333 0.485185 0.0104167 0.0462963
2 0.86901 0.4875 0.0130208 0.0638889
0 0.196875 0.364352 0.0135417 0.037963
