1 0.325 0.862037 0.327083 0.17037
2 0.723958 0.60463 0.0541667 0.292593
2 0.346354 0.558796 0.0145833 0.0416667
2 0.48776 0.590741 0.0421875 0.142593
2 0.577083 0.612963 0.0385417 0.181481
1 0.60651 0.631944 0.0338542 0.0416667
2 0.590625 0.566667 0.0166667 0.0833333
2 0.616146 0.567593 0.0125 0.0685185
2 0.652865 0.589352 0.0401042 0.250926
2 0.755469 0.57037 0.0182292 0.109259
2 0.766146 0.568982 0.01875 0.113889
2 0.815625 0.568982 0.0354167 0.176852
1 0.535156 0.619907 0.0515625 0.0305556
2 0.605729 0.560648 0.0135417 0.0731481
2 0.119792 0.559722 0.009375 0.0490741
2 0.835677 0.578241 0.0276042 0.149074
2 0.895312 0.575926 0.0364583 0.240741
2 0.958854 0.656944 0.0791667 0.436111
2 0.795052 0.551852 0.0130208 0.0814815
