2 0.607813 0.514815 0.0291667 0.118519
2 0.585677 0.477315 0.0098958 0.0583333
2 0.577083 0.483796 0.009375 0.037963
2 0.556771 0.4875 0.0083333 0.0361111
2 0.564583 0.475463 0.0145833 0.0564815
2 0.536198 0.474537 0.0119792 0.0583333
2 0.526563 0.474537 0.0125 0.0601852
2 0.523698 0.450463 0.0098958 0.0287037
2 0.511458 0.44213 0.0083333 0.0305556
2 0.34349 0.441667 0.0088542 0.0277778
2 0.303125 0.511111 0.0166667 0.0462963
2 0.279687 0.515278 0.0114583 0.0490741
2 0.290885 0.508796 0.0088542 0.0435185
2 0.303125 0.49213 0.015625 0.0768519
2 0.26276 0.501852 0.0151042 0.0740741
2 0.273438 0.503241 0.0114583 0.0768519
2 0.179688 0.512963 0.0135417 0.062963
2 0.20599 0.498611 0.0192708 0.0953704
