2 0.176823 0.594907 0.0223958 0.106481
2 0.211458 0.560185 0.0083333 0.0351852
2 0.876823 0.521296 0.0182292 0.087037
2 0.843229 0.513426 0.0145833 0.0805556
2 0.83125 0.515278 0.0177083 0.0898148
2 0.791406 0.531018 0.0161458 0.0898148
2 0.670573 0.54213 0.0140625 0.0787037
2 0.683854 0.540741 0.015625 0.0796296
2 0.640104 0.541204 0.0145833 0.062037
0 0.528906 0.468056 0.0130208 0.012037
2 0.132292 0.590741 0.0166667 0.0925926
2 0.14375 0.581944 0.0177083 0.0990741
2 0.15625 0.5875 0.0135417 0.0842593
2 0.05625 0.589352 0.0208333 0.119444
2 0.0752604 0.610185 0.0265625 0.172222
2 0.103125 0.59213 0.0177083 0.102778
2 0.0411458 0.606481 0.0229167 0.125926
2 0.0895833 0.593982 0.015625 0.117593
2 0.120312 0.591667 0.0166667 0.0981481
2 0.0114583 0.593518 0.0197917 0.116667
