2 0.0567708 0.600463 0.0354167 0.137963
2 0.166667 0.568982 0.0145833 0.0675926
2 0.316406 0.572685 0.0203125 0.0787037
2 0.927604 0.531944 0.021875 0.106481
1 0.502865 0.572222 0.0817708 0.0092593
0 0.51849 0.456944 0.0161458 0.0175926
2 0.105208 0.579167 0.0208333 0.0935185
2 0.81276 0.543981 0.0182292 0.087963
2 0.78099 0.533796 0.0140625 0.062037
2 0.148698 0.57037 0.0161458 0.062963
2 0.841927 0.547685 0.0171875 0.106481
2 0.851563 0.573148 0.0291667 0.138889
2 0.876042 0.54537 0.0239583 0.107407
2 0.798958 0.543056 0.015625 0.0824074
2 0.829427 0.543056 0.0171875 0.0842593
