2 0.78776 0.4375 0.0161458 0.0787037
2 0.722396 0.422685 0.0208333 0.0694444
2 0.0861979 0.427315 0.0151042 0.0787037
2 0.0773438 0.439352 0.0119792 0.0546296
2 0.0690104 0.424537 0.0161458 0.0861111
2 0.0580729 0.405093 0.0088542 0.0453704
1 0.479948 0.45 0.478646 0.0296296
1 0.49974 0.569907 0.997396 0.100926
1 0.909115 0.518519 0.172396 0.0574074
0 0.627344 0.225463 0.0338542 0.025
0 0.566146 0.218982 0.034375 0.0287037
0 0.144792 0.318056 0.0114583 0.0361111
0 0.754948 0.347685 0.0098958 0.0324074
