2 0.0401042 0.460185 0.021875 0.101852
2 0.499219 0.406482 0.0098958 0.0444444
2 0.511979 0.409722 0.0145833 0.0527778
2 0.478385 0.406482 0.0098958 0.0444444
2 0.470573 0.404167 0.0078125 0.0361111
2 0.463542 0.404167 0.0083333 0.0361111
2 0.817448 0.464815 0.0276042 0.168518
1 0.36901 0.486574 0.413021 0.0416667
2 0.775 0.421296 0.0229167 0.118519
2 0.21901 0.435648 0.0192708 0.0935185
2 0.195313 0.426852 0.0145833 0.0851852
2 0.574219 0.398148 0.0130208 0.05
2 0.591146 0.405556 0.0177083 0.0574074
0 0.428906 0.357407 0.0067708 0.0222222
