2 0.0127604 0.5 0.0223958 0.138889
2 0.0286458 0.50787 0.0208333 0.125
2 0.0565104 0.519444 0.0244792 0.0814815
2 0.0877604 0.492593 0.0234375 0.116667
2 0.110156 0.5 0.0203125 0.112963
2 0.129427 0.487963 0.0265625 0.116667
2 0.170833 0.508796 0.0135417 0.0675926
2 0.183073 0.493982 0.0223958 0.102778
2 0.220052 0.499537 0.0203125 0.106481
2 0.232552 0.475463 0.0130208 0.0768519
2 0.280469 0.474537 0.0109375 0.0564815
2 0.290885 0.474074 0.0119792 0.0574074
2 0.324479 0.46713 0.009375 0.0490741
2 0.378646 0.456481 0.0083333 0.0425926
2 0.571094 0.468056 0.0109375 0.0546296
2 0.596875 0.489352 0.0208333 0.0916667
2 0.675781 0.500926 0.0255208 0.131481
2 0.713802 0.485648 0.0182292 0.0935185
2 0.105208 0.523148 0.0114583 0.062963
