2 0.567969 0.414815 0.0119792 0.0592593
0 0.476042 0.358796 0.00625 0.025
2 0.692969 0.4125 0.0203125 0.102778
2 0.639844 0.420833 0.0161458 0.075
2 0.597917 0.42037 0.01875 0.0796296
2 0.78724 0.414815 0.0223958 0.0851852
1 0.452865 0.653704 0.901563 0.183333
2 0.588542 0.425 0.0125 0.0425926
2 0.720312 0.416667 0.0166667 0.103704
2 0.141667 0.472685 0.0177083 0.121296
2 0.151562 0.471296 0.0177083 0.122222
2 0.553906 0.408796 0.0098958 0.0435185
2 0.484896 0.414352 0.009375 0.0398148
2 0.583854 0.428704 0.0114583 0.0351852
