2 0.790885 0.541204 0.0151042 0.0972222
2 0.802344 0.53287 0.0203125 0.0953704
2 0.880469 0.537037 0.0265625 0.122222
0 0.509896 0.490741 0.0114583 0.012963
2 0.595573 0.550926 0.0109375 0.0444444
2 0.93724 0.519907 0.0317708 0.143518
2 0.207552 0.59537 0.0203125 0.101852
2 0.738021 0.556944 0.0364583 0.134259
2 0.764063 0.577778 0.0541667 0.216667
2 0.0515625 0.599537 0.0229167 0.0916667
2 0.583333 0.549537 0.0114583 0.0509259
2 0.622656 0.537037 0.0088542 0.0351852
2 0.572396 0.549074 0.0083333 0.0425926
2 0.711979 0.533796 0.0114583 0.0564815
2 0.158854 0.577778 0.009375 0.0555556
