2 0.01875 0.558333 0.0197917 0.0888889
2 0.115365 0.569907 0.0192708 0.128704
2 0.547396 0.568056 0.0166667 0.0824074
2 0.591146 0.558333 0.0166667 0.0777778
2 0.60026 0.568982 0.0213542 0.100926
2 0.558854 0.543518 0.0114583 0.0685185
1 0.569271 0.618056 0.0802083 0.0453704
2 0.636979 0.579167 0.0385417 0.221296
2 0.779948 0.672685 0.0817708 0.417593
2 0.823698 0.634259 0.0546875 0.333333
2 0.917969 0.684722 0.109896 0.489815
2 0.491667 0.688426 0.101042 0.50463
1 0.23151 0.825463 0.463021 0.232407
2 0.146094 0.570833 0.0223958 0.108333
2 0.692448 0.594444 0.0401042 0.262963
2 0.529427 0.540278 0.0088542 0.0509259
2 0.33099 0.558796 0.0171875 0.062037
2 0.523438 0.590278 0.03125 0.167593
2 0.736719 0.564815 0.0234375 0.12963
2 0.65026 0.584722 0.0182292 0.20463
2 0.750781 0.558796 0.0192708 0.100926
2 0.610156 0.563889 0.0130208 0.0648148
