0 0.186979 0.393056 0.01875 0.0175926
0 0.389323 0.457407 0.0098958 0.0296296
2 0.314063 0.52963 0.015625 0.0518519
2 0.440104 0.546759 0.0135417 0.0546296
2 0.483333 0.546759 0.0125 0.0546296
2 0.490365 0.55 0.0171875 0.0740741
2 0.517187 0.548148 0.0135417 0.0555556
2 0.564844 0.551389 0.0119792 0.0472222
2 0.617969 0.563889 0.0182292 0.0833333
2 0.638281 0.578241 0.0244792 0.115741
2 0.682031 0.580093 0.0276042 0.119444
1 0.709635 0.665278 0.570313 0.197222
2 0.500521 0.551389 0.009375 0.0546296
