2 0.723437 0.569907 0.0145833 0.0824074
2 0.741146 0.575 0.0135417 0.062963
2 0.796615 0.573611 0.0130208 0.0583333
2 0.172135 0.530093 0.0088542 0.0324074
1 0.201302 0.605556 0.139062 0.0351852
0 0.228125 0.123148 0.0604167 0.0481481
2 0.0731771 0.526852 0.0109375 0.0462963
2 0.113802 0.526852 0.0109375 0.0425926
2 0.782292 0.572222 0.0125 0.0574074
2 0.611198 0.566667 0.0109375 0.0555556
2 0.598177 0.5625 0.0098958 0.0453704
2 0.163021 0.529167 0.0083333 0.0268519
2 0.684375 0.568982 0.0114583 0.0527778
0 0.159115 0.477778 0.0057292 0.0166667
