2 0.599479 0.475463 0.01875 0.0842593
2 0.572135 0.477778 0.0171875 0.0722222
2 0.557813 0.458333 0.015625 0.0574074
2 0.139844 0.475463 0.0182292 0.0935185
2 0.336458 0.464352 0.009375 0.0435185
2 0.392188 0.44537 0.0083333 0.0351852
2 0.373437 0.456481 0.0114583 0.0462963
2 0.327604 0.462037 0.0114583 0.0425926
2 0.353125 0.455093 0.0104167 0.0453704
2 0.527083 0.450463 0.0072917 0.0398148
2 0.298958 0.478241 0.0177083 0.0768519
2 0.973958 0.556018 0.0520833 0.382407
2 0.641927 0.469907 0.0098958 0.0675926
2 0.288281 0.466204 0.0098958 0.0601852
