0 0.517708 0.413426 0.0114583 0.0398148
0 0.540104 0.413889 0.0104167 0.0388889
0 0.567187 0.412963 0.0114583 0.0407407
0 0.686198 0.424074 0.0161458 0.0574074
0 0.14375 0.49537 0.0083333 0.0296296
2 0.989323 0.513889 0.0213542 0.0907407
2 0.917448 0.518519 0.0161458 0.0814815
2 0.642187 0.520833 0.0125 0.0601852
2 0.691927 0.522222 0.0098958 0.0444444
0 0.607552 0.481944 0.0109375 0.0416667
2 0.651302 0.518982 0.0098958 0.0398148
2 0.154167 0.525463 0.0104167 0.0398148
0 0.159635 0.49213 0.0078125 0.0305556
