0 0.1625 0.416204 0.0125 0.0324074
2 0.248177 0.522222 0.0203125 0.103704
2 0.364062 0.541204 0.0291667 0.134259
2 0.46224 0.55463 0.0296875 0.148148
1 0.595052 0.700926 0.776563 0.307407
2 0.265104 0.526852 0.0166667 0.0722222
2 0.313802 0.528241 0.0171875 0.075
2 0.224219 0.517593 0.0151042 0.0518519
0 0.844531 0.238426 0.0432292 0.0435185
0 0.917448 0.228241 0.0463542 0.0527778
2 0.336719 0.523611 0.0119792 0.0453704
2 0.388021 0.539352 0.0260417 0.100926
2 0.0848958 0.493056 0.009375 0.037963
