2 0.576563 0.462037 0.03125 0.148148
2 0.496875 0.467593 0.028125 0.12037
2 0.329427 0.475 0.0328125 0.124074
2 0.43099 0.461574 0.0171875 0.087963
2 0.132552 0.489815 0.0348958 0.114815
2 0.945573 0.448611 0.0442708 0.150926
2 0.666667 0.45463 0.0239583 0.0925926
2 0.789063 0.431482 0.0145833 0.0537037
2 0.854948 0.433796 0.0109375 0.0472222
2 0.908594 0.434259 0.0130208 0.0592593
2 0.0864583 0.472222 0.0104167 0.05
1 0.535156 0.531018 0.374479 0.0435185
0 0.848177 0.365741 0.0078125 0.0277778
0 0.857813 0.366667 0.0083333 0.0259259
