2 0.968229 0.512963 0.0302083 0.105556
2 0.927083 0.513426 0.0177083 0.100926
2 0.909115 0.58287 0.0453125 0.186111
2 0.870833 0.588889 0.0375 0.190741
2 0.829687 0.538426 0.0229167 0.0953704
2 0.789063 0.544444 0.0260417 0.1
2 0.711458 0.573148 0.0270833 0.103704
2 0.629167 0.569444 0.028125 0.103704
2 0.611458 0.571759 0.0197917 0.10463
2 0.547656 0.573611 0.0265625 0.0916667
2 0.255208 0.547685 0.0104167 0.0472222
2 0.223177 0.572222 0.0192708 0.0981481
2 0.230469 0.565278 0.0109375 0.0694444
2 0.216406 0.573611 0.0223958 0.0990741
2 0.177865 0.550926 0.0109375 0.0611111
2 0.126823 0.558796 0.0255208 0.087963
2 0.059375 0.578704 0.0208333 0.103704
2 0.0270833 0.552778 0.0135417 0.0759259
2 0.0153646 0.548611 0.0119792 0.062037
2 0.0065104 0.535185 0.0098958 0.0648148
1 0.430729 0.61713 0.471875 0.0305556
1 0.958594 0.630093 0.0796875 0.110185
1 0.794792 0.608796 0.15625 0.0916667
0 0.449219 0.273148 0.0213542 0.087037
0 0.542188 0.271296 0.0197917 0.0833333
