2 0.178125 0.432407 0.0125 0.0611111
2 0.152344 0.435648 0.0171875 0.0675926
2 0.161458 0.444444 0.0104167 0.05
2 0.0119792 0.45463 0.0197917 0.112963
2 0.08125 0.424537 0.0083333 0.0305556
2 0.75625 0.4375 0.0114583 0.0657407
2 0.432292 0.419444 0.0135417 0.0648148
2 0.725521 0.433333 0.0114583 0.0611111
1 0.444792 0.492593 0.760417 0.0407407
1 0.35599 0.448148 0.106771 0.0111111
1 0.557552 0.448611 0.206771 0.0157407
0 0.59375 0.269907 0.028125 0.0212963
0 0.54375 0.266204 0.028125 0.0231481
0 0.222135 0.353704 0.0088542 0.0296296
0 0.692448 0.366204 0.0078125 0.025
