2 0.959375 0.521296 0.0333333 0.137037
2 0.811458 0.544444 0.0291667 0.111111
2 0.75026 0.599537 0.0536458 0.19537
2 0.723698 0.586111 0.0442708 0.192593
2 0.691146 0.568982 0.0239583 0.110185
2 0.667708 0.576852 0.0229167 0.112963
2 0.634635 0.586574 0.0255208 0.156482
2 0.652344 0.577778 0.0182292 0.101852
2 0.602865 0.590741 0.0234375 0.151852
2 0.538021 0.577778 0.0270833 0.0944444
2 0.459896 0.575463 0.0229167 0.113889
2 0.398438 0.572685 0.0260417 0.0898148
2 0.363281 0.572222 0.0223958 0.103704
2 0.311198 0.576389 0.0182292 0.0935185
2 0.298177 0.574537 0.0182292 0.112037
2 0.241406 0.57037 0.0286458 0.101852
2 0.223698 0.550926 0.0130208 0.0574074
2 0.179167 0.55 0.0104167 0.0555556
2 0.163542 0.568056 0.0135417 0.0805556
2 0.117448 0.558796 0.0161458 0.0898148
2 0.0148437 0.550926 0.0140625 0.0666667
2 0.259375 0.566204 0.0135417 0.0824074
2 0.622135 0.575926 0.0213542 0.107407
2 0.0054687 0.534259 0.0109375 0.062963
2 0.284896 0.568056 0.0125 0.0842593
1 0.383854 0.619907 0.372917 0.025
1 0.882813 0.628241 0.23125 0.141667
0 0.449479 0.274074 0.021875 0.0888889
0 0.542188 0.271296 0.0197917 0.0833333
