1 0.438542 0.721296 0.875 0.37963
2 0.0263021 0.495833 0.0119792 0.0731481
2 0.0476562 0.499074 0.0151042 0.0759259
2 0.108854 0.505556 0.021875 0.101852
2 0.180208 0.494444 0.0197917 0.0814815
2 0.195052 0.490741 0.0171875 0.0888889
2 0.690885 0.512037 0.0401042 0.131481
2 0.809375 0.55 0.04375 0.25
2 0.841146 0.552778 0.0489583 0.257407
2 0.142188 0.497222 0.0197917 0.0740741
2 0.0153646 0.499074 0.0088542 0.0666667
2 0.152344 0.487037 0.0171875 0.0759259
0 0.0828125 0.363426 0.0135417 0.0416667
