2 0.269531 0.573148 0.0223958 0.0814815
2 0.988281 0.532407 0.0223958 0.124074
1 0.498698 0.575463 0.0765625 0.012037
0 0.519271 0.453704 0.0177083 0.0185185
2 0.894792 0.549074 0.0197917 0.122222
2 0.921615 0.546759 0.0234375 0.121296
2 0.0179687 0.573611 0.0203125 0.106481
2 0.204167 0.559259 0.0114583 0.0611111
2 0.220833 0.552778 0.0114583 0.0425926
2 0.910156 0.575926 0.0401042 0.153704
2 0.183333 0.563889 0.0145833 0.062963
2 0.196875 0.563426 0.0135417 0.0583333
2 0.817969 0.5375 0.0119792 0.0768519
2 0.830469 0.543981 0.0161458 0.0935185
2 0.845573 0.540278 0.0171875 0.0935185
2 0.86276 0.540278 0.0182292 0.0898148
