2 0.152083 0.484722 0.0208333 0.100926
2 0.221354 0.472222 0.0145833 0.0685185
2 0.232292 0.464352 0.0125 0.0564815
2 0.248177 0.469444 0.0098958 0.0518519
2 0.265625 0.500926 0.0229167 0.0962963
2 0.271354 0.473611 0.0083333 0.0398148
2 0.281771 0.46713 0.0114583 0.0546296
2 0.294531 0.47963 0.0088542 0.0351852
2 0.302865 0.473148 0.0151042 0.0555556
2 0.315885 0.469444 0.0130208 0.0537037
2 0.332552 0.459259 0.0109375 0.0444444
2 0.359635 0.462963 0.0119792 0.0555556
2 0.371875 0.451852 0.009375 0.0388889
2 0.51849 0.442593 0.0057292 0.0296296
2 0.539063 0.452315 0.009375 0.037963
2 0.548958 0.471759 0.0104167 0.0453704
2 0.58151 0.461111 0.0078125 0.05
2 0.633073 0.495833 0.0234375 0.139815
2 0.659375 0.489352 0.0291667 0.143518
1 0.339063 0.507407 0.0479167 0.0240741
