2 0.845573 0.3625 0.0223958 0.0805556
2 0.301042 0.420833 0.034375 0.130556
2 0.28099 0.421759 0.0265625 0.137963
2 0.0815104 0.479167 0.0630208 0.286111
2 0.129427 0.40463 0.0192708 0.0925926
2 0.87526 0.373611 0.0182292 0.0898148
2 0.899219 0.374537 0.0234375 0.102778
2 0.0174479 0.48287 0.0348958 0.286111
2 0.108854 0.405556 0.0197917 0.0981481
2 0.988281 0.365278 0.0234375 0.128704
2 0.292969 0.446296 0.0161458 0.0814815
1 0.256771 0.493982 0.322917 0.0712963
1 0.807813 0.472685 0.192708 0.0416667
