2 0.0427083 0.512037 0.021875 0.103704
2 0.0755208 0.509722 0.0177083 0.100926
2 0.420312 0.534722 0.028125 0.126852
2 0.450781 0.527315 0.0234375 0.113889
2 0.458854 0.52963 0.025 0.12037
2 0.488802 0.52037 0.0213542 0.125926
2 0.503646 0.522685 0.0229167 0.130556
2 0.527344 0.5375 0.0192708 0.132407
2 0.536198 0.537037 0.0307292 0.140741
2 0.771875 0.514815 0.0145833 0.0759259
2 0.783594 0.50787 0.0192708 0.087963
2 0.968229 0.595833 0.0583333 0.280556
1 0.871615 0.605093 0.252604 0.125
0 0.401042 0.465741 0.0072917 0.0092593
0 0.411979 0.462963 0.0083333 0.0092593
2 0.56224 0.536574 0.0213542 0.125
2 0.590625 0.535648 0.0197917 0.137963
2 0.942708 0.640278 0.0364583 0.189815
2 0.570833 0.5125 0.0166667 0.0712963
