2 0.126563 0.505093 0.021875 0.10463
2 0.20026 0.502315 0.0171875 0.087963
2 0.236979 0.515741 0.0114583 0.0425926
2 0.290885 0.506482 0.0151042 0.0685185
2 0.308073 0.506019 0.0171875 0.0675926
2 0.507552 0.451389 0.0078125 0.0324074
2 0.515625 0.464352 0.009375 0.0324074
2 0.530729 0.499537 0.0177083 0.0694444
2 0.542448 0.482407 0.0098958 0.0574074
2 0.553646 0.490278 0.0083333 0.0398148
2 0.577083 0.490278 0.0104167 0.0398148
2 0.328125 0.499537 0.0125 0.0694444
2 0.190104 0.514815 0.0145833 0.0574074
2 0.297917 0.518519 0.0104167 0.037037
2 0.322396 0.5125 0.009375 0.0416667
