2 0.888542 0.550926 0.025 0.12037
2 0.8375 0.556481 0.03125 0.127778
2 0.717969 0.556481 0.0140625 0.0981481
2 0.734635 0.556481 0.0192708 0.103704
2 0.667708 0.552315 0.0166667 0.0731481
2 0.157292 0.621759 0.0447917 0.158333
0 0.535156 0.475926 0.0140625 0.012963
2 0.910156 0.513426 0.0203125 0.087963
2 0.914063 0.543518 0.0208333 0.105556
2 0.870313 0.531018 0.0166667 0.102778
2 0.0786458 0.607407 0.0270833 0.124074
2 0.883333 0.535185 0.0166667 0.0888889
2 0.453906 0.555556 0.0078125 0.037037
2 0.0658854 0.599074 0.0161458 0.131481
2 0.053125 0.602315 0.0177083 0.128704
