0 0.542448 0.489815 0.0067708 0.0185185
0 0.0940104 0.448611 0.0067708 0.0157407
1 0.43724 0.769907 0.856771 0.215741
1 0.760677 0.616667 0.222396 0.0685185
2 0.510938 0.550926 0.0125 0.0537037
2 0.640365 0.589352 0.0286458 0.147222
2 0.980469 0.596296 0.0151042 0.087037
2 0.957812 0.590741 0.0166667 0.087037
1 0.675521 0.602315 0.0260417 0.125
2 0.601823 0.557407 0.0109375 0.0407407
2 0.721875 0.574537 0.0125 0.0712963
2 0.75 0.580093 0.0177083 0.0898148
2 0.789844 0.588889 0.0203125 0.0962963
2 0.0684896 0.506482 0.0098958 0.05
2 0.620313 0.563889 0.009375 0.0574074
2 0.475781 0.544444 0.0088542 0.0351852
2 0.460938 0.544907 0.015625 0.0601852
