2 0.601042 0.402778 0.0145833 0.0611111
2 0.819531 0.41713 0.0328125 0.139815
2 0.89349 0.471759 0.0401042 0.199074
2 0.519792 0.408333 0.015625 0.0574074
2 0.504427 0.405556 0.0088542 0.0481481
2 0.482292 0.40463 0.009375 0.0425926
2 0.474219 0.405093 0.0098958 0.037963
2 0.46224 0.400926 0.0078125 0.0333333
2 0.467448 0.405093 0.0057292 0.0287037
2 0.451042 0.401852 0.0114583 0.0407407
2 0.971615 0.423148 0.0213542 0.0907407
1 0.359896 0.498148 0.463542 0.05
0 0.431771 0.356944 0.00625 0.0231481
2 0.707552 0.400463 0.0244792 0.0768519
1 0.954427 0.545833 0.0901042 0.0583333
0 0.431771 0.356944 0.0052083 0.0212963
