2 0.897656 0.552315 0.0286458 0.121296
2 0.841406 0.558333 0.0317708 0.12963
2 0.722656 0.55787 0.0140625 0.0990741
2 0.739062 0.55787 0.0197917 0.10463
2 0.671615 0.553704 0.0161458 0.0722222
2 0.141146 0.626389 0.046875 0.167593
0 0.536719 0.476852 0.0140625 0.012963
2 0.910417 0.518056 0.0208333 0.0898148
2 0.922135 0.544907 0.0223958 0.100926
2 0.876302 0.531482 0.0171875 0.105556
2 0.0747396 0.610648 0.0286458 0.130556
2 0.455469 0.556481 0.0078125 0.037037
2 0.0627604 0.6 0.0161458 0.131481
2 0.05 0.603241 0.0177083 0.128704
2 0.0325521 0.593518 0.0182292 0.0833333
