2 0.14349 0.585185 0.0151042 0.0888889
2 0.161458 0.573148 0.015625 0.0648148
2 0.198437 0.569444 0.0125 0.0592593
2 0.214583 0.569444 0.0114583 0.0592593
2 0.233073 0.563426 0.0119792 0.0509259
2 0.345313 0.572222 0.0145833 0.0574074
2 0.363021 0.569444 0.015625 0.0611111
2 0.760677 0.559722 0.0182292 0.0935185
2 0.785417 0.562963 0.01875 0.0981481
2 0.802865 0.539815 0.0130208 0.0777778
2 0.813281 0.539815 0.0119792 0.0814815
2 0.824479 0.544444 0.015625 0.0833333
2 0.853125 0.538889 0.0166667 0.0833333
1 0.51224 0.575 0.0911458 0.0092593
0 0.51849 0.465741 0.0140625 0.0148148
2 0.247396 0.563889 0.009375 0.05
2 0.381771 0.56713 0.009375 0.0453704
