2 0.0476562 0.494444 0.0255208 0.127778
2 0.0684896 0.502778 0.0223958 0.125926
2 0.0934896 0.491204 0.0286458 0.126852
2 0.140885 0.513889 0.0140625 0.0703704
2 0.153906 0.499074 0.0265625 0.12037
2 0.192188 0.503241 0.021875 0.115741
2 0.214062 0.477778 0.015625 0.0833333
2 0.264062 0.473611 0.0104167 0.0546296
2 0.274479 0.473148 0.0114583 0.0555556
2 0.315104 0.468982 0.015625 0.0527778
2 0.371094 0.45787 0.0088542 0.0453704
2 0.56901 0.468518 0.0130208 0.062963
2 0.60026 0.489352 0.0213542 0.0953704
2 0.707812 0.509259 0.0302083 0.155556
2 0.732813 0.4875 0.0197917 0.102778
2 0.0098958 0.522685 0.0197917 0.0953704
