0 0.507292 0.356019 0.0072917 0.0231481
2 0.513802 0.413426 0.0109375 0.0453704
2 0.654427 0.432407 0.0140625 0.0481481
2 0.670313 0.419907 0.0166667 0.0990741
2 0.749219 0.430093 0.0286458 0.113889
2 0.822396 0.421296 0.0229167 0.127778
2 0.888021 0.431482 0.0322917 0.153704
2 0.940365 0.435185 0.0286458 0.12963
2 0.620573 0.408796 0.0098958 0.0509259
2 0.627604 0.421296 0.0145833 0.0722222
1 0.407292 0.433333 0.0385417 0.0092593
2 0.540625 0.410648 0.0125 0.0453704
0 0.525781 0.385185 0.0067708 0.0185185
