2 0.674479 0.517593 0.0135417 0.0648148
2 0.661979 0.514815 0.015625 0.0759259
2 0.727083 0.516667 0.0114583 0.0537037
0 0.721354 0.391667 0.0197917 0.0759259
0 0.604167 0.463426 0.0104167 0.0342593
0 0.557813 0.390741 0.0104167 0.0425926
0 0.526823 0.390278 0.0130208 0.0435185
0 0.501042 0.39213 0.0114583 0.0416667
1 0.424219 0.559259 0.0848958 0.0185185
2 0.4625 0.517593 0.0145833 0.0537037
1 0.811979 0.559722 0.0614583 0.0194444
0 0.0984375 0.478704 0.009375 0.0351852
0 0.0859375 0.48287 0.009375 0.0342593
2 0.106771 0.516204 0.0104167 0.0435185
