0 0.258854 0.0962963 0.0354167 0.146296
0 0.416146 0.105093 0.0302083 0.115741
1 0.298958 0.743981 0.167708 0.147222
1 0.0411458 0.721296 0.0822917 0.109259
2 0.0208333 0.588426 0.034375 0.165741
2 0.0664062 0.558333 0.0119792 0.0759259
2 0.166667 0.671296 0.120833 0.446296
2 0.241927 0.64213 0.0526042 0.337963
2 0.27526 0.601852 0.0640625 0.301852
2 0.309115 0.609722 0.0401042 0.219444
2 0.334115 0.631482 0.0578125 0.288889
2 0.428646 0.636111 0.040625 0.227778
2 0.465885 0.681944 0.170312 0.515741
2 0.679167 0.571296 0.0302083 0.196296
2 0.704687 0.568982 0.05625 0.371296
2 0.741406 0.589815 0.0192708 0.0759259
2 0.390885 0.5875 0.0296875 0.128704
2 0.628385 0.594907 0.0473958 0.252778
2 0.588542 0.664815 0.0572917 0.398148
2 0.663021 0.567593 0.021875 0.192593
2 0.553906 0.547222 0.0223958 0.114815
