1 0.25625 0.587963 0.16875 0.0222222
1 0.0585938 0.597685 0.0776042 0.0305556
1 0.963281 0.553241 0.0734375 0.0231481
2 0.926562 0.520833 0.0072917 0.0342593
2 0.938802 0.519444 0.0088542 0.0296296
2 0.615625 0.523611 0.0114583 0.0472222
2 0.602865 0.547685 0.0213542 0.0916667
2 0.58099 0.553704 0.0255208 0.0833333
2 0.451562 0.539352 0.0135417 0.0601852
2 0.432031 0.5375 0.0140625 0.0657407
2 0.432031 0.548148 0.0109375 0.0462963
2 0.370573 0.551389 0.0213542 0.075
2 0.26276 0.547685 0.0161458 0.0712963
2 0.248177 0.549074 0.0130208 0.0685185
2 0.0539063 0.562037 0.0223958 0.0944444
2 0.95599 0.523148 0.0078125 0.037037
2 0.961979 0.521759 0.0083333 0.037963
