2 0.842188 0.605093 0.0635417 0.225
2 0.707031 0.604167 0.0703125 0.297222
2 0.400781 0.54213 0.0244792 0.123148
2 0.358073 0.550926 0.0213542 0.112963
2 0.335938 0.549074 0.0208333 0.122222
2 0.254687 0.55463 0.0260417 0.138889
2 0.226302 0.563889 0.0223958 0.103704
2 0.208594 0.553704 0.0213542 0.122222
2 0.140625 0.543056 0.0260417 0.110185
2 0.0151042 0.554167 0.028125 0.147222
2 0.0838542 0.544444 0.01875 0.0962963
1 0.460156 0.82037 0.919271 0.261111
2 0.0481771 0.534722 0.0140625 0.0935185
2 0.0390625 0.543518 0.0145833 0.1
2 0.0960938 0.528241 0.0119792 0.0712963
2 0.985937 0.634722 0.028125 0.252778
