2 0.0773438 0.601389 0.0296875 0.134259
2 0.173438 0.568982 0.0135417 0.062037
2 0.327604 0.573148 0.01875 0.0740741
2 0.911719 0.52963 0.0213542 0.0907407
1 0.505729 0.575 0.0864583 0.0092593
0 0.518229 0.460185 0.015625 0.0166667
2 0.114844 0.583333 0.0203125 0.087037
2 0.804167 0.547685 0.0177083 0.0861111
2 0.772917 0.539815 0.0145833 0.0685185
2 0.15625 0.572222 0.015625 0.0611111
2 0.7875 0.559259 0.0208333 0.111111
2 0.824479 0.538426 0.0135417 0.0824074
2 0.836458 0.574537 0.028125 0.132407
2 0.864062 0.547222 0.0229167 0.103704
