2 0.979688 0.51713 0.0322917 0.136111
2 0.829687 0.540741 0.028125 0.111111
2 0.78151 0.601389 0.0390625 0.187963
2 0.752344 0.591667 0.0390625 0.205556
2 0.709896 0.56713 0.01875 0.106481
2 0.689583 0.575 0.0197917 0.107407
2 0.653646 0.584722 0.0260417 0.160185
2 0.675 0.580093 0.0208333 0.100926
2 0.620052 0.589352 0.0265625 0.156482
2 0.55 0.577315 0.0177083 0.0935185
2 0.479167 0.574074 0.0302083 0.114815
2 0.409635 0.574074 0.0223958 0.0888889
2 0.348177 0.572222 0.0192708 0.109259
2 0.330729 0.573611 0.028125 0.119444
2 0.21875 0.573148 0.0260417 0.1
2 0.179167 0.549537 0.0104167 0.0546296
2 0.150521 0.564352 0.0135417 0.0916667
2 0.105729 0.561574 0.0177083 0.0805556
2 0.247135 0.570833 0.0213542 0.087963
2 0.640104 0.574537 0.021875 0.106481
2 0.28125 0.574074 0.0239583 0.0925926
2 0.0067708 0.533796 0.0135417 0.0638889
2 0.0151042 0.549537 0.0135417 0.0657407
2 0.742188 0.564352 0.0208333 0.108333
1 0.398698 0.62037 0.402604 0.0222222
1 0.896875 0.627778 0.20625 0.142593
0 0.449479 0.274074 0.021875 0.0888889
0 0.542188 0.271296 0.0197917 0.0833333
