0 0.144531 0.475926 0.0057292 0.0166667
1 0.189323 0.623611 0.200521 0.0416667
2 0.596354 0.565278 0.0104167 0.0546296
2 0.684896 0.575 0.0114583 0.0555556
2 0.829167 0.580093 0.0145833 0.062037
2 0.577604 0.583333 0.0145833 0.0814815
2 0.559115 0.583796 0.0171875 0.0861111
2 0.0557292 0.526389 0.0145833 0.0509259
2 0.709635 0.583333 0.0140625 0.0648148
2 0.736198 0.575 0.0130208 0.0796296
2 0.811979 0.578241 0.0114583 0.0583333
0 0.18099 0.0365741 0.0755208 0.062037
0 0.529427 0.504167 0.0057292 0.0212963
