2 0.54375 0.452315 0.0166667 0.0675926
2 0.567448 0.446296 0.0140625 0.0740741
2 0.210677 0.485185 0.0255208 0.0925926
2 0.395573 0.460185 0.0151042 0.0685185
2 0.319792 0.463889 0.021875 0.0685185
2 0.376302 0.457407 0.0151042 0.0592593
2 0.67474 0.431019 0.0109375 0.0416667
2 0.156771 0.463889 0.0083333 0.0388889
2 0.742969 0.430093 0.0098958 0.0453704
2 0.136198 0.464815 0.0098958 0.0481481
2 0.522396 0.439815 0.0083333 0.0388889
2 0.769271 0.429167 0.0104167 0.0435185
2 0.726563 0.44213 0.009375 0.0564815
2 0.714323 0.438889 0.0119792 0.062963
0 0.306771 0.182407 0.0229167 0.0851852
0 0.53099 0.360648 0.0067708 0.025
0 0.757552 0.377778 0.0088542 0.0277778
