2 0.58724 0.476389 0.0161458 0.0675926
2 0.661198 0.53287 0.0484375 0.175
2 0.563802 0.475 0.0151042 0.0648148
2 0.550521 0.486574 0.0114583 0.0342593
2 0.524219 0.475 0.0119792 0.0481481
2 0.511979 0.476852 0.0135417 0.0555556
2 0.513542 0.443981 0.0083333 0.0287037
2 0.504948 0.432407 0.0067708 0.0333333
2 0.33776 0.443518 0.0098958 0.0351852
2 0.284635 0.512037 0.0140625 0.0574074
2 0.263021 0.494444 0.01875 0.0851852
2 0.252083 0.51713 0.0145833 0.0583333
2 0.241927 0.503241 0.0161458 0.0842593
2 0.198958 0.513426 0.0260417 0.0898148
2 0.176563 0.511574 0.025 0.110185
2 0.140365 0.52037 0.0098958 0.0648148
2 0.0348958 0.501389 0.0322917 0.150926
2 0.114323 0.50787 0.0182292 0.0861111
2 0.133594 0.527315 0.0140625 0.0509259
2 0.597135 0.4875 0.0109375 0.0453704
2 0.492188 0.419444 0.00625 0.0240741
2 0.320313 0.436111 0.00625 0.0277778
