2 0.666146 0.506944 0.0104167 0.0509259
2 0.654427 0.506944 0.0171875 0.0694444
2 0.713021 0.510185 0.0104167 0.05
0 0.705729 0.394907 0.0177083 0.0675926
0 0.603385 0.459259 0.0098958 0.0333333
0 0.558594 0.388889 0.0098958 0.0407407
0 0.529427 0.388426 0.0119792 0.0416667
0 0.504948 0.389815 0.0109375 0.0388889
1 0.378646 0.547222 0.0302083 0.0166667
2 0.458594 0.515278 0.0151042 0.0453704
1 0.457812 0.544444 0.025 0.0185185
0 0.11849 0.471759 0.0088542 0.0324074
2 0.122135 0.508796 0.0109375 0.0435185
0 0.104167 0.475463 0.009375 0.0342593
