2 0.953646 0.576389 0.0489583 0.191667
2 0.921094 0.584259 0.0390625 0.198148
2 0.855729 0.528704 0.0197917 0.111111
2 0.809635 0.539815 0.0286458 0.111111
2 0.732552 0.569444 0.0213542 0.105556
2 0.658594 0.573611 0.0348958 0.108333
2 0.644792 0.572222 0.028125 0.111111
2 0.622656 0.569444 0.0192708 0.0925926
2 0.570573 0.575926 0.0286458 0.0944444
2 0.255208 0.549537 0.0125 0.0490741
2 0.222656 0.562963 0.0171875 0.0722222
2 0.209115 0.578241 0.0140625 0.0916667
2 0.198698 0.575926 0.0161458 0.0981481
2 0.177604 0.549537 0.0104167 0.0564815
2 0.125521 0.550463 0.0125 0.075
2 0.110156 0.557407 0.0161458 0.0925926
2 0.0630208 0.582407 0.01875 0.0962963
2 0.0382813 0.55 0.0192708 0.0907407
2 0.0070313 0.535648 0.0119792 0.0712963
2 0.888021 0.505556 0.0125 0.0833333
2 0.921354 0.494907 0.0145833 0.075
2 0.951302 0.499537 0.0192708 0.100926
2 0.0158854 0.548611 0.0130208 0.0601852
1 0.430729 0.61713 0.471875 0.0305556
1 0.802344 0.614815 0.219271 0.101852
0 0.449479 0.274074 0.021875 0.0888889
0 0.542188 0.271296 0.0197917 0.0833333
