2 0.0729167 0.524074 0.009375 0.0296296
1 0.607552 0.799074 0.748438 0.318518
2 0.310677 0.543056 0.0296875 0.128704
2 0.890625 0.594444 0.0572917 0.285185
2 0.435417 0.536574 0.025 0.106481
2 0.491927 0.544907 0.0244792 0.113889
2 0.795313 0.57963 0.0708333 0.227778
2 0.564062 0.525926 0.015625 0.0981481
2 0.539323 0.526852 0.0223958 0.109259
2 0.451302 0.543056 0.0203125 0.0861111
2 0.358594 0.525463 0.0161458 0.0842593
2 0.747135 0.550926 0.0338542 0.172222
2 0.982552 0.594444 0.0328125 0.22963
2 0.590625 0.528241 0.0208333 0.106481
2 0.288542 0.525926 0.0135417 0.0796296
