2 0.807031 0.674537 0.0692708 0.443518
2 0.721875 0.658796 0.0552083 0.349074
2 0.703646 0.660185 0.0395833 0.32037
2 0.674479 0.656944 0.0625 0.391667
2 0.604167 0.575926 0.0177083 0.114815
2 0.59375 0.575 0.009375 0.0555556
2 0.578125 0.559259 0.015625 0.0851852
2 0.558854 0.542593 0.015625 0.0703704
2 0.534115 0.541204 0.0109375 0.0509259
2 0.527344 0.563889 0.0182292 0.0907407
1 0.549219 0.6125 0.109896 0.0564815
2 0.459375 0.613426 0.0822917 0.258333
2 0.29974 0.575 0.0348958 0.127778
2 0.215104 0.566204 0.01875 0.106481
2 0.202865 0.567593 0.0213542 0.1
2 0.149219 0.681018 0.108854 0.573148
1 0.238021 0.830093 0.475 0.237963
2 0.626823 0.575926 0.0307292 0.212963
2 0.489323 0.543981 0.0088542 0.0509259
2 0.510417 0.538426 0.0072917 0.0416667
2 0.853125 0.546296 0.0354167 0.185185
2 0.021875 0.550463 0.0166667 0.087963
2 0.759115 0.549537 0.0171875 0.134259
2 0.783073 0.543981 0.0234375 0.147222
2 0.917708 0.542593 0.0291667 0.162963
2 0.891406 0.544444 0.0369792 0.161111
