1 0.379427 0.728241 0.753646 0.371296
2 0.01875 0.505556 0.015625 0.0777778
2 0.0734375 0.509722 0.025 0.108333
2 0.166146 0.498148 0.01875 0.0962963
2 0.711458 0.52037 0.0395833 0.144444
2 0.83099 0.558796 0.0442708 0.25463
2 0.863281 0.565278 0.0515625 0.271296
2 0.113802 0.502778 0.0213542 0.0796296
2 0.121615 0.493982 0.0182292 0.0805556
2 0.202083 0.491667 0.015625 0.0759259
2 0.617448 0.475 0.0098958 0.0388889
2 0.795052 0.495833 0.0109375 0.0546296
0 0.0544271 0.368519 0.0140625 0.0425926
