2 0.94349 0.523611 0.0307292 0.0972222
2 0.919271 0.505556 0.015625 0.0888889
2 0.907031 0.515278 0.0182292 0.102778
2 0.877344 0.50463 0.0140625 0.0740741
2 0.873958 0.580556 0.0375 0.188889
2 0.858854 0.581482 0.0197917 0.166667
2 0.838542 0.589352 0.034375 0.193519
2 0.809635 0.539815 0.0182292 0.105556
2 0.769531 0.55 0.0286458 0.105556
2 0.69401 0.575463 0.0244792 0.0972222
2 0.604427 0.573611 0.0296875 0.106481
2 0.6 0.571759 0.0197917 0.0935185
2 0.588281 0.573148 0.0234375 0.109259
2 0.532292 0.574074 0.0291667 0.0907407
2 0.255729 0.549074 0.009375 0.0444444
2 0.225781 0.573611 0.0151042 0.102778
2 0.236719 0.575463 0.0151042 0.0935185
2 0.178385 0.55 0.0098958 0.0592593
2 0.143229 0.5625 0.01875 0.0898148
2 0.0710937 0.556018 0.0192708 0.0953704
2 0.05625 0.591204 0.015625 0.0898148
2 0.0377604 0.556018 0.0140625 0.0787037
2 0.0153646 0.545833 0.0119792 0.0583333
2 0.0065104 0.537963 0.0109375 0.0740741
1 0.430729 0.61713 0.471875 0.0305556
1 0.942708 0.62963 0.110417 0.109259
1 0.765104 0.610648 0.136458 0.0657407
0 0.449479 0.274074 0.021875 0.0888889
0 0.542188 0.271296 0.0197917 0.0833333
