2 0.982292 0.566204 0.034375 0.284259
2 0.81849 0.48287 0.0192708 0.0768519
2 0.860937 0.481481 0.0104167 0.0462963
2 0.870052 0.488889 0.0130208 0.0685185
2 0.601302 0.47963 0.0171875 0.0981481
2 0.65026 0.516667 0.0255208 0.181481
2 0.704427 0.60787 0.0817708 0.39537
2 0.323958 0.469907 0.0135417 0.0675926
2 0.286979 0.47037 0.0114583 0.0759259
2 0.260156 0.475463 0.0182292 0.0675926
2 0.2375 0.481944 0.0166667 0.0842593
2 0.139062 0.476389 0.025 0.0972222
2 0.161979 0.483333 0.0125 0.0685185
1 0.410937 0.673611 0.820833 0.326852
1 0.579167 0.799537 0.834375 0.206482
2 0.297396 0.477315 0.0114583 0.0657407
1 0.10625 0.484259 0.0489583 0.0092593
0 0.198437 0.364352 0.0135417 0.037963
