2 0.109375 0.528241 0.009375 0.0287037
1 0.629948 0.80787 0.699479 0.328704
2 0.359896 0.546296 0.028125 0.12963
2 0.890625 0.587963 0.053125 0.264815
2 0.474219 0.533333 0.0203125 0.1
2 0.532552 0.543981 0.0244792 0.113889
2 0.806771 0.576852 0.0697917 0.224074
2 0.597917 0.525463 0.0145833 0.0935185
2 0.573958 0.525926 0.021875 0.105556
2 0.493229 0.543981 0.0197917 0.0842593
2 0.339583 0.531482 0.021875 0.0814815
2 0.396875 0.525926 0.0166667 0.0796296
2 0.772396 0.547222 0.0322917 0.164815
2 0.982552 0.588426 0.0317708 0.221296
2 0.623698 0.527778 0.0203125 0.103704
