2 0.860417 0.528704 0.034375 0.166667
2 0.815625 0.492593 0.0125 0.062963
2 0.439323 0.474074 0.0140625 0.0666667
2 0.416406 0.472222 0.0140625 0.0574074
2 0.331771 0.472685 0.0104167 0.0509259
2 0.309375 0.473611 0.0083333 0.0509259
2 0.315104 0.472222 0.0083333 0.0481481
2 0.323698 0.473148 0.0078125 0.0555556
0 0.135417 0.2625 0.015625 0.0694444
1 0.272917 0.483333 0.028125 0.0092593
1 0.407552 0.557407 0.228646 0.109259
1 0.858073 0.640741 0.280729 0.087037
2 0.464063 0.5 0.0291667 0.164815
2 0.79401 0.481944 0.0109375 0.037963
2 0.982031 0.564815 0.0296875 0.196296
2 0.483333 0.508796 0.0322917 0.149074
2 0.954427 0.500463 0.0109375 0.0472222
0 0.365625 0.385648 0.0114583 0.0305556
1 0.439583 0.623148 0.161458 0.0425926
