2 0.671094 0.528241 0.0109375 0.0472222
2 0.611458 0.543518 0.0114583 0.0574074
0 0.52526 0.479167 0.0130208 0.012037
2 0.626042 0.544907 0.0114583 0.0657407
2 0.266406 0.584259 0.0151042 0.0759259
2 0.585677 0.538889 0.0098958 0.0351852
2 0.67526 0.527778 0.0098958 0.0462963
2 0.635417 0.543518 0.0114583 0.062963
2 0.123177 0.618981 0.0276042 0.186111
2 0.199219 0.588889 0.0161458 0.0814815
2 0.171094 0.600926 0.0151042 0.0981481
2 0.724479 0.521759 0.0104167 0.0490741
2 0.567187 0.54213 0.0072917 0.0361111
2 0.28099 0.562963 0.0088542 0.0407407
2 0.221094 0.594444 0.0151042 0.1
2 0.211458 0.579167 0.0104167 0.0583333
2 0.182552 0.5875 0.0151042 0.0916667
2 0.375781 0.561111 0.0098958 0.0481481
2 0.233073 0.578704 0.0140625 0.0703704
