2 0.915104 0.431019 0.0114583 0.062037
2 0.904688 0.428704 0.0114583 0.0814815
2 0.885677 0.433796 0.0161458 0.075
2 0.791927 0.437963 0.0140625 0.0611111
2 0.780208 0.449074 0.0145833 0.0907407
2 0.759896 0.453241 0.021875 0.0972222
2 0.693229 0.451389 0.0208333 0.0731481
2 0.628125 0.444444 0.0145833 0.0555556
2 0.609635 0.438889 0.0088542 0.0351852
2 0.586198 0.440278 0.0098958 0.0361111
2 0.533333 0.433796 0.0072917 0.0194444
2 0.557813 0.435185 0.00625 0.0259259
2 0.571094 0.440278 0.0109375 0.0324074
