2 0.663281 0.508333 0.0098958 0.0481481
2 0.653125 0.507407 0.0166667 0.0666667
2 0.709115 0.511111 0.0098958 0.0481481
0 0.701823 0.398611 0.0171875 0.0657407
0 0.603906 0.460648 0.0098958 0.0324074
0 0.560156 0.391204 0.0098958 0.0398148
0 0.53099 0.391204 0.0119792 0.0398148
0 0.507031 0.392593 0.0109375 0.0388889
1 0.377083 0.546296 0.0302083 0.0185185
2 0.459896 0.51713 0.015625 0.0472222
0 0.125521 0.473148 0.0083333 0.0314815
2 0.128646 0.510185 0.0114583 0.0462963
0 0.110937 0.477778 0.009375 0.0333333
