1 0.802344 0.655093 0.327604 0.0712963
1 0.42474 0.576389 0.0932292 0.0138889
0 0.540625 0.400463 0.03125 0.0287037
2 0.930469 0.575 0.0286458 0.185185
2 0.913542 0.581944 0.0208333 0.156482
2 0.871354 0.57037 0.0239583 0.12963
2 0.816927 0.566667 0.0244792 0.12963
2 0.795313 0.5625 0.025 0.128704
2 0.721875 0.55 0.009375 0.0518519
2 0.73099 0.549537 0.0109375 0.0564815
2 0.655208 0.558333 0.0145833 0.0611111
2 0.255729 0.571759 0.0125 0.0546296
2 0.150521 0.565741 0.0114583 0.0481481
1 0.153906 0.680093 0.157813 0.037963
1 0.416406 0.671759 0.130729 0.0509259
2 0.234635 0.559259 0.0078125 0.0388889
2 0.80625 0.54213 0.0145833 0.0842593
