2 0.25026 0.471296 0.0078125 0.0462963
2 0.258854 0.47037 0.0083333 0.0444444
2 0.269271 0.474537 0.0083333 0.0527778
2 0.276042 0.472222 0.0104167 0.0518519
2 0.34375 0.481019 0.0270833 0.123148
2 0.350781 0.489352 0.0369792 0.102778
2 0.55625 0.515278 0.03125 0.176852
2 0.813021 0.494444 0.0125 0.0555556
2 0.77474 0.475 0.0109375 0.0444444
2 0.885938 0.533333 0.0260417 0.194444
2 0.921354 0.490741 0.009375 0.0425926
0 0.0635417 0.24537 0.0166667 0.0740741
1 0.208854 0.483333 0.05 0.0092593
1 0.396875 0.581482 0.379167 0.142593
2 0.947656 0.488426 0.0130208 0.0564815
2 0.760677 0.476852 0.0109375 0.0444444
2 0.598177 0.505556 0.0244792 0.155556
2 0.402865 0.473611 0.0151042 0.0546296
1 0.629687 0.689352 0.738542 0.130556
2 0.421094 0.470833 0.0109375 0.0416667
2 0.982292 0.493982 0.0135417 0.0657407
0 0.309896 0.377315 0.0125 0.0324074
