2 0.108594 0.472685 0.0109375 0.0472222
2 0.114583 0.474537 0.00625 0.0324074
2 0.132031 0.477778 0.0088542 0.0388889
2 0.142188 0.477778 0.0072917 0.0425926
2 0.171094 0.476389 0.0088542 0.0453704
2 0.182292 0.475463 0.0083333 0.0490741
2 0.40599 0.465741 0.0109375 0.05
2 0.43125 0.466667 0.0104167 0.0481481
2 0.501302 0.468056 0.0130208 0.0509259
2 0.494531 0.464352 0.0078125 0.0453704
2 0.150521 0.476852 0.0083333 0.0388889
2 0.157552 0.476852 0.0098958 0.0407407
2 0.242188 0.465741 0.0083333 0.0333333
2 0.226042 0.464815 0.00625 0.0240741
0 0.283333 0.434722 0.00625 0.0175926
