2 0.948698 0.371759 0.0182292 0.0805556
2 0.936458 0.365741 0.0177083 0.0944444
2 0.904167 0.384259 0.021875 0.118519
2 0.866927 0.373611 0.0192708 0.0990741
2 0.28151 0.435185 0.0265625 0.116667
2 0.260677 0.426852 0.0244792 0.151852
2 0.0979167 0.416667 0.01875 0.101852
2 0.0791667 0.413426 0.0260417 0.102778
2 0.0239583 0.484722 0.0479167 0.286111
2 0.275521 0.45463 0.01875 0.0796296
2 0.384115 0.381018 0.0098958 0.0527778
1 0.819531 0.49537 0.271354 0.0592593
1 0.273177 0.503241 0.364062 0.0824074
