2 0.971094 0.579167 0.0484375 0.217593
2 0.95026 0.500926 0.0192708 0.0907407
2 0.870833 0.535185 0.0260417 0.0981481
2 0.865625 0.536111 0.015625 0.0944444
2 0.83125 0.53287 0.0166667 0.102778
2 0.810156 0.587037 0.0286458 0.187037
2 0.789583 0.586111 0.0208333 0.159259
2 0.76875 0.594907 0.0354167 0.178704
2 0.73099 0.562037 0.0307292 0.107407
2 0.65625 0.576852 0.0270833 0.1
2 0.574219 0.572685 0.0244792 0.100926
2 0.546354 0.570833 0.025 0.113889
2 0.526823 0.570833 0.0213542 0.110185
2 0.499479 0.573148 0.0239583 0.0888889
2 0.257292 0.573611 0.0177083 0.10463
2 0.241927 0.56713 0.0161458 0.075
2 0.222396 0.552315 0.0104167 0.0527778
2 0.178385 0.577315 0.0244792 0.0861111
2 0.161198 0.556018 0.0119792 0.075
2 0.102604 0.55463 0.0229167 0.0925926
2 0.0669271 0.558333 0.0182292 0.0759259
2 0.046875 0.591667 0.021875 0.101852
2 0.0234375 0.551389 0.0114583 0.0712963
2 0.0148437 0.552315 0.0119792 0.0675926
2 0.0065104 0.539815 0.0130208 0.0703704
1 0.430729 0.61713 0.471875 0.0305556
1 0.889844 0.613889 0.140104 0.105556
1 0.729688 0.605093 0.0760417 0.0527778
0 0.449479 0.274074 0.021875 0.0888889
0 0.542188 0.271296 0.0197917 0.0833333
