2 0.0182292 0.55787 0.0197917 0.087963
2 0.110677 0.569444 0.0286458 0.109259
2 0.548698 0.56713 0.0171875 0.0842593
2 0.591146 0.559259 0.0166667 0.0777778
2 0.59974 0.568982 0.0213542 0.100926
2 0.558854 0.543518 0.0114583 0.0685185
1 0.576302 0.618056 0.0661458 0.0453704
2 0.636979 0.579167 0.0385417 0.221296
2 0.784375 0.673611 0.0822917 0.421296
2 0.826302 0.6375 0.0578125 0.323148
2 0.925 0.681944 0.109375 0.487963
2 0.516667 0.693982 0.101042 0.50463
1 0.24375 0.831019 0.4875 0.221296
2 0.14349 0.570833 0.0223958 0.108333
2 0.692448 0.594444 0.0401042 0.262963
2 0.332812 0.559259 0.0166667 0.0611111
2 0.479688 0.590278 0.046875 0.158333
2 0.736719 0.564815 0.0234375 0.12963
2 0.65026 0.584722 0.0182292 0.20463
2 0.747917 0.558333 0.01875 0.1
2 0.610156 0.563889 0.0130208 0.0648148
2 0.807552 0.682407 0.0453125 0.392593
