1 0.538021 0.796759 0.871875 0.278704
2 0.171094 0.538889 0.0244792 0.144444
2 0.909896 0.64537 0.0708333 0.394444
2 0.333594 0.538889 0.0255208 0.109259
2 0.385417 0.541667 0.0270833 0.135185
2 0.788802 0.588426 0.0723958 0.232407
2 0.472917 0.531018 0.0166667 0.10463
2 0.448958 0.530556 0.0239583 0.116667
2 0.348698 0.547222 0.0213542 0.0907407
2 0.696615 0.568056 0.0411458 0.212037
2 0.978385 0.610648 0.0359375 0.250926
2 0.503906 0.531944 0.0223958 0.115741
2 0.217448 0.501389 0.0171875 0.0694444
2 0.188802 0.523148 0.0130208 0.0814815
2 0.260938 0.524537 0.0135417 0.0916667
