2 0.607031 0.475463 0.0244792 0.0916667
2 0.414323 0.474074 0.0140625 0.0685185
2 0.360677 0.478241 0.0223958 0.0953704
2 0.341146 0.481019 0.0260417 0.0824074
2 0.298177 0.475463 0.0234375 0.075
2 0.240625 0.485648 0.0239583 0.075
2 0.115625 0.497685 0.021875 0.0731481
2 0.182812 0.469907 0.0083333 0.0342593
2 0.0736979 0.503704 0.0255208 0.0907407
2 0.0559896 0.484259 0.0088542 0.0388889
2 0.0481771 0.48287 0.0088542 0.0361111
2 0.0328125 0.505556 0.0166667 0.0814815
2 0.0239583 0.496296 0.0125 0.0611111
2 0.00625 0.508333 0.0125 0.0814815
2 0.21875 0.46713 0.0052083 0.0231481
1 0.356771 0.521759 0.517708 0.0268519
0 0.280469 0.431019 0.0067708 0.0194444
0 0.583854 0.396296 0.0072917 0.0222222
0 0.565625 0.395833 0.0072917 0.025
