2 0.107552 0.481944 0.0369792 0.252778
2 0.145833 0.485185 0.0385417 0.227778
2 0.667969 0.407407 0.0182292 0.0777778
2 0.670573 0.390741 0.0171875 0.0944444
2 0.856771 0.391667 0.0208333 0.0814815
2 0.870833 0.369907 0.0104167 0.0731481
2 0.827344 0.363426 0.0119792 0.0527778
2 0.0059896 0.426389 0.0119792 0.0953704
2 0.0270833 0.412037 0.0083333 0.0407407
2 0.0645833 0.411111 0.0104167 0.0518519
2 0.640104 0.396296 0.015625 0.0851852
2 0.863542 0.360185 0.0083333 0.0481481
1 0.500781 0.630093 0.998438 0.182407
