2 0.273698 0.499074 0.0140625 0.0814815
2 0.280729 0.5125 0.0125 0.0546296
2 0.307031 0.490278 0.0151042 0.0675926
2 0.540104 0.475463 0.0125 0.0583333
2 0.532812 0.473148 0.0135417 0.0592593
2 0.303906 0.509259 0.0109375 0.0555556
2 0.524479 0.45 0.0083333 0.0351852
2 0.513021 0.443056 0.009375 0.0342593
2 0.201302 0.497685 0.0203125 0.100926
2 0.563802 0.476389 0.0130208 0.062037
2 0.591927 0.509722 0.0286458 0.112037
2 0.183333 0.514352 0.0125 0.062037
2 0.344792 0.440278 0.009375 0.0287037
2 0.576563 0.486111 0.0114583 0.0425926
