2 0.534635 0.450926 0.0140625 0.0518519
2 0.54974 0.447685 0.0119792 0.0564815
2 0.78776 0.460185 0.0265625 0.12963
2 0.326562 0.471759 0.0125 0.0712963
2 0.376302 0.455556 0.0088542 0.0462963
2 0.455469 0.44537 0.0078125 0.0351852
2 0.395833 0.456019 0.0114583 0.0527778
2 0.438542 0.449537 0.0083333 0.0324074
2 0.638542 0.441204 0.009375 0.0546296
2 0.647917 0.439352 0.0083333 0.0527778
2 0.338281 0.459722 0.0088542 0.0564815
0 0.3625 0.259259 0.0166667 0.0611111
0 0.528646 0.369907 0.00625 0.0231481
