2 0.205469 0.515278 0.0192708 0.0972222
2 0.21875 0.526852 0.0145833 0.0611111
2 0.221094 0.499074 0.0203125 0.0944444
2 0.240885 0.480093 0.0151042 0.0805556
2 0.260938 0.494907 0.0114583 0.0509259
2 0.248177 0.515278 0.0171875 0.0601852
2 0.320833 0.439815 0.0125 0.037037
2 0.341667 0.44213 0.0104167 0.0361111
2 0.557552 0.472222 0.0140625 0.0648148
2 0.582031 0.471296 0.0151042 0.0740741
2 0.602604 0.477315 0.0145833 0.0694444
2 0.617708 0.484722 0.0145833 0.0527778
2 0.860417 0.585648 0.090625 0.417593
2 0.370052 0.445833 0.0088542 0.037963
2 0.360938 0.448611 0.009375 0.0398148
2 0.253125 0.485185 0.0125 0.0740741
2 0.0179687 0.509722 0.0265625 0.152778
2 0.0533854 0.521296 0.0244792 0.0944444
2 0.508333 0.430093 0.0072917 0.0324074
2 0.515625 0.439352 0.009375 0.0342593
2 0.516406 0.475 0.0119792 0.0481481
2 0.527865 0.475463 0.0119792 0.0657407
2 0.550521 0.491204 0.0125 0.0398148
2 0.109635 0.531018 0.0130208 0.0916667
2 0.125781 0.522222 0.0223958 0.114815
2 0.228906 0.501389 0.0098958 0.0509259
2 0.354427 0.442593 0.0078125 0.0444444
