2 0.470573 0.402315 0.0088542 0.0324074
2 0.12526 0.433333 0.0140625 0.0833333
2 0.508073 0.406018 0.0067708 0.037963
2 0.476563 0.405556 0.0052083 0.0277778
2 0.489844 0.404167 0.0057292 0.037963
2 0.482031 0.402778 0.0067708 0.0296296
2 0.744531 0.448148 0.0255208 0.125926
2 0.819531 0.4125 0.0182292 0.0731481
1 0.397396 0.4625 0.329167 0.0287037
1 0.875781 0.526852 0.245312 0.0851852
2 0.521875 0.40787 0.0114583 0.0509259
2 0.520833 0.408796 0.0145833 0.0490741
2 0.576563 0.398148 0.0125 0.0444444
2 0.589583 0.401389 0.01875 0.0435185
