2 0.138021 0.561111 0.0145833 0.0759259
2 0.152865 0.576852 0.0161458 0.0796296
2 0.186719 0.560185 0.0098958 0.0611111
2 0.196094 0.562037 0.0098958 0.0555556
2 0.232292 0.558333 0.0114583 0.0574074
2 0.69375 0.566667 0.0208333 0.1
2 0.910417 0.515278 0.025 0.0935185
2 0.926042 0.55463 0.028125 0.138889
2 0.869531 0.552315 0.0286458 0.117593
2 0.857031 0.549074 0.0255208 0.127778
2 0.761458 0.607407 0.0666667 0.205556
2 0.065625 0.572685 0.01875 0.125
2 0.0817708 0.580556 0.021875 0.103704
2 0.0997396 0.555093 0.0109375 0.0509259
2 0.478906 0.55787 0.0057292 0.0212963
1 0.417708 0.647685 0.611458 0.037963
1 0.901823 0.65 0.194271 0.127778
0 0.445833 0.225463 0.0260417 0.106481
0 0.559635 0.224074 0.0255208 0.1
