2 0.194531 0.49213 0.0557292 0.310185
2 0.0609375 0.408796 0.009375 0.0453704
2 0.932813 0.478241 0.040625 0.180556
2 0.675521 0.42037 0.0135417 0.062963
1 0.315104 0.449074 0.111458 0.0166667
1 0.499219 0.57963 0.994271 0.101852
1 0.678646 0.459259 0.121875 0.0277778
1 0.872135 0.508333 0.0921875 0.0351852
1 0.969792 0.530556 0.0604167 0.0425926
0 0.627344 0.228241 0.0338542 0.025
0 0.566146 0.221759 0.034375 0.0287037
0 0.144792 0.321759 0.0114583 0.0361111
0 0.754948 0.350463 0.0098958 0.0324074
