2 0.0682292 0.601389 0.034375 0.134259
2 0.170052 0.569444 0.0140625 0.0648148
2 0.322135 0.573611 0.0192708 0.0768519
2 0.91875 0.530093 0.0229167 0.0972222
1 0.503125 0.574074 0.08125 0.0092593
0 0.51849 0.459259 0.0161458 0.0166667
2 0.110156 0.582407 0.0203125 0.087037
2 0.808333 0.546759 0.0177083 0.087963
2 0.776823 0.535185 0.0140625 0.0611111
2 0.152083 0.571759 0.015625 0.062037
2 0.790365 0.546296 0.0213542 0.0907407
2 0.833073 0.549074 0.0203125 0.105556
2 0.84401 0.574074 0.0286458 0.135185
2 0.870052 0.546296 0.0234375 0.105556
