2 0.583854 0.47963 0.015625 0.0648148
2 0.634375 0.528704 0.0416667 0.153704
2 0.570052 0.488426 0.0109375 0.0435185
2 0.56276 0.477778 0.0140625 0.0611111
2 0.551042 0.490278 0.0114583 0.0342593
2 0.52474 0.475 0.0130208 0.0537037
2 0.513802 0.476852 0.0130208 0.0537037
2 0.514323 0.447685 0.0088542 0.0305556
2 0.503906 0.436574 0.0067708 0.0342593
2 0.335938 0.446296 0.009375 0.0333333
2 0.292448 0.512963 0.0119792 0.0574074
2 0.27474 0.495833 0.0182292 0.0824074
2 0.259635 0.515741 0.0119792 0.0574074
2 0.25026 0.504167 0.0161458 0.0842593
2 0.215885 0.5125 0.0255208 0.087963
2 0.191667 0.508796 0.0239583 0.10463
2 0.153385 0.518982 0.0161458 0.0638889
2 0.0463542 0.494444 0.0291667 0.155556
