2 0.960156 0.572685 0.0317708 0.182407
2 0.931771 0.544907 0.0270833 0.130556
2 0.909635 0.563426 0.0286458 0.173148
2 0.809115 0.543056 0.0161458 0.0712963
2 0.703125 0.546296 0.0135417 0.0574074
1 0.519531 0.755556 0.955729 0.201852
0 0.55651 0.375463 0.0307292 0.0268519
2 0.249479 0.571759 0.0125 0.0638889
2 0.233073 0.572685 0.0109375 0.0564815
2 0.179167 0.569907 0.0104167 0.0472222
2 0.170573 0.55787 0.0078125 0.0342593
2 0.683594 0.539352 0.0098958 0.0472222
2 0.691146 0.555093 0.0135417 0.0731481
2 0.795833 0.541204 0.0166667 0.0768519
2 0.226823 0.5625 0.0098958 0.0546296
