2 0.0192708 0.557407 0.0197917 0.0888889
2 0.141927 0.564352 0.0192708 0.10463
2 0.314583 0.563889 0.0270833 0.0888889
2 0.466146 0.618981 0.06875 0.250926
2 0.533854 0.565741 0.015625 0.0814815
2 0.583854 0.558333 0.0177083 0.0833333
2 0.605469 0.568982 0.0213542 0.0990741
2 0.558333 0.541667 0.0114583 0.0685185
2 0.514063 0.537963 0.009375 0.0388889
1 0.552865 0.616204 0.110937 0.0472222
2 0.636198 0.576852 0.0380208 0.22037
2 0.725 0.675463 0.0760417 0.402778
2 0.755208 0.676389 0.0354167 0.339815
2 0.78125 0.641667 0.05 0.346296
2 0.795833 0.553704 0.0354167 0.166667
2 0.858333 0.675463 0.090625 0.458333
2 0.923437 0.55 0.0302083 0.153704
2 0.285937 0.688426 0.102083 0.510185
1 0.245573 0.825463 0.491146 0.230556
2 0.0395833 0.554167 0.0166667 0.087963
2 0.175781 0.569907 0.0161458 0.100926
2 0.691927 0.59213 0.0401042 0.262037
2 0.185937 0.568056 0.0177083 0.0990741
