2 0.0234375 0.513889 0.0177083 0.107407
2 0.372135 0.538426 0.0307292 0.141667
2 0.407552 0.528241 0.0265625 0.132407
2 0.42526 0.527315 0.0296875 0.137963
2 0.45599 0.521296 0.0223958 0.138889
2 0.471094 0.523148 0.0234375 0.140741
2 0.778385 0.508796 0.0161458 0.0787037
2 0.792969 0.50463 0.0203125 0.0925926
1 0.892448 0.602315 0.206771 0.117593
0 0.383594 0.461574 0.0067708 0.0101852
0 0.394792 0.460185 0.0072917 0.0111111
2 0.561979 0.529167 0.0333333 0.137963
2 0.4875 0.535648 0.015625 0.14537
2 0.509115 0.494444 0.0098958 0.062963
2 0.516667 0.495833 0.0104167 0.0546296
2 0.536458 0.532407 0.0333333 0.135185
2 0.501562 0.536111 0.0291667 0.166667
2 0.538542 0.509259 0.01875 0.0796296
