1 0.632552 0.550926 0.122396 0.0462963
1 0.927604 0.600463 0.135417 0.14537
2 0.492188 0.533333 0.0302083 0.161111
2 0.47474 0.540278 0.0348958 0.158333
2 0.395573 0.525463 0.0265625 0.176852
2 0.377865 0.521296 0.0255208 0.17037
2 0.347917 0.537037 0.0333333 0.17037
2 0.31901 0.527315 0.0286458 0.15463
2 0.273438 0.55 0.0302083 0.181481
2 0.414583 0.540741 0.053125 0.209259
2 0.522396 0.501389 0.0145833 0.0583333
2 0.480729 0.511111 0.0197917 0.0907407
2 0.573177 0.498148 0.0098958 0.0462963
2 0.580208 0.496759 0.0104167 0.0416667
2 0.454948 0.486574 0.0109375 0.0509259
