2 0.926302 0.550463 0.0223958 0.128704
2 0.854948 0.559722 0.0338542 0.139815
2 0.738021 0.55787 0.0145833 0.102778
2 0.75599 0.557407 0.0203125 0.109259
0 0.54349 0.476852 0.0140625 0.012963
2 0.932813 0.518982 0.0229167 0.0990741
2 0.948177 0.543518 0.0223958 0.1
2 0.897135 0.529167 0.0203125 0.110185
2 0.458854 0.558796 0.0083333 0.0416667
1 0.525521 0.565741 0.05 0.0092593
2 0.139583 0.581944 0.0125 0.0712963
2 0.0205729 0.59537 0.0119792 0.0962963
2 0.0382813 0.605093 0.0151042 0.132407
2 0.0583333 0.615278 0.0145833 0.147222
2 0.0776042 0.618518 0.0364583 0.140741
