2 0.802344 0.466204 0.0182292 0.0916667
2 0.0869792 0.509722 0.0260417 0.121296
2 0.0315104 0.501852 0.0255208 0.142593
2 0.289844 0.466667 0.0119792 0.05
2 0.408073 0.449074 0.0119792 0.0407407
2 0.61224 0.447222 0.0088542 0.0351852
2 0.44974 0.450926 0.0067708 0.0296296
2 0.623958 0.45 0.0104167 0.0518519
2 0.63724 0.446759 0.0098958 0.0416667
2 0.0138021 0.507407 0.0255208 0.114815
2 0.657031 0.449074 0.0109375 0.05
2 0.568229 0.448611 0.0083333 0.0342593
2 0.441406 0.453241 0.0098958 0.0324074
