2 0.530208 0.469907 0.0145833 0.0546296
2 0.464323 0.471759 0.0182292 0.0657407
2 0.447135 0.473148 0.0130208 0.062963
2 0.363021 0.473148 0.0125 0.05
2 0.341146 0.474074 0.0125 0.0518519
2 0.324219 0.477315 0.0140625 0.0564815
2 0.278385 0.476852 0.0140625 0.0666667
2 0.225781 0.481019 0.0171875 0.0675926
2 0.147656 0.484259 0.0098958 0.0592593
2 0.130729 0.490741 0.0114583 0.0518519
2 0.11875 0.490741 0.0125 0.0611111
2 0.105729 0.490278 0.0125 0.0601852
2 0.0971354 0.492593 0.0109375 0.0592593
2 0.0893229 0.489815 0.0098958 0.0611111
2 0.0763021 0.485185 0.0109375 0.0555556
2 0.0453125 0.498611 0.0135417 0.0712963
2 0.210156 0.465741 0.0057292 0.0203704
1 0.465625 0.5 0.121875 0.0148148
0 0.269792 0.434722 0.00625 0.0175926
0 0.523698 0.405093 0.0067708 0.0194444
