2 0.859896 0.369444 0.021875 0.0925926
2 0.288802 0.428704 0.0265625 0.124074
2 0.267969 0.427778 0.0286458 0.15
2 0.0364583 0.480093 0.0583333 0.286111
2 0.109635 0.409259 0.0203125 0.1
2 0.904167 0.379167 0.0239583 0.106481
2 0.0893229 0.410185 0.0203125 0.101852
2 0.889583 0.384259 0.015625 0.0925926
2 0.928125 0.363426 0.015625 0.0953704
2 0.941927 0.368056 0.0161458 0.087963
2 0.28099 0.452315 0.0182292 0.0805556
2 0.38724 0.377778 0.0098958 0.0537037
1 0.275 0.503241 0.334375 0.0694444
1 0.817187 0.487037 0.252083 0.0518519
