1 0.482031 0.805093 0.946354 0.265741
2 0.0778646 0.540741 0.0265625 0.157407
2 0.265104 0.54537 0.028125 0.118519
2 0.310677 0.547685 0.0286458 0.139815
2 0.80599 0.593518 0.0713542 0.22963
2 0.407292 0.538426 0.0177083 0.110185
2 0.38724 0.537963 0.0255208 0.122222
2 0.28125 0.554167 0.0229167 0.0972222
2 0.684635 0.585185 0.0526042 0.251852
2 0.447135 0.533796 0.0234375 0.119444
2 0.152604 0.509259 0.0145833 0.0740741
2 0.191146 0.533333 0.0166667 0.1
2 0.109896 0.531482 0.0177083 0.107407
2 0.13724 0.531482 0.0171875 0.0944444
2 0.978385 0.691667 0.0432292 0.501852
