2 0.7875 0.464352 0.0166667 0.0824074
2 0.16875 0.493056 0.021875 0.113889
2 0.116406 0.484259 0.0192708 0.109259
2 0.433073 0.450463 0.0057292 0.0305556
2 0.0921875 0.497222 0.021875 0.116667
2 0.320573 0.464815 0.0109375 0.0462963
2 0.425 0.45787 0.0083333 0.0398148
2 0.627083 0.444444 0.0072917 0.0333333
2 0.471354 0.448611 0.00625 0.0287037
2 0.76276 0.458333 0.0130208 0.0555556
2 0.0377604 0.49537 0.0223958 0.125926
2 0.438281 0.449537 0.0067708 0.0287037
2 0.650781 0.45 0.0088542 0.0462963
2 0.464844 0.458333 0.0109375 0.0444444
