2 0.021875 0.493056 0.015625 0.0768519
2 0.0533854 0.473611 0.0078125 0.037963
2 0.0611979 0.476389 0.0098958 0.0453704
2 0.0690104 0.476389 0.0078125 0.0361111
2 0.0760417 0.480093 0.0104167 0.0546296
2 0.0867187 0.480093 0.0109375 0.0527778
2 0.103906 0.485185 0.0109375 0.0611111
2 0.114844 0.485185 0.0119792 0.0611111
2 0.135156 0.483333 0.0119792 0.0666667
2 0.172917 0.479167 0.0177083 0.0805556
2 0.247396 0.472685 0.015625 0.0657407
2 0.297396 0.472685 0.0166667 0.0675926
2 0.364583 0.468056 0.0114583 0.0546296
2 0.44401 0.465278 0.0223958 0.0712963
2 0.465104 0.465741 0.0135417 0.0685185
2 0.205729 0.459722 0.0052083 0.0212963
2 0.150521 0.476389 0.0166667 0.0694444
1 0.463021 0.497222 0.128125 0.0185185
0 0.265365 0.428704 0.0067708 0.0185185
0 0.525781 0.398148 0.0067708 0.0203704
