2 0.586458 0.459259 0.0302083 0.124074
2 0.456771 0.465278 0.028125 0.108333
2 0.328385 0.472685 0.0255208 0.110185
2 0.413542 0.458796 0.0229167 0.0768519
2 0.219271 0.477315 0.0197917 0.0787037
2 0.844792 0.438889 0.0333333 0.114815
2 0.909896 0.443056 0.0270833 0.113889
2 0.627083 0.453704 0.0229167 0.0888889
2 0.28151 0.457407 0.0098958 0.037037
2 0.0184896 0.485648 0.0161458 0.0824074
2 0.0377604 0.483333 0.0098958 0.0814815
2 0.70651 0.430556 0.0140625 0.0481481
1 0.522135 0.513889 0.306771 0.0314815
0 0.20625 0.0273148 0.0354167 0.0546296
0 0.826563 0.368056 0.0083333 0.0287037
0 0.835938 0.368519 0.0083333 0.0259259
