2 0.485677 0.451852 0.0088542 0.0351852
2 0.4625 0.452315 0.0072917 0.0361111
2 0.447396 0.451852 0.0072917 0.0388889
2 0.429948 0.451852 0.0057292 0.0333333
2 0.365885 0.455556 0.0057292 0.0333333
2 0.438021 0.45 0.0072917 0.0351852
2 0.209115 0.462037 0.0088542 0.037037
2 0.193229 0.463889 0.0072917 0.037037
2 0.189063 0.464815 0.00625 0.0314815
2 0.0481771 0.473148 0.0088542 0.0444444
0 0.0934896 0.298148 0.0130208 0.0592593
0 0.138542 0.2875 0.0135417 0.0583333
2 0.423438 0.450926 0.0083333 0.0333333
2 0.21875 0.45787 0.0052083 0.0324074
2 0.227083 0.456481 0.0072917 0.0296296
