2 0.594271 0.478241 0.0114583 0.0583333
2 0.515365 0.468982 0.0182292 0.0527778
2 0.481771 0.470833 0.01875 0.0546296
2 0.428906 0.471296 0.0130208 0.0537037
2 0.382292 0.474074 0.0125 0.0537037
2 0.360938 0.472222 0.015625 0.0462963
2 0.345573 0.469907 0.0119792 0.0509259
2 0.314063 0.472685 0.0104167 0.0546296
2 0.23125 0.475 0.0125 0.0518519
2 0.214062 0.479167 0.0125 0.0546296
2 0.163021 0.482407 0.015625 0.05
2 0.147135 0.483796 0.0109375 0.0509259
2 0.134635 0.482407 0.0109375 0.0518519
2 0.125521 0.48287 0.009375 0.0509259
2 0.116927 0.486574 0.0098958 0.0564815
2 0.111198 0.483333 0.0088542 0.0444444
2 0.0940104 0.474074 0.0067708 0.0351852
2 0.0869792 0.477315 0.0083333 0.0398148
2 0.100781 0.485185 0.0088542 0.0444444
2 0.0716146 0.490741 0.0119792 0.062963
0 0.275 0.434722 0.00625 0.0175926
0 0.522135 0.406018 0.0067708 0.0194444
