2 0.576042 0.429167 0.00729167 0.0268519
2 0.589323 0.439815 0.0078125 0.0296296
2 0.677344 0.501852 0.0307292 0.135185
2 0.714583 0.4875 0.0239583 0.119444
2 0.447396 0.471759 0.0125 0.0398148
2 0.420833 0.487963 0.01875 0.0555556
2 0.848958 0.49213 0.0375 0.184259
2 0.453385 0.478241 0.0130208 0.0472222
2 0.388802 0.485648 0.00885417 0.037963
2 0.332552 0.513426 0.0286458 0.0972222
2 0.405469 0.486111 0.00989583 0.0592593
2 0.483594 0.46713 0.0130208 0.0472222
1 0.359115 0.577778 0.180729 0.0462963
1 0.654948 0.572685 0.0901042 0.0472222
