2 0.967708 0.503241 0.046875 0.287963
2 0.764844 0.60787 0.0484375 0.252778
2 0.727865 0.652315 0.0588542 0.265741
2 0.655208 0.665278 0.0604167 0.271296
2 0.671615 0.561111 0.0171875 0.107407
2 0.654948 0.583333 0.0338542 0.172222
2 0.529948 0.687037 0.129688 0.4
2 0.529948 0.622222 0.0453125 0.212963
2 0.492188 0.580093 0.0177083 0.0898148
2 0.461198 0.626852 0.0463542 0.25
2 0.415885 0.627778 0.0380208 0.257407
2 0.34349 0.575 0.0213542 0.0851852
2 0.320313 0.573148 0.0177083 0.0888889
2 0.277344 0.568982 0.0234375 0.087963
2 0.204167 0.645833 0.10625 0.378704
2 0.157292 0.578241 0.01875 0.117593
2 0.0934896 0.5625 0.0140625 0.0731481
2 0.0450521 0.559259 0.0151042 0.0777778
1 0.0768229 0.752778 0.153646 0.162963
1 0.358073 0.76713 0.146354 0.180556
0 0.243229 0.0842593 0.0322917 0.133333
0 0.408594 0.0833333 0.0317708 0.12037
2 0.602865 0.643056 0.0442708 0.328704
