2 0.8 0.540741 0.015625 0.1
2 0.810156 0.53287 0.0203125 0.0972222
2 0.896354 0.534722 0.0229167 0.121296
0 0.509375 0.490741 0.0114583 0.012963
2 0.597135 0.550926 0.0109375 0.0444444
2 0.954427 0.513426 0.0328125 0.15463
2 0.2 0.596296 0.0208333 0.105556
2 0.745052 0.556944 0.0380208 0.139815
2 0.769531 0.582407 0.0557292 0.233333
2 0.0270833 0.601852 0.0239583 0.0962963
2 0.584635 0.55 0.0119792 0.0518519
2 0.624479 0.537037 0.009375 0.0351852
2 0.572656 0.549074 0.0098958 0.0444444
2 0.716406 0.53287 0.0140625 0.0583333
2 0.154167 0.578241 0.0114583 0.0583333
