2 0.540625 0.450463 0.0177083 0.0638889
2 0.564583 0.445833 0.0135417 0.0712963
2 0.244271 0.476389 0.021875 0.0805556
2 0.396875 0.460185 0.0135417 0.0592593
2 0.322917 0.463426 0.0145833 0.0731481
2 0.707552 0.434259 0.0140625 0.0666667
2 0.376042 0.456019 0.0114583 0.0564815
2 0.660677 0.43287 0.0119792 0.0435185
2 0.167708 0.4625 0.009375 0.0361111
2 0.527865 0.434722 0.0078125 0.0324074
2 0.573438 0.435185 0.0104167 0.037037
2 0.733594 0.431019 0.0088542 0.0435185
0 0.321354 0.199074 0.021875 0.0796296
0 0.53099 0.361574 0.0067708 0.025
