2 0.664583 0.508333 0.0104167 0.05
2 0.653385 0.50787 0.0161458 0.0657407
2 0.711198 0.511111 0.0098958 0.0481481
0 0.703385 0.397222 0.0171875 0.0666667
0 0.603385 0.460185 0.0098958 0.0333333
0 0.559635 0.390278 0.0098958 0.0398148
0 0.529948 0.389815 0.0119792 0.0407407
0 0.50599 0.391667 0.0109375 0.0388889
1 0.376302 0.545833 0.0296875 0.0157407
2 0.459375 0.516667 0.015625 0.0462963
0 0.121875 0.472222 0.0083333 0.0314815
2 0.12526 0.509722 0.0109375 0.0435185
0 0.107813 0.477315 0.009375 0.0342593
