0 0.541927 0.492593 0.0067708 0.0185185
0 0.0989583 0.451389 0.0072917 0.0175926
1 0.43724 0.769907 0.856771 0.215741
1 0.755729 0.616667 0.23125 0.0703704
2 0.510677 0.551389 0.0119792 0.0527778
2 0.632031 0.591204 0.0265625 0.136111
2 0.967448 0.596296 0.0151042 0.087037
2 0.946094 0.59213 0.0161458 0.0842593
1 0.665365 0.601852 0.0255208 0.122222
2 0.598958 0.558796 0.0114583 0.0416667
2 0.719271 0.575463 0.0125 0.0694444
2 0.745833 0.581944 0.0177083 0.0898148
2 0.789583 0.592593 0.0197917 0.0944444
2 0.0744792 0.508796 0.009375 0.0490741
2 0.61849 0.566667 0.0098958 0.0537037
2 0.475781 0.54537 0.0088542 0.0351852
