2 0.908854 0.490278 0.01875 0.0824074
2 0.860156 0.49213 0.0328125 0.108333
2 0.778385 0.47963 0.0255208 0.0907407
2 0.671094 0.487037 0.0255208 0.105556
2 0.634635 0.464352 0.0067708 0.0287037
2 0.69349 0.461574 0.0078125 0.0212963
2 0.594531 0.489815 0.0276042 0.0888889
2 0.550521 0.490278 0.021875 0.0916667
2 0.503646 0.496759 0.0177083 0.0953704
2 0.489583 0.494907 0.01875 0.087963
2 0.432813 0.476389 0.009375 0.0509259
2 0.427083 0.493519 0.0208333 0.0740741
2 0.413281 0.496296 0.0151042 0.0962963
2 0.390625 0.488889 0.0125 0.0666667
2 0.380208 0.5 0.0197917 0.087037
2 0.354688 0.49213 0.0135417 0.0638889
2 0.328906 0.507407 0.0203125 0.103704
2 0.316146 0.509259 0.0197917 0.103704
2 0.236719 0.518519 0.0307292 0.133333
2 0.157552 0.513889 0.0244792 0.107407
2 0.109896 0.486574 0.009375 0.0416667
1 0.0708333 0.553241 0.133333 0.0509259
1 0.64375 0.55 0.707292 0.0611111
0 0.688021 0.426389 0.00625 0.0194444
0 0.977604 0.403241 0.009375 0.025
0 0.995313 0.405093 0.0072917 0.025
