1 0.407292 0.544907 0.136458 0.0916667
1 0.499479 0.825926 0.997917 0.166667
2 0.848177 0.519444 0.0265625 0.138889
2 0.802865 0.488426 0.0130208 0.0564815
2 0.376823 0.476389 0.0098958 0.0435185
2 0.359375 0.471759 0.00625 0.0435185
2 0.36875 0.472222 0.0072917 0.0388889
0 0.192969 0.275 0.0140625 0.0648148
2 0.352083 0.472222 0.0072917 0.0462963
1 0.838281 0.62037 0.320313 0.0759259
2 0.458073 0.473148 0.0119792 0.0537037
2 0.48151 0.474074 0.0119792 0.0611111
2 0.825521 0.480556 0.0072917 0.0314815
0 0.410156 0.390741 0.0109375 0.0296296
