2 0.158073 0.480093 0.0171875 0.0787037
2 0.188542 0.518056 0.0260417 0.119444
2 0.246094 0.478704 0.0078125 0.0407407
2 0.257031 0.474074 0.0119792 0.0592593
2 0.265365 0.467593 0.0109375 0.062963
2 0.278906 0.478704 0.0151042 0.0574074
2 0.297135 0.476389 0.0151042 0.062037
2 0.517187 0.446296 0.0052083 0.0296296
2 0.542188 0.455093 0.0083333 0.037963
2 0.550521 0.475463 0.0114583 0.0564815
2 0.577604 0.465741 0.0135417 0.0574074
2 0.685938 0.50463 0.0270833 0.172222
2 0.720573 0.513426 0.0421875 0.234259
2 0.26901 0.486574 0.0098958 0.0361111
2 0.21276 0.477315 0.0119792 0.0583333
2 0.349479 0.455093 0.0072917 0.0361111
2 0.357552 0.45463 0.0078125 0.0351852
2 0.201823 0.468982 0.0088542 0.0657407
2 0.0817708 0.488889 0.0239583 0.116667
