2 0.16901 0.514352 0.0130208 0.0638889
2 0.17526 0.498611 0.0161458 0.100926
2 0.20625 0.5125 0.015625 0.0398148
2 0.257552 0.497222 0.0171875 0.0685185
2 0.267448 0.516204 0.0119792 0.0453704
2 0.29375 0.493056 0.0145833 0.0657407
2 0.542188 0.477778 0.0125 0.0611111
2 0.554688 0.496296 0.0208333 0.0925926
2 0.586198 0.475 0.0098958 0.0537037
2 0.0414062 0.508796 0.0369792 0.176852
2 0.53125 0.476852 0.0135417 0.0555556
2 0.288281 0.511574 0.0140625 0.0509259
2 0.632552 0.473148 0.0130208 0.062963
2 0.520833 0.450926 0.0072917 0.0351852
