2 0.347656 0.424537 0.0098958 0.0435185
2 0.358333 0.422222 0.0114583 0.0518519
2 0.546615 0.415278 0.0109375 0.0435185
2 0.585677 0.416667 0.0098958 0.0537037
2 0.593229 0.418981 0.009375 0.0638889
2 0.608073 0.413426 0.0130208 0.0472222
2 0.632813 0.419444 0.015625 0.0777778
2 0.645833 0.408333 0.0114583 0.0555556
2 0.764323 0.420833 0.0203125 0.0898148
2 0.779948 0.431944 0.0234375 0.115741
2 0.822656 0.453241 0.0234375 0.14537
2 0.884115 0.484722 0.0276042 0.0935185
1 0.532292 0.438889 0.053125 0.0111111
1 0.401823 0.442593 0.0744792 0.0111111
0 0.52526 0.348148 0.0067708 0.0259259
0 0.548698 0.37963 0.0078125 0.0203704
2 0.919531 0.416667 0.0151042 0.0907407
