2 0.580729 0.462037 0.0458333 0.137037
2 0.48099 0.467593 0.0401042 0.122222
2 0.332031 0.471759 0.0317708 0.119444
2 0.427865 0.463426 0.0234375 0.0787037
2 0.160938 0.483333 0.03125 0.103704
2 0.91849 0.444907 0.0421875 0.143518
2 0.657552 0.453704 0.0234375 0.0888889
2 0.313021 0.456019 0.0104167 0.037963
2 0.76849 0.431944 0.0151042 0.0564815
2 0.828906 0.433333 0.0109375 0.0481481
2 0.0919271 0.471296 0.0098958 0.0481481
1 0.532031 0.527315 0.361979 0.0416667
0 0.842969 0.36713 0.0078125 0.0287037
0 0.852604 0.36713 0.0083333 0.025
