2 0.535417 0.450926 0.0145833 0.0537037
2 0.551823 0.447222 0.0119792 0.0574074
2 0.819531 0.464352 0.0296875 0.143518
2 0.317969 0.473611 0.0130208 0.075
2 0.377344 0.454167 0.0140625 0.0472222
2 0.46224 0.443518 0.0078125 0.0351852
2 0.396354 0.454167 0.0114583 0.0509259
2 0.446354 0.448611 0.0083333 0.0342593
2 0.646354 0.436574 0.0083333 0.0472222
2 0.655729 0.440278 0.0125 0.0546296
2 0.336198 0.461111 0.0151042 0.0555556
0 0.357552 0.251389 0.0171875 0.0638889
0 0.529167 0.367593 0.00625 0.0222222
