0 0.517708 0.410648 0.0114583 0.0398148
0 0.540104 0.411111 0.0104167 0.0388889
0 0.567187 0.410185 0.0114583 0.0407407
0 0.686719 0.421296 0.0161458 0.0574074
0 0.14375 0.492593 0.0083333 0.0296296
2 0.986719 0.511574 0.0213542 0.0916667
2 0.914063 0.514815 0.015625 0.0796296
2 0.642187 0.518056 0.0125 0.0601852
2 0.691927 0.519444 0.0098958 0.0444444
0 0.606771 0.47963 0.0125 0.0425926
2 0.651302 0.516204 0.0098958 0.0398148
2 0.154167 0.522685 0.0104167 0.0398148
0 0.159635 0.489815 0.0078125 0.0296296
