2 0.41224 0.541667 0.0098958 0.0314815
1 0.879427 0.65787 0.116146 0.108333
2 0.617188 0.537963 0.0125 0.0574074
2 0.646354 0.535648 0.0135417 0.0675926
1 0.682552 0.655556 0.182812 0.0925926
2 0.682813 0.551389 0.01875 0.106481
2 0.0414062 0.564815 0.0223958 0.112963
2 0.819271 0.533796 0.015625 0.0768519
2 0.904688 0.555556 0.025 0.133333
2 0.932031 0.543518 0.0203125 0.118519
2 0.729427 0.534259 0.0130208 0.0703704
2 0.723437 0.537037 0.0125 0.0685185
2 0.588021 0.539352 0.015625 0.0768519
2 0.759115 0.552778 0.0171875 0.0851852
2 0.802865 0.59537 0.0484375 0.159259
2 0.745052 0.550463 0.0119792 0.0638889
2 0.65599 0.534722 0.0119792 0.0601852
