2 0.266146 0.477315 0.0072917 0.0435185
2 0.273698 0.476852 0.0067708 0.0462963
2 0.283854 0.478704 0.0083333 0.05
2 0.291146 0.476852 0.0104167 0.0518519
2 0.371615 0.486574 0.0286458 0.130556
2 0.379687 0.496296 0.0385417 0.107407
2 0.559896 0.52037 0.0302083 0.168518
2 0.813542 0.498148 0.0145833 0.0648148
2 0.783854 0.486574 0.009375 0.037963
2 0.879687 0.538426 0.025 0.186111
2 0.929167 0.499537 0.009375 0.0435185
0 0.0825521 0.252315 0.0161458 0.0731481
1 0.222135 0.487963 0.0494792 0.0092593
1 0.419792 0.578704 0.35625 0.137037
1 0.875781 0.684259 0.243229 0.133333
2 0.954687 0.497222 0.0114583 0.0555556
2 0.770312 0.486111 0.0104167 0.0425926
2 0.600521 0.512963 0.0239583 0.148148
2 0.426562 0.479167 0.0145833 0.0527778
0 0.324479 0.383796 0.0125 0.0324074
1 0.451302 0.676389 0.338021 0.075
