2 0.982813 0.514815 0.03125 0.131481
2 0.836198 0.539815 0.0234375 0.114815
2 0.788021 0.6 0.0385417 0.187037
2 0.758333 0.59213 0.040625 0.213889
2 0.716406 0.565741 0.0255208 0.101852
2 0.696354 0.574074 0.0197917 0.107407
2 0.658073 0.585185 0.0276042 0.159259
2 0.675781 0.580093 0.0276042 0.100926
2 0.624219 0.591204 0.0265625 0.156482
2 0.552083 0.577778 0.0177083 0.0944444
2 0.480469 0.574074 0.0276042 0.114815
2 0.41224 0.573148 0.0223958 0.0888889
2 0.336719 0.572222 0.0286458 0.112963
2 0.218229 0.573148 0.0260417 0.1
2 0.179167 0.55 0.0104167 0.0555556
2 0.104427 0.561574 0.0182292 0.0824074
2 0.244271 0.569907 0.021875 0.0898148
2 0.644271 0.575926 0.021875 0.107407
2 0.280729 0.574074 0.0239583 0.0925926
2 0.0067708 0.533796 0.0135417 0.0638889
2 0.0151042 0.549537 0.0135417 0.0657407
2 0.745833 0.563889 0.0208333 0.109259
2 0.148958 0.5625 0.0145833 0.0861111
1 0.398698 0.62037 0.402604 0.0222222
1 0.9 0.627778 0.2 0.142593
0 0.449479 0.274074 0.021875 0.0888889
0 0.542188 0.271296 0.0197917 0.0833333
