2 0.939844 0.555093 0.0369792 0.249074
2 0.80599 0.479167 0.0140625 0.0712963
2 0.61276 0.498148 0.0276042 0.162963
2 0.578125 0.549537 0.059375 0.284259
2 0.422917 0.460648 0.0114583 0.0527778
2 0.332812 0.468518 0.0125 0.062963
2 0.315365 0.475926 0.0151042 0.0666667
2 0.276042 0.468056 0.0145833 0.0768519
2 0.289063 0.460185 0.0104167 0.0574074
2 0.202083 0.472685 0.0333333 0.110185
2 0.167969 0.468982 0.0098958 0.0657407
2 0.179948 0.468518 0.0119792 0.0648148
1 0.133073 0.477778 0.0515625 0.0092593
1 0.419792 0.630093 0.834375 0.269444
1 0.525521 0.814352 0.94375 0.276852
0 0.227865 0.363426 0.0130208 0.0361111
