2 0.976302 0.460648 0.0192708 0.121296
2 0.928646 0.453241 0.015625 0.0824074
2 0.798177 0.448148 0.0203125 0.0833333
2 0.655729 0.444907 0.015625 0.0453704
2 0.582812 0.44213 0.009375 0.0287037
2 0.759115 0.4375 0.0130208 0.0527778
2 0.730208 0.446296 0.009375 0.05
2 0.848437 0.456481 0.0177083 0.0888889
2 0.769531 0.433333 0.0109375 0.0444444
2 0.710938 0.437963 0.009375 0.0407407
2 0.739583 0.441204 0.0114583 0.0527778
2 0.0736979 0.455556 0.0088542 0.0537037
2 0.938802 0.446296 0.0140625 0.0666667
2 0.0614583 0.456019 0.009375 0.0453704
2 0.629687 0.439352 0.009375 0.0398148
2 0.786979 0.437037 0.0145833 0.062963
2 0.721615 0.438426 0.0098958 0.037963
2 0.0682292 0.456481 0.0104167 0.0444444
2 0.0179687 0.460185 0.0140625 0.0648148
