2 0.120573 0.528241 0.0161458 0.0787037
2 0.143229 0.519907 0.0270833 0.117593
2 0.154948 0.522685 0.0171875 0.0861111
2 0.214323 0.50787 0.0192708 0.0972222
2 0.228646 0.518056 0.0145833 0.0601852
2 0.23099 0.498611 0.0192708 0.0898148
2 0.247396 0.481944 0.0135417 0.0805556
2 0.264062 0.492593 0.0104167 0.0555556
2 0.261719 0.512037 0.0130208 0.0574074
2 0.31901 0.441204 0.0098958 0.0398148
2 0.339583 0.438426 0.0104167 0.0361111
2 0.49349 0.417593 0.0067708 0.0259259
2 0.50625 0.42963 0.00625 0.0296296
2 0.514583 0.440741 0.0072917 0.0314815
2 0.513281 0.471296 0.0119792 0.0518519
2 0.522917 0.471759 0.0135417 0.062037
2 0.548177 0.486111 0.0109375 0.037037
2 0.557292 0.474074 0.0145833 0.0685185
2 0.577344 0.471296 0.0151042 0.0740741
2 0.598177 0.478241 0.0151042 0.0731481
2 0.611979 0.483796 0.0145833 0.0527778
2 0.78125 0.554167 0.0708333 0.325
2 0.114583 0.508796 0.0125 0.0861111
2 0.36901 0.443981 0.0078125 0.0361111
2 0.360156 0.448148 0.0088542 0.037037
2 0.255469 0.483796 0.0130208 0.0768519
