2 0.852344 0.368056 0.0213542 0.0916667
2 0.296615 0.422685 0.0348958 0.134259
2 0.276042 0.422685 0.0270833 0.141667
2 0.0619792 0.475926 0.0572917 0.283333
2 0.122917 0.403704 0.0197917 0.101852
2 0.88151 0.375 0.0182292 0.0907407
2 0.901823 0.374074 0.0234375 0.103704
2 0.100781 0.406482 0.0203125 0.101852
2 0.918229 0.360185 0.0166667 0.087037
2 0.288542 0.449537 0.0177083 0.0787037
2 0.392969 0.376852 0.0098958 0.0518519
1 0.264583 0.494444 0.290625 0.0703704
1 0.808073 0.477315 0.213021 0.0435185
