2 0.136198 0.603241 0.0286458 0.125
2 0.90651 0.527315 0.0203125 0.0935185
2 0.872917 0.514815 0.0177083 0.0888889
2 0.857031 0.518982 0.0151042 0.087963
2 0.68724 0.550926 0.0151042 0.087037
2 0.697917 0.549074 0.0166667 0.0907407
2 0.647135 0.546296 0.0140625 0.0685185
0 0.527604 0.472685 0.0135417 0.012037
2 0.0861979 0.599074 0.0182292 0.103704
2 0.103125 0.593518 0.015625 0.109259
2 0.115625 0.585185 0.0177083 0.109259
2 0.0510417 0.601852 0.0197917 0.118519
2 0.0221354 0.612037 0.0213542 0.127778
2 0.0723958 0.600926 0.0229167 0.116667
2 0.179427 0.575 0.0109375 0.0592593
2 0.0367188 0.599537 0.0182292 0.119444
2 0.148177 0.600926 0.0203125 0.133333
2 0.331771 0.560185 0.0083333 0.0444444
2 0.338542 0.560648 0.009375 0.0453704
