1 0.558594 0.805556 0.811979 0.314815
2 0.229427 0.538889 0.0317708 0.140741
2 0.892708 0.608796 0.0625 0.310185
2 0.375521 0.535648 0.0260417 0.110185
2 0.430469 0.544444 0.0255208 0.118519
2 0.781771 0.576852 0.0729167 0.233333
2 0.51224 0.526852 0.0161458 0.101852
2 0.486719 0.526852 0.0234375 0.112963
2 0.391667 0.543518 0.0208333 0.087037
2 0.715885 0.554167 0.0359375 0.182407
2 0.98099 0.598611 0.0348958 0.243519
2 0.540625 0.528704 0.021875 0.111111
2 0.0210938 0.52037 0.0078125 0.0259259
