2 0.369792 0.466204 0.0125 0.0472222
2 0.535156 0.440278 0.0098958 0.0361111
2 0.54401 0.45463 0.0078125 0.037037
2 0.655729 0.508333 0.015625 0.0777778
2 0.68125 0.502315 0.0260417 0.100926
2 0.703906 0.508796 0.0182292 0.0842593
2 0.360417 0.452778 0.009375 0.037037
2 0.325 0.450926 0.0104167 0.0481481
2 0.318229 0.458333 0.0072917 0.0425926
2 0.350521 0.451852 0.0072917 0.0407407
2 0.380469 0.453241 0.0088542 0.0398148
2 0.336458 0.453704 0.00625 0.0296296
2 0.342969 0.453241 0.0078125 0.0435185
