2 0.210677 0.491667 0.0161458 0.0944444
2 0.109115 0.507407 0.0411458 0.133333
2 0.464323 0.476389 0.0109375 0.0398148
2 0.254427 0.4625 0.0067708 0.0305556
2 0.173438 0.476852 0.0114583 0.0537037
2 0.0807292 0.47037 0.0072917 0.0314815
2 0.142969 0.46713 0.0098958 0.037963
2 0.154948 0.4625 0.0098958 0.037963
2 0.571875 0.481019 0.0114583 0.037963
2 0.740365 0.496759 0.0078125 0.0342593
0 0.926302 0.381944 0.0098958 0.0398148
0 0.967448 0.387963 0.0098958 0.037037
1 0.0403646 0.546759 0.0807292 0.0398148
