2 0.245312 0.47037 0.0072917 0.0462963
2 0.253646 0.469907 0.0083333 0.0453704
2 0.264062 0.472685 0.0083333 0.0509259
2 0.270833 0.472222 0.0104167 0.0537037
2 0.335938 0.47963 0.0291667 0.12037
2 0.341667 0.485648 0.0364583 0.106481
2 0.555469 0.515741 0.0317708 0.17963
2 0.813542 0.488426 0.0166667 0.0657407
2 0.772396 0.473148 0.009375 0.0444444
2 0.888281 0.533333 0.0265625 0.198148
2 0.918229 0.490278 0.009375 0.0435185
0 0.0567708 0.243519 0.0166667 0.0740741
1 0.203906 0.482407 0.0494792 0.0092593
1 0.399479 0.584722 0.395833 0.169444
2 0.946094 0.486574 0.0130208 0.0564815
2 0.75651 0.475926 0.0109375 0.0444444
2 0.594271 0.50463 0.0239583 0.151852
2 0.394531 0.473148 0.0151042 0.0555556
1 0.610937 0.6875 0.778125 0.141667
2 0.415885 0.474537 0.0119792 0.0527778
2 0.980729 0.49213 0.0135417 0.0657407
2 0.488281 0.469907 0.0119792 0.0490741
2 0.61276 0.487037 0.0161458 0.114815
2 0.833073 0.481481 0.0109375 0.0481481
0 0.304688 0.375926 0.0125 0.0333333
