2 0.16901 0.512963 0.0130208 0.0648148
2 0.205208 0.5125 0.015625 0.0398148
2 0.257552 0.496296 0.0171875 0.0685185
2 0.267708 0.515278 0.0125 0.0472222
2 0.295573 0.492593 0.0151042 0.0685185
2 0.542969 0.477315 0.0119792 0.0601852
2 0.556771 0.497222 0.021875 0.0962963
2 0.585417 0.475 0.0125 0.0537037
2 0.0489583 0.505556 0.0322917 0.159259
2 0.532292 0.475463 0.0135417 0.0564815
2 0.289583 0.510648 0.0135417 0.0490741
2 0.628906 0.474074 0.0182292 0.0648148
2 0.520833 0.45 0.0072917 0.0351852
