2 0.285156 0.575926 0.0234375 0.0925926
2 0.972135 0.530556 0.0213542 0.118519
1 0.501302 0.571759 0.0807292 0.0101852
0 0.51901 0.452778 0.0171875 0.0185185
2 0.0796875 0.576389 0.0197917 0.0990741
2 0.835677 0.543056 0.0192708 0.0953704
2 0.807552 0.528704 0.0140625 0.0611111
2 0.878906 0.545833 0.0182292 0.113889
2 0.890885 0.576389 0.0328125 0.15463
2 0.906771 0.544444 0.0229167 0.118519
2 0.820313 0.541667 0.0166667 0.0888889
2 0.0294271 0.573148 0.0203125 0.105556
2 0.210938 0.555556 0.0125 0.0555556
2 0.850781 0.541204 0.0151042 0.087963
2 0.859375 0.530093 0.0166667 0.087963
2 0.226563 0.55 0.0114583 0.0425926
