2 0.936719 0.522222 0.0338542 0.122222
2 0.785156 0.554167 0.0203125 0.10463
2 0.724219 0.596296 0.0359375 0.183333
2 0.695833 0.582407 0.0447917 0.192593
2 0.670833 0.575 0.028125 0.1
2 0.641667 0.571759 0.021875 0.100926
2 0.613021 0.58287 0.03125 0.150926
2 0.600781 0.577315 0.0182292 0.10463
2 0.58151 0.586111 0.0234375 0.148148
2 0.571354 0.586574 0.0197917 0.125
2 0.516406 0.581482 0.0213542 0.0962963
2 0.442187 0.57963 0.028125 0.12037
2 0.383594 0.569444 0.0255208 0.1
2 0.313542 0.572685 0.01875 0.0953704
2 0.295833 0.568519 0.0197917 0.0833333
2 0.277083 0.568519 0.0125 0.087037
2 0.272135 0.575926 0.0192708 0.0944444
2 0.255729 0.575926 0.028125 0.111111
2 0.175781 0.575926 0.0203125 0.087037
2 0.133333 0.562963 0.0197917 0.0851852
2 0.223698 0.552778 0.0119792 0.0537037
2 0.0078125 0.538889 0.0104167 0.0685185
2 0.0148437 0.546759 0.0119792 0.0601852
1 0.379687 0.619907 0.364583 0.025
1 0.864323 0.627315 0.267188 0.139815
0 0.449479 0.274074 0.021875 0.0888889
0 0.542188 0.271296 0.0197917 0.0833333
