2 0.284635 0.477315 0.0067708 0.0416667
2 0.292448 0.477778 0.0067708 0.0444444
2 0.301562 0.480556 0.0083333 0.05
2 0.308594 0.479167 0.0098958 0.0509259
2 0.406771 0.490278 0.025 0.137963
2 0.417969 0.5 0.0401042 0.112963
2 0.563542 0.519907 0.028125 0.158333
2 0.816667 0.502778 0.01875 0.062963
2 0.792969 0.489815 0.0098958 0.0407407
2 0.871875 0.5375 0.0239583 0.176852
2 0.939583 0.50463 0.009375 0.0425926
0 0.105208 0.25787 0.015625 0.0712963
1 0.239583 0.488889 0.05 0.0092593
1 0.413281 0.575463 0.294271 0.126852
1 0.872656 0.663889 0.252604 0.105556
2 0.961458 0.494907 0.0114583 0.0675926
2 0.985937 0.573611 0.028125 0.221296
0 0.341927 0.387963 0.0119792 0.0314815
1 0.4375 0.650926 0.240625 0.0481481
