2 0.533594 0.447685 0.0140625 0.0527778
2 0.546094 0.446759 0.0130208 0.0546296
2 0.739323 0.456944 0.0223958 0.108333
2 0.340625 0.466667 0.0145833 0.062963
2 0.377344 0.452778 0.0098958 0.0462963
2 0.44349 0.444907 0.0078125 0.0342593
2 0.396354 0.45463 0.0104167 0.0481481
2 0.425 0.448148 0.0083333 0.0314815
2 0.623438 0.444907 0.0114583 0.0546296
2 0.59401 0.443056 0.0098958 0.0490741
2 0.710417 0.438889 0.0104167 0.0518519
0 0.371615 0.271759 0.0151042 0.0564815
0 0.527344 0.37037 0.0057292 0.0222222
