2 0.0757812 0.551389 0.0317708 0.150926
2 0.152344 0.534722 0.0307292 0.130556
2 0.177865 0.524074 0.0223958 0.114815
2 0.2 0.539815 0.015625 0.0777778
2 0.194271 0.513426 0.0208333 0.0898148
2 0.213021 0.529167 0.0145833 0.0657407
2 0.261719 0.507407 0.0182292 0.0537037
2 0.322396 0.448148 0.0083333 0.0425926
2 0.521354 0.440278 0.0083333 0.0342593
2 0.532031 0.452315 0.0088542 0.037963
2 0.547917 0.485648 0.0166667 0.0787037
2 0.591667 0.505556 0.0125 0.0444444
2 0.613542 0.4875 0.0197917 0.0916667
2 0.634896 0.491667 0.0197917 0.0833333
2 0.64974 0.498611 0.0182292 0.0675926
2 0.61224 0.497222 0.0119792 0.0611111
2 0.0609375 0.530556 0.0208333 0.105556
2 0.223958 0.508796 0.01875 0.0601852
2 0.25 0.488889 0.015625 0.0814815
2 0.335938 0.452315 0.009375 0.0472222
2 0.0356771 0.524537 0.0213542 0.0842593
2 0.564844 0.484259 0.0161458 0.0814815
2 0.388021 0.448611 0.009375 0.037963
2 0.0182292 0.524537 0.0208333 0.160185
