2 0.9375 0.552778 0.0385417 0.135185
2 0.916667 0.551389 0.0364583 0.134259
2 0.728906 0.606481 0.0661458 0.185185
2 0.217969 0.553241 0.0119792 0.0583333
2 0.176563 0.558796 0.009375 0.062037
2 0.167448 0.55787 0.0109375 0.0675926
2 0.114063 0.559722 0.0145833 0.0712963
2 0.0572917 0.558333 0.015625 0.0833333
2 0.189844 0.562963 0.0119792 0.0388889
2 0.08125 0.557407 0.0125 0.0666667
2 0.989583 0.543981 0.0208333 0.158333
2 0.78125 0.597222 0.0322917 0.140741
2 0.123698 0.56713 0.0119792 0.075
2 0.0471354 0.559259 0.0119792 0.0814815
2 0.474219 0.556018 0.0057292 0.0194444
1 0.38151 0.668056 0.628646 0.0527778
1 0.891406 0.662037 0.211979 0.155556
0 0.440365 0.188426 0.0286458 0.115741
0 0.565625 0.188889 0.028125 0.109259
