2 0.404427 0.453241 0.0078125 0.037963
2 0.616406 0.452315 0.0130208 0.0657407
2 0.652344 0.45 0.0151042 0.0574074
2 0.539583 0.448148 0.009375 0.0407407
2 0.228125 0.465278 0.0135417 0.0546296
2 0.375 0.463889 0.0145833 0.0481481
2 0.691406 0.449537 0.0151042 0.0657407
2 0.602865 0.442593 0.0098958 0.0388889
2 0.208073 0.47037 0.0140625 0.0666667
2 0.704167 0.452778 0.0166667 0.062963
2 0.358594 0.457407 0.0078125 0.0407407
2 0.726042 0.45 0.0135417 0.0833333
0 0.43776 0.380093 0.0057292 0.0231481
