2 0.0239583 0.564352 0.0333333 0.180556
2 0.0604167 0.544444 0.021875 0.144444
2 0.15599 0.531944 0.0286458 0.14537
2 0.174219 0.524074 0.0192708 0.114815
2 0.184115 0.549074 0.0203125 0.0777778
2 0.197135 0.528241 0.0161458 0.0712963
2 0.217448 0.514352 0.0161458 0.0601852
2 0.373437 0.460648 0.0114583 0.0435185
2 0.383594 0.451389 0.0088542 0.037963
2 0.53125 0.4375 0.0083333 0.0324074
2 0.541406 0.452778 0.0078125 0.037037
2 0.560156 0.482407 0.0192708 0.0796296
2 0.622135 0.505556 0.0151042 0.0537037
2 0.635417 0.501389 0.0145833 0.0657407
2 0.660937 0.493982 0.01875 0.0972222
2 0.67526 0.5 0.0151042 0.0703704
2 0.364062 0.45 0.0083333 0.0351852
2 0.396615 0.451852 0.0088542 0.0351852
2 0.35625 0.447685 0.00625 0.037963
2 0.351042 0.450926 0.0072917 0.0407407
