2 0.0942708 0.428241 0.015625 0.0842593
2 0.0802083 0.423611 0.0145833 0.0787037
2 0.0583333 0.409259 0.0083333 0.0425926
2 0.0390625 0.498611 0.0416667 0.276852
2 0.642708 0.419444 0.0135417 0.0759259
2 0.990625 0.484722 0.01875 0.167593
1 0.43099 0.45 0.379687 0.0222222
1 0.499219 0.57963 0.995313 0.101852
1 0.910937 0.513889 0.169792 0.0462963
0 0.627865 0.228241 0.0338542 0.025
0 0.566146 0.221759 0.034375 0.0287037
0 0.144792 0.321759 0.0114583 0.0361111
0 0.754948 0.350463 0.0098958 0.0324074
