0 0.549219 0.384722 0.0078125 0.0231481
0 0.527344 0.353241 0.0088542 0.0287037
2 0.542448 0.423148 0.0119792 0.0518519
2 0.580729 0.422222 0.0125 0.0592593
2 0.589583 0.42037 0.0125 0.0555556
1 0.404687 0.443056 0.0614583 0.0101852
1 0.53125 0.440278 0.05625 0.0101852
2 0.622135 0.423611 0.0161458 0.075
2 0.367708 0.426852 0.0114583 0.0481481
2 0.603385 0.417593 0.0130208 0.0462963
2 0.729688 0.420833 0.0166667 0.0731481
2 0.746354 0.427778 0.0177083 0.111111
2 0.357552 0.427315 0.0067708 0.0398148
