2 0.0273438 0.499537 0.0109375 0.0509259
2 0.742708 0.629167 0.0385417 0.173148
2 0.692969 0.614352 0.0338542 0.178704
2 0.763802 0.5875 0.0203125 0.0953704
2 0.797917 0.597685 0.0229167 0.108333
2 0.626302 0.568056 0.0119792 0.0583333
2 0.63724 0.565741 0.0109375 0.05
2 0.438802 0.540741 0.0171875 0.05
2 0.502344 0.55 0.0140625 0.0537037
2 0.613021 0.557407 0.0104167 0.0444444
1 0.490365 0.869907 0.980729 0.197222
1 0.765625 0.626852 0.371875 0.107407
0 0.539844 0.488889 0.0078125 0.0222222
0 0.0635417 0.438889 0.00625 0.0203704
2 0.729688 0.575 0.015625 0.0666667
