1 0.748698 0.547222 0.0567708 0.0296296
2 0.807292 0.512037 0.021875 0.0944444
2 0.683073 0.496296 0.0109375 0.0518519
2 0.673437 0.501852 0.0125 0.0462963
2 0.664583 0.513889 0.0114583 0.0740741
2 0.647656 0.5125 0.0161458 0.0638889
2 0.623698 0.511574 0.0182292 0.075
2 0.58099 0.499537 0.0119792 0.037963
2 0.26875 0.500926 0.0135417 0.0574074
2 0.211198 0.503704 0.0140625 0.0574074
0 0.432552 0.466204 0.0067708 0.0101852
0 0.444531 0.464815 0.0078125 0.0092593
2 0.398438 0.500463 0.0072917 0.037963
