2 0.548698 0.46713 0.0182292 0.0768519
2 0.383594 0.463889 0.0119792 0.062963
2 0.373177 0.467593 0.0161458 0.0851852
2 0.34401 0.451852 0.0088542 0.0259259
2 0.309896 0.471759 0.0270833 0.075
2 0.274479 0.466204 0.0145833 0.075
2 0.247135 0.473611 0.0213542 0.0768519
2 0.241927 0.4625 0.0109375 0.0435185
2 0.164323 0.463889 0.0078125 0.037037
2 0.116927 0.4875 0.0203125 0.0898148
2 0.105469 0.484722 0.0119792 0.0787037
2 0.0682292 0.500926 0.0270833 0.114815
2 0.0497396 0.478241 0.0088542 0.0472222
2 0.0408854 0.475463 0.0078125 0.037963
2 0.0307292 0.490741 0.0145833 0.0703704
2 0.0098958 0.487037 0.0166667 0.0814815
2 0.0179687 0.483333 0.0067708 0.05
2 0.200521 0.45463 0.0052083 0.0222222
1 0.358073 0.508796 0.443229 0.025
0 0.261719 0.422222 0.0067708 0.0185185
0 0.540104 0.388889 0.0072917 0.0203704
0 0.558073 0.391204 0.0067708 0.0212963
