2 0.766146 0.540741 0.0135417 0.0888889
2 0.779948 0.532407 0.0192708 0.0907407
2 0.842448 0.535185 0.0244792 0.112963
0 0.510417 0.491667 0.0114583 0.012963
2 0.26875 0.58287 0.01875 0.0898148
2 0.592188 0.55 0.0104167 0.0425926
2 0.9 0.521759 0.0291667 0.130556
2 0.228385 0.591204 0.0182292 0.0935185
2 0.713281 0.564352 0.0307292 0.126852
2 0.740365 0.560648 0.0453125 0.167593
2 0.0848958 0.594907 0.0229167 0.0842593
2 0.58099 0.548611 0.0109375 0.0490741
2 0.283854 0.573148 0.0104167 0.0592593
2 0.617969 0.536111 0.0067708 0.0333333
2 0.693229 0.536574 0.0104167 0.0601852
