0 0.517708 0.41713 0.0114583 0.0398148
0 0.540104 0.41713 0.0104167 0.037963
0 0.567187 0.416667 0.0114583 0.0407407
0 0.686719 0.427778 0.0161458 0.0574074
0 0.143229 0.498148 0.0083333 0.0296296
2 0.922917 0.523611 0.0166667 0.0842593
2 0.642969 0.524074 0.0130208 0.0611111
2 0.69349 0.525463 0.0098958 0.0453704
0 0.607292 0.484722 0.0104167 0.0398148
2 0.651823 0.522685 0.0098958 0.0398148
2 0.702865 0.527778 0.0088542 0.0314815
2 0.15599 0.529167 0.0088542 0.0398148
0 0.159635 0.495833 0.0078125 0.0305556
