2 0.723437 0.569444 0.0145833 0.0814815
2 0.741927 0.575463 0.0130208 0.062037
2 0.796094 0.572685 0.0130208 0.0583333
1 0.197396 0.605556 0.13125 0.0351852
0 0.229167 0.124074 0.0604167 0.0481481
2 0.0739583 0.527315 0.0114583 0.0472222
2 0.111979 0.526389 0.0114583 0.0453704
2 0.781771 0.572222 0.0125 0.0574074
2 0.611458 0.567593 0.0104167 0.0537037
2 0.598698 0.5625 0.0098958 0.0453704
0 0.158854 0.477315 0.0052083 0.0157407
2 0.172135 0.530093 0.0078125 0.0305556
2 0.164063 0.531018 0.0072917 0.0287037
