2 0.224479 0.42037 0.0125 0.0537037
2 0.202083 0.421296 0.0145833 0.0592593
2 0.211719 0.430093 0.0088542 0.0398148
2 0.178906 0.407407 0.0088542 0.037037
2 0.110677 0.424537 0.0130208 0.0935185
2 0.161979 0.411574 0.009375 0.0361111
2 0.152865 0.409722 0.0078125 0.0398148
2 0.723437 0.430556 0.0104167 0.0555556
2 0.561458 0.41713 0.0104167 0.0509259
1 0.606771 0.463889 0.2375 0.0333333
1 0.477083 0.4375 0.129167 0.0101852
1 0.271354 0.463889 0.197917 0.0240741
0 0.581771 0.283333 0.025 0.0185185
0 0.53724 0.27963 0.0244792 0.0203704
0 0.260938 0.352315 0.0072917 0.025
