2 0.0489583 0.493982 0.01875 0.115741
2 0.0653646 0.503704 0.0203125 0.118519
2 0.0924479 0.511111 0.0192708 0.0759259
2 0.11875 0.496759 0.0260417 0.110185
2 0.145573 0.499537 0.0223958 0.110185
2 0.160417 0.4875 0.01875 0.108333
2 0.194531 0.505556 0.0130208 0.0685185
2 0.20599 0.493519 0.0203125 0.0944444
2 0.244271 0.496296 0.0239583 0.105556
2 0.294792 0.471759 0.0104167 0.0564815
2 0.304688 0.475463 0.0114583 0.0601852
2 0.345833 0.468982 0.0104167 0.0527778
2 0.338802 0.469444 0.0130208 0.0518519
2 0.532292 0.461574 0.0104167 0.0416667
2 0.569792 0.467593 0.0125 0.0648148
2 0.591667 0.4875 0.0166667 0.0824074
2 0.65651 0.496759 0.0255208 0.119444
2 0.697135 0.481944 0.0151042 0.0805556
2 0.384375 0.456019 0.009375 0.0435185
