0 0.529948 0.50463 0.0067708 0.0240741
0 0.163281 0.0106481 0.0755208 0.0212963
0 0.139583 0.473611 0.00625 0.0194444
1 0.171354 0.62963 0.252083 0.0574074
1 0.570833 0.663889 0.110417 0.0444444
2 0.564323 0.578704 0.0151042 0.0925926
2 0.582812 0.58287 0.0145833 0.0861111
2 0.595833 0.566667 0.009375 0.0518519
2 0.611719 0.563889 0.0098958 0.0425926
2 0.711979 0.580093 0.0125 0.0694444
2 0.741146 0.578241 0.01875 0.0861111
2 0.823958 0.581482 0.0114583 0.0574074
2 0.842188 0.581944 0.0125 0.0638889
2 0.685938 0.573611 0.0104167 0.0527778
2 0.130729 0.524074 0.0072917 0.037037
2 0.140104 0.524537 0.009375 0.0398148
2 0.0510417 0.525463 0.009375 0.0472222
