2 0.777604 0.508796 0.01875 0.0916667
2 0.858333 0.501389 0.0197917 0.102778
2 0.153125 0.486574 0.0135417 0.0490741
2 0.193229 0.483333 0.0135417 0.0592593
2 0.413542 0.466667 0.0083333 0.0333333
2 0.366927 0.472222 0.0098958 0.0407407
0 0.419271 0.392593 0.00625 0.0222222
0 0.436719 0.39213 0.0067708 0.0231481
2 0.823438 0.507407 0.0145833 0.0740741
2 0.263021 0.472222 0.0104167 0.0481481
2 0.254687 0.476389 0.0083333 0.037963
1 0.408594 0.576389 0.817187 0.0472222
2 0.103385 0.473148 0.0078125 0.0314815
