2 0.947656 0.521759 0.0317708 0.119444
2 0.797135 0.552778 0.0192708 0.111111
2 0.741406 0.600463 0.0432292 0.19537
2 0.715365 0.585185 0.0494792 0.185185
2 0.68099 0.568982 0.0223958 0.102778
2 0.654167 0.575926 0.0302083 0.107407
2 0.625 0.582407 0.025 0.151852
2 0.638281 0.580556 0.0130208 0.0981481
2 0.611979 0.571296 0.021875 0.111111
2 0.59375 0.589352 0.0239583 0.160185
2 0.523438 0.577315 0.028125 0.0990741
2 0.451562 0.57963 0.0260417 0.105556
2 0.390625 0.572685 0.0177083 0.0898148
2 0.370313 0.571296 0.0197917 0.105556
2 0.30625 0.574074 0.0166667 0.0944444
2 0.290365 0.571759 0.0203125 0.10463
2 0.279687 0.575926 0.0229167 0.112963
2 0.251563 0.568519 0.0166667 0.1
2 0.222396 0.550926 0.0104167 0.0574074
2 0.178646 0.55 0.0114583 0.0574074
2 0.171875 0.575926 0.028125 0.0888889
2 0.127083 0.562963 0.021875 0.0851852
2 0.0153646 0.550926 0.0140625 0.0666667
2 0.270833 0.568982 0.01875 0.0842593
1 0.379687 0.619907 0.364583 0.025
1 0.872656 0.627778 0.250521 0.140741
0 0.449479 0.274074 0.021875 0.0888889
0 0.542188 0.271296 0.0197917 0.0833333
