2 0.883073 0.526389 0.0213542 0.10463
2 0.861979 0.60463 0.0447917 0.203704
2 0.829167 0.591667 0.0322917 0.214815
2 0.789323 0.551389 0.0317708 0.106481
2 0.755469 0.552315 0.0171875 0.0935185
2 0.749219 0.566204 0.0213542 0.0953704
2 0.733073 0.570833 0.0244792 0.0916667
2 0.702083 0.585648 0.0364583 0.165741
2 0.669531 0.585185 0.0401042 0.162963
2 0.584635 0.576389 0.0234375 0.102778
2 0.515625 0.575 0.028125 0.111111
2 0.440885 0.575 0.0161458 0.0888889
2 0.409635 0.573148 0.0203125 0.112963
2 0.314583 0.570833 0.01875 0.112037
2 0.266146 0.568982 0.0166667 0.0805556
2 0.244531 0.572685 0.0255208 0.0953704
2 0.213542 0.571759 0.0208333 0.0805556
2 0.175 0.572685 0.0270833 0.0972222
2 0.120573 0.561111 0.0182292 0.0851852
2 0.0729167 0.560185 0.0145833 0.0851852
2 0.0161458 0.546759 0.0135417 0.0546296
2 0.0072917 0.540741 0.0125 0.0740741
2 0.403646 0.57037 0.0229167 0.107407
2 0.188802 0.55 0.0088542 0.0537037
1 0.421094 0.61713 0.443229 0.0305556
1 0.766927 0.601389 0.106771 0.0861111
1 0.934375 0.635648 0.13125 0.119444
0 0.449479 0.274074 0.021875 0.0888889
0 0.542188 0.271296 0.0197917 0.0833333
