2 0.896875 0.518982 0.021875 0.123148
2 0.756771 0.527778 0.0239583 0.133333
2 0.710417 0.499537 0.0135417 0.0657407
2 0.701042 0.505093 0.0145833 0.0564815
2 0.65 0.513426 0.0166667 0.0805556
2 0.633594 0.520833 0.0171875 0.0787037
2 0.603385 0.518056 0.0234375 0.0898148
1 0.746615 0.552778 0.207813 0.0537037
0 0.425 0.47037 0.0052083 0.0111111
0 0.435156 0.468518 0.0088542 0.0111111
2 0.913542 0.5 0.0239583 0.0907407
2 0.621875 0.500463 0.009375 0.0342593
2 0.169792 0.510185 0.015625 0.0722222
2 0.938281 0.497685 0.0171875 0.0972222
2 0.216406 0.506944 0.0130208 0.0675926
