2 0.876823 0.538426 0.0276042 0.112037
2 0.798698 0.566204 0.0223958 0.108333
2 0.739583 0.577778 0.0333333 0.107407
2 0.730469 0.574537 0.0255208 0.102778
2 0.649219 0.581944 0.0223958 0.0935185
2 0.631771 0.587963 0.0291667 0.0962963
2 0.251823 0.561574 0.0130208 0.0509259
2 0.201823 0.577315 0.0151042 0.0712963
2 0.114583 0.563426 0.0145833 0.0787037
2 0.0658854 0.568982 0.0192708 0.0916667
2 0.0536458 0.581944 0.0208333 0.0990741
2 0.219792 0.565278 0.0104167 0.0490741
2 0.161719 0.580093 0.0161458 0.0935185
2 0.155208 0.579167 0.0197917 0.0972222
2 0.173698 0.565278 0.0088542 0.0564815
2 0.9 0.631482 0.0770833 0.285185
2 0.865625 0.519444 0.015625 0.0907407
2 0.0059896 0.556481 0.0119792 0.0592593
1 0.786979 0.615741 0.1375 0.0796296
1 0.427604 0.634259 0.479167 0.0314815
0 0.44974 0.278241 0.0223958 0.0916667
0 0.545052 0.275926 0.0203125 0.0851852
