1 0.422656 0.677315 0.845312 0.349074
1 0.688021 0.808333 0.620833 0.198148
1 0.0992187 0.483796 0.0411458 0.0101852
2 0.128385 0.475926 0.0234375 0.0907407
2 0.15651 0.477778 0.0140625 0.0611111
2 0.230469 0.475926 0.0203125 0.0962963
2 0.254427 0.47037 0.0161458 0.0703704
2 0.283594 0.468518 0.0109375 0.0740741
2 0.28776 0.476389 0.0119792 0.0638889
2 0.316406 0.469907 0.0140625 0.0657407
2 0.609635 0.480093 0.0234375 0.0990741
2 0.666406 0.514352 0.0567708 0.189815
2 0.757552 0.640741 0.0859375 0.466667
2 0.823438 0.485185 0.01875 0.0796296
2 0.856771 0.484722 0.0104167 0.0453704
2 0.867969 0.486111 0.0140625 0.0685185
0 0.192969 0.363426 0.0140625 0.037963
