2 0.152604 0.423611 0.0135417 0.0675926
2 0.12526 0.423611 0.0192708 0.075
2 0.135156 0.434259 0.0119792 0.0518519
2 0.0697917 0.4125 0.0072917 0.0305556
2 0.0966146 0.408333 0.0109375 0.0444444
2 0.769792 0.399074 0.0125 0.0703704
2 0.33099 0.398148 0.0151042 0.0722222
2 0.742969 0.397222 0.0130208 0.0685185
1 0.43125 0.491204 0.85625 0.0787037
1 0.517187 0.421759 0.332292 0.0194444
0 0.599219 0.226852 0.0296875 0.0222222
0 0.545573 0.224537 0.0296875 0.025
0 0.198698 0.330556 0.0088542 0.0296296
0 0.70625 0.325926 0.0083333 0.0259259
