2 0.19974 0.517593 0.0203125 0.101852
2 0.21276 0.531482 0.0151042 0.0685185
2 0.214844 0.500926 0.0203125 0.0944444
2 0.235677 0.489815 0.0151042 0.0814815
2 0.259375 0.497685 0.0114583 0.0509259
2 0.239323 0.515741 0.0140625 0.0574074
2 0.321354 0.441667 0.0125 0.037037
2 0.341146 0.443981 0.0104167 0.0361111
2 0.553646 0.476389 0.015625 0.0601852
2 0.585417 0.477778 0.015625 0.0777778
2 0.605729 0.480556 0.0166667 0.0777778
2 0.621615 0.488426 0.0151042 0.0601852
2 0.939062 0.570833 0.090625 0.417593
2 0.360677 0.452778 0.0088542 0.0407407
2 0.251042 0.490741 0.0114583 0.0833333
2 0.0197917 0.509722 0.0322917 0.167593
2 0.0513021 0.522685 0.0244792 0.100926
2 0.508854 0.433796 0.0072917 0.0324074
2 0.517708 0.443981 0.009375 0.0342593
2 0.521094 0.478241 0.0151042 0.0583333
2 0.531771 0.477778 0.0114583 0.062963
2 0.0994792 0.538426 0.0197917 0.0916667
2 0.114063 0.530093 0.0270833 0.121296
2 0.225781 0.502315 0.0098958 0.0509259
2 0.353125 0.443056 0.0083333 0.0435185
2 0.128385 0.523148 0.0182292 0.114815
2 0.31276 0.434259 0.0078125 0.0277778
