2 0.763542 0.538426 0.0322917 0.126852
2 0.716667 0.501389 0.0135417 0.0657407
2 0.708333 0.506944 0.0145833 0.0564815
2 0.645573 0.519907 0.0244792 0.0916667
2 0.627865 0.518519 0.0255208 0.0851852
2 0.597656 0.523611 0.0234375 0.0898148
1 0.76224 0.5625 0.234896 0.0675926
0 0.421875 0.471296 0.00625 0.0111111
0 0.433594 0.467593 0.0088542 0.0111111
2 0.159115 0.509259 0.0151042 0.0703704
2 0.95026 0.498611 0.0171875 0.0972222
2 0.209115 0.507407 0.0161458 0.0722222
2 0.450781 0.509259 0.0182292 0.05
