2 0.320573 0.443056 0.0088542 0.037963
2 0.391667 0.431019 0.009375 0.0435185
2 0.414323 0.425463 0.0088542 0.0342593
2 0.521615 0.414352 0.0109375 0.0324074
2 0.942969 0.536111 0.0901042 0.353704
1 0.331771 0.553241 0.08125 0.0564815
2 0.543229 0.411574 0.0072917 0.0268519
2 0.694792 0.480093 0.0270833 0.141667
2 0.776302 0.466204 0.0234375 0.100926
2 0.794531 0.460648 0.0223958 0.10463
2 0.703906 0.480556 0.0161458 0.12963
0 0.419792 0.319444 0.0083333 0.0296296
0 0.440104 0.313426 0.0072917 0.0231481
