2 0.0479167 0.546759 0.0291667 0.152778
2 0.370833 0.464352 0.0125 0.0472222
2 0.535417 0.440278 0.009375 0.0342593
2 0.54401 0.456019 0.0078125 0.037963
2 0.644792 0.506944 0.0145833 0.0601852
2 0.651823 0.507407 0.0161458 0.0740741
2 0.677604 0.501389 0.0239583 0.0972222
2 0.697135 0.50787 0.0171875 0.0805556
2 0.36224 0.450926 0.0098958 0.0388889
2 0.345833 0.453241 0.009375 0.0416667
2 0.326823 0.449537 0.0119792 0.0453704
2 0.319792 0.458796 0.0083333 0.0416667
2 0.352865 0.451852 0.0067708 0.0388889
2 0.38099 0.452778 0.0088542 0.0407407
