2 0.665104 0.50787 0.0104167 0.0509259
2 0.654427 0.506482 0.0171875 0.0685185
2 0.711719 0.510185 0.0098958 0.0481481
0 0.704167 0.395833 0.0177083 0.0675926
0 0.603385 0.458796 0.0098958 0.0324074
0 0.559115 0.389352 0.0098958 0.0398148
0 0.529427 0.389815 0.0119792 0.0407407
0 0.505469 0.390741 0.0109375 0.0388889
1 0.378385 0.545833 0.0307292 0.0175926
2 0.459375 0.515741 0.015625 0.0462963
0 0.120052 0.472685 0.0088542 0.0324074
2 0.123698 0.509722 0.0109375 0.0435185
0 0.10625 0.476389 0.009375 0.0342593
