2 0.857292 0.368519 0.021875 0.0925926
2 0.290885 0.427315 0.0265625 0.125
2 0.269792 0.425463 0.028125 0.147222
2 0.0424479 0.477315 0.0598958 0.29537
2 0.11224 0.407407 0.0203125 0.1
2 0.888021 0.375926 0.01875 0.0925926
2 0.903646 0.378704 0.0239583 0.105556
2 0.0924479 0.409259 0.0203125 0.101852
2 0.925521 0.362963 0.015625 0.0944444
2 0.938542 0.36713 0.015625 0.0861111
2 0.283073 0.451389 0.0182292 0.0805556
2 0.388802 0.378241 0.0098958 0.0527778
1 0.258594 0.502315 0.298438 0.0694444
1 0.817969 0.485185 0.242188 0.0518519
