2 0.0822917 0.546759 0.0302083 0.139815
2 0.148958 0.531944 0.0270833 0.130556
2 0.179427 0.524074 0.0223958 0.114815
2 0.201823 0.538889 0.0151042 0.0740741
2 0.196875 0.514352 0.01875 0.087963
2 0.2125 0.526852 0.0166667 0.0648148
2 0.259115 0.500926 0.0182292 0.05
2 0.31901 0.444444 0.0078125 0.0351852
2 0.517708 0.436574 0.0083333 0.0342593
2 0.527344 0.450463 0.0088542 0.037963
2 0.545313 0.484722 0.0166667 0.0787037
2 0.579948 0.501852 0.0119792 0.0425926
2 0.60625 0.483796 0.0197917 0.0916667
2 0.628125 0.49213 0.01875 0.0842593
2 0.641667 0.496759 0.0177083 0.0638889
2 0.605729 0.493056 0.0125 0.0638889
2 0.0570312 0.527778 0.0234375 0.105556
2 0.219792 0.511574 0.0177083 0.0472222
2 0.248437 0.481481 0.0125 0.0759259
2 0.236198 0.49213 0.0140625 0.087963
2 0.330469 0.446296 0.0098958 0.0351852
