2 0.566406 0.44213 0.0109375 0.0287037
2 0.577083 0.441204 0.0083333 0.0287037
2 0.6 0.442593 0.0104167 0.037037
2 0.674219 0.443981 0.0119792 0.0583333
2 0.652083 0.451852 0.0135417 0.0518519
2 0.694531 0.451852 0.0171875 0.0648148
2 0.964063 0.437963 0.0145833 0.101852
2 0.985937 0.460648 0.0177083 0.062037
2 0.925521 0.440278 0.01875 0.0935185
2 0.554427 0.440278 0.0067708 0.0231481
2 0.873958 0.433333 0.0114583 0.062963
2 0.833594 0.426389 0.0151042 0.0583333
2 0.941927 0.446759 0.0171875 0.0972222
2 0.595312 0.439352 0.0083333 0.0305556
2 0.739323 0.435185 0.0098958 0.0462963
2 0.791406 0.454167 0.0140625 0.0657407
