2 0.566406 0.440741 0.0109375 0.0296296
2 0.577083 0.439352 0.0083333 0.0287037
2 0.600521 0.440741 0.0104167 0.037037
2 0.676302 0.442593 0.0119792 0.0592593
2 0.653385 0.45 0.0140625 0.0518519
2 0.696094 0.450463 0.0171875 0.0657407
2 0.974219 0.438426 0.0151042 0.10463
2 0.938021 0.441204 0.01875 0.0935185
2 0.553906 0.438426 0.0067708 0.0231481
2 0.879687 0.431482 0.0114583 0.062963
2 0.842188 0.425463 0.015625 0.0601852
2 0.595312 0.4375 0.0083333 0.0305556
2 0.742188 0.433333 0.0104167 0.0481481
2 0.957292 0.44537 0.0166667 0.0907407
2 0.804427 0.453241 0.0151042 0.0694444
