1 0.410156 0.539352 0.125521 0.087963
1 0.497656 0.814352 0.995313 0.191667
2 0.845312 0.511574 0.0260417 0.136111
2 0.80026 0.481019 0.0130208 0.0564815
2 0.677083 0.481944 0.03125 0.0953704
2 0.383854 0.472222 0.009375 0.0425926
2 0.365104 0.46713 0.0052083 0.0398148
2 0.376042 0.468518 0.0072917 0.0388889
0 0.202344 0.275463 0.0140625 0.0638889
2 0.359375 0.466204 0.0072917 0.0416667
1 0.838021 0.609259 0.31875 0.0796296
2 0.464844 0.468982 0.0119792 0.0527778
2 0.48776 0.469907 0.0119792 0.0601852
0 0.416927 0.3875 0.0109375 0.0287037
