2 0.340365 0.468056 0.0151042 0.062037
2 0.809635 0.464352 0.0296875 0.130556
2 0.915625 0.455556 0.028125 0.140741
2 0.961458 0.459722 0.0291667 0.136111
2 0.314844 0.460648 0.0088542 0.0490741
2 0.483073 0.447222 0.0088542 0.0259259
2 0.639063 0.450926 0.0145833 0.0666667
2 0.285156 0.478704 0.0151042 0.0722222
2 0.307292 0.459259 0.00625 0.037037
2 0.65651 0.445833 0.0109375 0.0564815
2 0.371354 0.452315 0.00625 0.0287037
2 0.779688 0.447685 0.01875 0.0898148
2 0.296354 0.467593 0.009375 0.0537037
2 0.663802 0.441667 0.0109375 0.0648148
