2 0.953385 0.489352 0.0171875 0.0972222
2 0.908333 0.493982 0.025 0.112037
2 0.821094 0.484259 0.0286458 0.0907407
2 0.731771 0.461574 0.0083333 0.0231481
2 0.706771 0.489352 0.0208333 0.113889
2 0.674219 0.4625 0.0078125 0.0287037
2 0.633594 0.488889 0.0255208 0.0888889
2 0.59375 0.490278 0.028125 0.0898148
2 0.547656 0.493982 0.0203125 0.0953704
2 0.532552 0.492593 0.0203125 0.087037
2 0.472917 0.473148 0.0114583 0.0462963
2 0.46875 0.490741 0.01875 0.0796296
2 0.453125 0.493982 0.021875 0.0935185
2 0.432552 0.486111 0.0130208 0.062963
2 0.421615 0.5 0.0192708 0.0888889
2 0.384375 0.4875 0.015625 0.0731481
2 0.369792 0.502315 0.021875 0.106481
2 0.356771 0.505093 0.0197917 0.110185
2 0.260677 0.513426 0.0307292 0.130556
2 0.185677 0.506019 0.0296875 0.112037
2 0.144271 0.479167 0.009375 0.0416667
2 0.160677 0.477778 0.0109375 0.0444444
2 0.0234375 0.528241 0.0197917 0.10463
1 0.134896 0.550463 0.201042 0.0527778
1 0.647656 0.550926 0.704687 0.0703704
0 0.726042 0.426389 0.00625 0.0175926
