0 0.534375 0.381018 0.0072917 0.0212963
0 0.514844 0.351852 0.0078125 0.0259259
2 0.521354 0.413889 0.0104167 0.0462963
2 0.551823 0.412037 0.0098958 0.0481481
2 0.563281 0.411111 0.0109375 0.0481481
2 0.677865 0.434722 0.0161458 0.0509259
2 0.702083 0.424074 0.0229167 0.109259
2 0.795833 0.437963 0.0302083 0.112963
2 0.880729 0.431019 0.0322917 0.158333
2 0.967969 0.436111 0.0328125 0.177778
1 0.407031 0.431482 0.0515625 0.0092593
1 0.513021 0.42963 0.0447917 0.0092593
2 0.369531 0.416204 0.0130208 0.0453704
