2 0.927344 0.46713 0.0328125 0.136111
2 0.679427 0.456019 0.0151042 0.0601852
2 0.583854 0.443518 0.0104167 0.0314815
2 0.817448 0.449074 0.0109375 0.0685185
2 0.86849 0.43287 0.0130208 0.0564815
2 0.886198 0.434722 0.0151042 0.0712963
2 0.598177 0.440278 0.0098958 0.0324074
2 0.983854 0.461574 0.0260417 0.0935185
2 0.732813 0.4375 0.0114583 0.0435185
2 0.648177 0.447222 0.0151042 0.062963
2 0.854688 0.453704 0.0114583 0.0425926
2 0.822656 0.440741 0.0109375 0.062963
2 0.746354 0.437963 0.009375 0.0518519
