0 0.517708 0.418056 0.0114583 0.0398148
0 0.540104 0.418519 0.0104167 0.0388889
0 0.567187 0.417593 0.0114583 0.0407407
0 0.686719 0.428704 0.0161458 0.0574074
0 0.142708 0.499074 0.0083333 0.0296296
2 0.924479 0.524074 0.0166667 0.0851852
2 0.64349 0.525463 0.0130208 0.0601852
2 0.694271 0.525926 0.0104167 0.0462963
0 0.607292 0.485648 0.0104167 0.0398148
2 0.653125 0.524074 0.0114583 0.0407407
2 0.703385 0.528704 0.0088542 0.0314815
2 0.157031 0.530093 0.0098958 0.0398148
0 0.159115 0.496759 0.0078125 0.0305556
