2 0.0591146 0.5625 0.0130208 0.0824074
2 0.0867187 0.561574 0.0140625 0.0768519
2 0.101042 0.564352 0.0135417 0.0712963
2 0.201823 0.625 0.0869792 0.3
2 0.292448 0.654167 0.122396 0.39537
2 0.507813 0.588426 0.0260417 0.128704
2 0.55 0.552315 0.0229167 0.119444
2 0.649219 0.589815 0.0338542 0.198148
2 0.703646 0.553704 0.0270833 0.15
2 0.779688 0.550463 0.0572917 0.210185
2 0.577083 0.713889 0.144792 0.477778
0 0.254167 0.105093 0.0395833 0.128704
0 0.414063 0.102315 0.0322917 0.119444
1 0.0742188 0.733796 0.148438 0.136111
1 0.527083 0.6125 0.0239583 0.0398148
2 0.447135 0.650926 0.0661458 0.264815
2 0.483333 0.606018 0.0635417 0.284259
2 0.402083 0.625 0.0416667 0.237037
2 0.366406 0.604167 0.0276042 0.221296
2 0.730208 0.553241 0.03125 0.152778
2 0.424479 0.57963 0.0145833 0.0814815
2 0.677604 0.605556 0.0385417 0.162963
2 0.682813 0.558333 0.03125 0.185185
2 0.474219 0.654167 0.0546875 0.339815
