2 0.0723958 0.572685 0.0229167 0.102778
2 0.870833 0.699074 0.071875 0.514815
1 0.3 0.844907 0.378125 0.202778
2 0.107292 0.579167 0.0239583 0.108333
2 0.703385 0.602315 0.0494792 0.267593
2 0.345052 0.560648 0.0161458 0.0472222
2 0.486458 0.591667 0.0427083 0.144444
2 0.565365 0.601852 0.0401042 0.166667
1 0.594531 0.625463 0.0411458 0.0453704
2 0.594792 0.570833 0.01875 0.0861111
2 0.615625 0.574074 0.0145833 0.0796296
2 0.638281 0.583333 0.0307292 0.22963
2 0.739844 0.581019 0.0223958 0.141667
2 0.757292 0.56713 0.01875 0.112037
2 0.797135 0.568982 0.0328125 0.163889
2 0.0864583 0.569907 0.0135417 0.0916667
1 0.524219 0.612963 0.0421875 0.0277778
2 0.908333 0.588889 0.0364583 0.27037
2 0.942187 0.548611 0.0302083 0.171296
