2 0.0127604 0.564815 0.0161458 0.0907407
2 0.0632812 0.562037 0.0130208 0.0814815
2 0.0804688 0.558333 0.0140625 0.0796296
2 0.103646 0.562963 0.0135417 0.0703704
2 0.234115 0.575926 0.0203125 0.0944444
2 0.419271 0.612037 0.034375 0.218518
2 0.185417 0.639352 0.104167 0.358333
2 0.320833 0.681481 0.127083 0.464815
2 0.431771 0.585185 0.0208333 0.116667
2 0.271354 0.593982 0.0239583 0.100926
2 0.451562 0.596759 0.021875 0.0861111
2 0.495052 0.579167 0.0234375 0.130556
2 0.533854 0.620833 0.0385417 0.160185
2 0.553125 0.550926 0.01875 0.122222
2 0.654688 0.556018 0.03125 0.184259
2 0.682031 0.547222 0.0223958 0.137037
2 0.711458 0.560185 0.0395833 0.209259
2 0.786979 0.532407 0.0458333 0.296296
2 0.573698 0.702315 0.141146 0.465741
0 0.257552 0.108796 0.0390625 0.126852
0 0.415625 0.105093 0.0322917 0.119444
1 0.0632812 0.732407 0.126563 0.135185
1 0.247396 0.736111 0.0552083 0.133333
1 0.493229 0.605556 0.0510417 0.0314815
