2 0.107552 0.504167 0.0255208 0.117593
2 0.194531 0.500926 0.0171875 0.087037
2 0.232031 0.515741 0.0119792 0.0425926
2 0.28724 0.506019 0.0161458 0.0731481
2 0.304688 0.505556 0.0177083 0.0685185
2 0.507292 0.45 0.0083333 0.0333333
2 0.515104 0.464352 0.0104167 0.0342593
2 0.533594 0.498611 0.0182292 0.0712963
2 0.542969 0.48287 0.0119792 0.0583333
2 0.553385 0.489815 0.0098958 0.037037
2 0.579167 0.489352 0.0104167 0.0398148
2 0.325 0.498611 0.0125 0.0675926
2 0.184115 0.516667 0.0151042 0.0592593
2 0.29375 0.518056 0.0145833 0.0416667
2 0.320052 0.512037 0.0109375 0.0388889
