0 0.539844 0.495833 0.0067708 0.0175926
0 0.108854 0.456944 0.0072917 0.0175926
1 0.391406 0.716204 0.780729 0.165741
1 0.723958 0.60787 0.204167 0.0583333
2 0.00625 0.510185 0.0125 0.0555556
2 0.5125 0.552778 0.015625 0.0481481
2 0.613542 0.589815 0.0229167 0.118519
2 0.778125 0.593518 0.0197917 0.087037
2 0.93776 0.592593 0.0151042 0.087037
2 0.918229 0.590741 0.0135417 0.0703704
1 0.642448 0.598611 0.0244792 0.117593
2 0.589323 0.558796 0.0119792 0.0453704
2 0.71276 0.574074 0.0109375 0.0611111
2 0.740625 0.585648 0.0177083 0.0898148
