0 0.516146 0.415278 0.0114583 0.0398148
0 0.539063 0.415741 0.0104167 0.0388889
0 0.566146 0.415278 0.0114583 0.0416667
0 0.689323 0.425926 0.0161458 0.0574074
0 0.138021 0.494907 0.0083333 0.0305556
2 0.941406 0.523148 0.0151042 0.0777778
2 0.647135 0.524074 0.0130208 0.062963
2 0.697396 0.524537 0.0104167 0.0472222
0 0.607552 0.483796 0.0109375 0.0398148
2 0.708594 0.527778 0.0088542 0.0277778
2 0.65651 0.525463 0.0098958 0.037963
0 0.154427 0.492593 0.0078125 0.0296296
2 0.153906 0.525926 0.0088542 0.0388889
