2 0.372917 0.538889 0.009375 0.0314815
1 0.926302 0.676389 0.117188 0.123148
2 0.591406 0.536574 0.0130208 0.0601852
1 0.692187 0.679167 0.263542 0.143518
2 0.657812 0.55 0.0239583 0.114815
2 0.927344 0.556018 0.0276042 0.147222
2 0.93151 0.539815 0.0223958 0.127778
2 0.713802 0.536574 0.0182292 0.0824074
2 0.705469 0.534722 0.0140625 0.075
2 0.74974 0.547685 0.0213542 0.0990741
2 0.853385 0.590278 0.0536458 0.167593
2 0.732292 0.549537 0.0166667 0.0694444
2 0.634115 0.533796 0.0130208 0.0638889
2 0.111719 0.537963 0.0119792 0.05
2 0.0973958 0.54537 0.0135417 0.0666667
2 0.806771 0.528704 0.0125 0.0796296
