2 0.364062 0.538426 0.009375 0.0305556
1 0.928385 0.67963 0.114063 0.124074
2 0.584115 0.536574 0.0130208 0.0601852
1 0.691667 0.682407 0.279167 0.148148
2 0.64974 0.550926 0.0244792 0.116667
2 0.928125 0.557407 0.028125 0.15
2 0.930729 0.541667 0.0229167 0.131481
2 0.708073 0.537037 0.0182292 0.0814815
2 0.698698 0.535648 0.0140625 0.075
2 0.74401 0.547222 0.0213542 0.1
2 0.857292 0.590741 0.0541667 0.168518
2 0.723698 0.551389 0.0161458 0.0675926
2 0.627344 0.533796 0.0130208 0.0638889
2 0.101563 0.537037 0.0125 0.0518519
2 0.0859375 0.544444 0.0135417 0.0666667
2 0.801562 0.530093 0.0125 0.0805556
