2 0.0921875 0.453241 0.034375 0.100926
2 0.153385 0.466204 0.0307292 0.162037
2 0.621354 0.422685 0.0166667 0.0768519
1 0.419531 0.513889 0.682813 0.0555556
1 0.501042 0.44213 0.148958 0.0101852
0 0.567448 0.307407 0.0109375 0.0407407
0 0.614323 0.360185 0.0119792 0.0333333
2 0.735156 0.416204 0.0151042 0.0527778
2 0.185937 0.45 0.021875 0.0888889
1 0.342448 0.447222 0.0369792 0.0092593
2 0.821094 0.434722 0.0234375 0.134259
1 0.779948 0.461574 0.157813 0.0453704
1 0.0432292 0.492593 0.0666667 0.0407407
