2 0.944271 0.638889 0.0864583 0.359259
2 0.969271 0.621759 0.0333333 0.334259
2 0.902865 0.524537 0.0286458 0.121296
2 0.74375 0.568056 0.021875 0.106481
2 0.679948 0.597685 0.0432292 0.182407
2 0.643229 0.586111 0.0427083 0.187037
2 0.633333 0.57037 0.0208333 0.1
2 0.598698 0.578241 0.0213542 0.100926
2 0.584635 0.580556 0.0338542 0.153704
2 0.572656 0.573611 0.0213542 0.112037
2 0.551823 0.585185 0.0244792 0.15
2 0.533333 0.58287 0.025 0.123148
2 0.489062 0.575926 0.0166667 0.0981481
2 0.415625 0.577778 0.0291667 0.118519
2 0.407552 0.568982 0.0213542 0.10463
2 0.360156 0.573611 0.0223958 0.0861111
2 0.340104 0.573148 0.025 0.087037
2 0.314063 0.56713 0.01875 0.087963
2 0.297135 0.568519 0.0203125 0.0981481
2 0.251042 0.550926 0.0104167 0.0444444
2 0.203646 0.573611 0.0270833 0.110185
2 0.215365 0.574537 0.0203125 0.0953704
2 0.223958 0.55 0.0114583 0.0592593
2 0.180208 0.551852 0.0104167 0.0611111
2 0.159896 0.564815 0.01875 0.0851852
2 0.0148437 0.550926 0.0151042 0.0666667
2 0.0070313 0.543056 0.0130208 0.0768519
1 0.853125 0.627778 0.29375 0.137037
1 0.311719 0.619444 0.183854 0.0259259
1 0.472396 0.618981 0.107292 0.025
0 0.449479 0.274074 0.021875 0.0888889
0 0.542188 0.271296 0.0197917 0.0833333
