2 0.94375 0.477778 0.0229167 0.127778
2 0.923177 0.452778 0.0203125 0.107407
2 0.817448 0.45 0.0244792 0.12963
2 0.783333 0.450463 0.0208333 0.0916667
2 0.766927 0.443518 0.0213542 0.0833333
2 0.666927 0.45 0.0192708 0.087037
2 0.536458 0.446759 0.0072917 0.0435185
2 0.370573 0.456481 0.0098958 0.0481481
2 0.333073 0.454167 0.0078125 0.037963
2 0.313021 0.453241 0.00625 0.0324074
2 0.248958 0.490278 0.0260417 0.0953704
2 0.132813 0.474074 0.0166667 0.0685185
2 0.114323 0.477778 0.0130208 0.0666667
2 0.0984375 0.491667 0.015625 0.0851852
2 0.325 0.465278 0.009375 0.0527778
