2 0.977604 0.545833 0.0239583 0.149074
2 0.923958 0.552315 0.0375 0.132407
2 0.902344 0.552315 0.0359375 0.132407
2 0.735156 0.605556 0.0671875 0.188889
2 0.220833 0.553704 0.0114583 0.0574074
2 0.180469 0.559259 0.0088542 0.0611111
2 0.171615 0.558333 0.0109375 0.0666667
2 0.127865 0.565741 0.0140625 0.0685185
2 0.119271 0.561111 0.0145833 0.0703704
2 0.0223958 0.561574 0.0208333 0.115741
2 0.0638021 0.558796 0.0151042 0.0824074
2 0.192969 0.562963 0.0119792 0.0388889
2 0.0869792 0.558796 0.0125 0.0657407
2 0.0380208 0.571759 0.0239583 0.110185
2 0.47474 0.555556 0.0057292 0.0203704
1 0.388021 0.661111 0.625 0.0407407
1 0.890365 0.657407 0.218229 0.15
0 0.441146 0.195833 0.028125 0.113889
0 0.563802 0.19537 0.0276042 0.107407
