0 0.142188 0.414352 0.0125 0.0324074
2 0.225781 0.525926 0.0203125 0.103704
2 0.338021 0.538889 0.0260417 0.12963
2 0.436458 0.55463 0.0385417 0.151852
1 0.579687 0.705556 0.805208 0.318518
2 0.242708 0.525926 0.0166667 0.0722222
2 0.294531 0.527315 0.0171875 0.075
2 0.202865 0.520833 0.0151042 0.0638889
0 0.832552 0.234259 0.0442708 0.0444444
0 0.907552 0.224074 0.0473958 0.0537037
2 0.316406 0.521759 0.0119792 0.0453704
2 0.365365 0.538889 0.0265625 0.103704
2 0.0653646 0.490278 0.0098958 0.037963
