1 0.553646 0.692593 0.235417 0.0574074
1 0.694531 0.608333 0.210938 0.0648148
2 0.58724 0.588426 0.0192708 0.113889
2 0.609896 0.593056 0.0166667 0.0990741
2 0.511198 0.55463 0.0119792 0.0462963
2 0.620573 0.569444 0.0098958 0.05
2 0.721875 0.585185 0.015625 0.0796296
2 0.757292 0.590741 0.0177083 0.0814815
2 0.889063 0.59213 0.0145833 0.0824074
2 0.875 0.589815 0.0145833 0.0722222
2 0.1125 0.523148 0.009375 0.037037
2 0.0273438 0.518056 0.0119792 0.0546296
0 0.122917 0.466204 0.0083333 0.0194444
1 0.140625 0.655556 0.28125 0.0944444
0 0.535417 0.502778 0.0072917 0.0203704
