2 0.871354 0.576389 0.0416667 0.206482
2 0.696875 0.60787 0.0333333 0.249074
2 0.68125 0.596296 0.0416667 0.277778
2 0.617969 0.5625 0.0151042 0.0657407
2 0.609896 0.562963 0.0177083 0.0703704
2 0.588802 0.627315 0.0526042 0.215741
2 0.492188 0.610648 0.0520833 0.176852
2 0.339844 0.562963 0.0130208 0.0425926
1 0.540365 0.627778 0.0578125 0.0314815
1 0.62526 0.642593 0.0453125 0.0574074
1 0.314583 0.88287 0.348958 0.106481
2 0.840104 0.581482 0.03125 0.159259
2 0.779427 0.622222 0.0692708 0.375926
