2 0.0197917 0.52037 0.0260417 0.087037
2 0.0559896 0.493519 0.0255208 0.125926
2 0.0778646 0.501852 0.0223958 0.124074
2 0.100521 0.490278 0.028125 0.125
2 0.146615 0.512037 0.0140625 0.0703704
2 0.160156 0.496296 0.0255208 0.116667
2 0.197656 0.500926 0.0213542 0.112963
2 0.218229 0.477315 0.015625 0.0824074
2 0.267448 0.475 0.0119792 0.0611111
2 0.277604 0.472685 0.0114583 0.0546296
2 0.316927 0.468056 0.0151042 0.0527778
2 0.372656 0.456481 0.0088542 0.0444444
2 0.56849 0.469444 0.0119792 0.0592593
2 0.599219 0.489352 0.0213542 0.0953704
2 0.7 0.506944 0.0291667 0.149074
2 0.728385 0.486574 0.0192708 0.100926
2 0.0705729 0.523148 0.0130208 0.0574074
