2 0.940104 0.517593 0.03125 0.112963
2 0.904427 0.516667 0.0161458 0.103704
2 0.873177 0.57963 0.0380208 0.185185
2 0.852083 0.581482 0.0197917 0.162963
2 0.831771 0.594444 0.0479167 0.177778
2 0.80599 0.541667 0.0223958 0.109259
2 0.76901 0.552778 0.0317708 0.107407
2 0.692187 0.573611 0.0239583 0.100926
2 0.601302 0.569907 0.0265625 0.113889
2 0.581771 0.569907 0.01875 0.108333
2 0.53125 0.575 0.0260417 0.0888889
2 0.255208 0.547685 0.0083333 0.0435185
2 0.228646 0.571759 0.0177083 0.100926
2 0.2375 0.574074 0.0177083 0.0907407
2 0.178385 0.552778 0.0119792 0.0611111
2 0.145313 0.5625 0.0166667 0.087963
2 0.0729167 0.552778 0.0197917 0.0888889
2 0.0398437 0.55463 0.0130208 0.0759259
2 0.0559896 0.592593 0.0130208 0.0944444
2 0.0153646 0.550926 0.0109375 0.062963
2 0.0065104 0.536111 0.0109375 0.0666667
1 0.430729 0.61713 0.471875 0.0305556
1 0.93724 0.62963 0.120312 0.109259
1 0.761198 0.610648 0.128646 0.0657407
0 0.449479 0.274074 0.021875 0.0888889
0 0.542188 0.271296 0.0197917 0.0833333
