2 0.141667 0.564815 0.009375 0.0444444
2 0.23151 0.559259 0.0098958 0.0425926
2 0.65651 0.549537 0.0140625 0.0638889
2 0.803385 0.557407 0.0255208 0.12963
2 0.832812 0.562037 0.0291667 0.127778
2 0.890625 0.565741 0.0260417 0.131481
2 0.94349 0.586574 0.0223958 0.160185
2 0.961458 0.57037 0.03125 0.205556
1 0.815885 0.649074 0.364062 0.0796296
1 0.41276 0.669907 0.140104 0.0657407
1 0.115625 0.685648 0.1375 0.0453704
1 0.420833 0.570833 0.0947917 0.012037
0 0.53776 0.393981 0.0276042 0.0268519
2 0.0549479 0.568056 0.0088542 0.0453704
2 0.725 0.54213 0.0114583 0.0546296
2 0.740625 0.541204 0.0135417 0.0564815
2 0.0408854 0.593518 0.0203125 0.101852
2 0.820573 0.541204 0.0161458 0.0972222
