2 0.976302 0.593982 0.0317708 0.217593
2 0.95 0.575 0.0354167 0.207407
2 0.855208 0.533796 0.01875 0.0842593
2 0.842448 0.540741 0.0182292 0.103704
2 0.817708 0.535648 0.0197917 0.106481
2 0.792188 0.587037 0.046875 0.188889
2 0.76849 0.584259 0.0203125 0.151852
2 0.75026 0.591667 0.0265625 0.185185
2 0.719531 0.566204 0.0203125 0.10463
2 0.642187 0.576389 0.0260417 0.100926
2 0.563542 0.573148 0.0177083 0.101852
2 0.527865 0.573148 0.0296875 0.112963
2 0.507552 0.569907 0.0182292 0.108333
2 0.489844 0.572222 0.0171875 0.0907407
2 0.268229 0.573611 0.0291667 0.102778
2 0.246875 0.568519 0.0145833 0.0740741
2 0.223177 0.553704 0.0119792 0.0518519
2 0.18724 0.574537 0.0171875 0.0935185
2 0.255208 0.547222 0.0104167 0.0462963
2 0.168229 0.56713 0.0166667 0.0805556
2 0.117448 0.55787 0.0203125 0.0953704
2 0.0744792 0.558796 0.015625 0.0805556
2 0.0424479 0.584259 0.0182292 0.0981481
2 0.0302083 0.55463 0.0104167 0.0796296
2 0.0158854 0.550926 0.0109375 0.0611111
2 0.0070313 0.536574 0.0140625 0.0657407
1 0.430729 0.61713 0.471875 0.0305556
1 0.86849 0.611574 0.144271 0.102778
0 0.449479 0.274074 0.021875 0.0888889
0 0.542188 0.271296 0.0197917 0.0833333
