1 0.586719 0.687037 0.183854 0.0592593
1 0.682813 0.605556 0.157292 0.0481481
2 0.580469 0.585648 0.0171875 0.102778
2 0.605729 0.588426 0.0135417 0.0990741
2 0.61849 0.568982 0.0098958 0.0490741
2 0.719271 0.585648 0.0145833 0.0805556
2 0.755208 0.5875 0.01875 0.0787037
2 0.864844 0.589352 0.0130208 0.0657407
2 0.880469 0.588889 0.0140625 0.0722222
2 0.0320312 0.519907 0.0109375 0.0509259
2 0.11901 0.522685 0.0088542 0.0416667
0 0.126302 0.467593 0.0078125 0.0203704
0 0.534375 0.504167 0.00625 0.0212963
2 0.509896 0.564352 0.009375 0.0472222
1 0.138542 0.653241 0.277083 0.0601852
