2 0.92474 0.522222 0.0234375 0.111111
2 0.915104 0.524537 0.0229167 0.102778
2 0.895573 0.522685 0.0276042 0.102778
2 0.865885 0.522222 0.0223958 0.1
2 0.857292 0.583333 0.040625 0.192593
2 0.840885 0.585185 0.0369792 0.162963
2 0.823177 0.593056 0.0338542 0.187963
2 0.798698 0.545833 0.0265625 0.108333
2 0.759115 0.552778 0.0213542 0.103704
2 0.68099 0.575463 0.0234375 0.100926
2 0.586979 0.572222 0.0260417 0.111111
2 0.564844 0.573148 0.0276042 0.107407
2 0.523177 0.572685 0.0182292 0.0916667
2 0.254948 0.548148 0.0098958 0.0481481
2 0.235938 0.571296 0.0239583 0.1
2 0.222396 0.55 0.0135417 0.0518519
2 0.179167 0.551389 0.0114583 0.062037
2 0.153646 0.5625 0.0239583 0.0916667
2 0.0817708 0.55463 0.01875 0.0888889
2 0.0520833 0.57963 0.025 0.103704
2 0.0151042 0.548611 0.0135417 0.0601852
2 0.0070313 0.536111 0.0130208 0.0648148
2 0.0453125 0.556018 0.015625 0.0842593
1 0.430729 0.61713 0.471875 0.0305556
1 0.932031 0.630093 0.131771 0.110185
1 0.749219 0.608796 0.115104 0.062037
0 0.449479 0.274074 0.021875 0.0888889
0 0.542188 0.271296 0.0197917 0.0833333
