2 0.984635 0.505556 0.0130208 0.0888889
2 0.938802 0.500926 0.0151042 0.0944444
2 0.902865 0.531018 0.0182292 0.100926
2 0.892448 0.532407 0.0171875 0.0962963
2 0.879167 0.523148 0.01875 0.101852
2 0.850521 0.526852 0.0208333 0.0944444
2 0.835417 0.58287 0.0416667 0.186111
2 0.813281 0.585185 0.0286458 0.162963
2 0.795313 0.593056 0.04375 0.186111
2 0.78151 0.549074 0.0255208 0.107407
2 0.748177 0.558796 0.0255208 0.106481
2 0.671875 0.576389 0.0197917 0.0990741
2 0.584115 0.570833 0.0161458 0.0972222
2 0.56901 0.569444 0.0213542 0.112963
2 0.546875 0.569907 0.0270833 0.110185
2 0.513802 0.572222 0.0223958 0.0925926
2 0.247656 0.572222 0.0265625 0.0981481
2 0.222396 0.552315 0.0104167 0.0546296
2 0.227344 0.552778 0.0088542 0.0518519
2 0.178646 0.55463 0.0104167 0.0537037
2 0.161979 0.564352 0.0208333 0.087963
2 0.090625 0.55463 0.015625 0.0925926
2 0.0494792 0.581944 0.021875 0.100926
2 0.0151042 0.549537 0.0104167 0.0657407
1 0.43099 0.61713 0.472396 0.0305556
1 0.91849 0.630556 0.150521 0.111111
1 0.740885 0.608333 0.0973958 0.0592593
0 0.449479 0.274074 0.021875 0.0888889
0 0.542188 0.271296 0.0197917 0.0833333
