2 0.567969 0.438889 0.0109375 0.0296296
2 0.579427 0.4375 0.0109375 0.0324074
2 0.609635 0.440278 0.0119792 0.0416667
2 0.703906 0.441204 0.0130208 0.0675926
2 0.661719 0.447685 0.0192708 0.062037
2 0.714583 0.448611 0.0197917 0.075
2 0.558333 0.434722 0.0072917 0.0212963
2 0.600781 0.437963 0.0109375 0.037037
2 0.76875 0.432407 0.0125 0.0592593
2 0.0208333 0.465278 0.0145833 0.0731481
2 0.549479 0.435648 0.0072917 0.0287037
2 0.939062 0.431019 0.0114583 0.0712963
2 0.961719 0.463426 0.0213542 0.100926
