2 0.0557292 0.494444 0.01875 0.114815
2 0.0710937 0.500463 0.0192708 0.112037
2 0.0994792 0.510648 0.01875 0.075
2 0.12474 0.496759 0.0255208 0.108333
2 0.151042 0.500463 0.021875 0.106481
2 0.164063 0.487963 0.0166667 0.107407
2 0.198437 0.505093 0.0125 0.0657407
2 0.210156 0.493982 0.0203125 0.0935185
2 0.247656 0.49537 0.0234375 0.103704
2 0.297396 0.471296 0.0104167 0.0555556
2 0.307292 0.475 0.0114583 0.0592593
2 0.347396 0.469444 0.0104167 0.0518519
2 0.532292 0.461574 0.0104167 0.0416667
2 0.569792 0.467593 0.0125 0.0648148
2 0.591146 0.486111 0.0166667 0.0814815
2 0.653125 0.494907 0.025 0.117593
2 0.69401 0.482407 0.0151042 0.0796296
2 0.385938 0.455556 0.009375 0.0425926
