2 0.170052 0.471759 0.0098958 0.0527778
2 0.179948 0.470833 0.0098958 0.0583333
2 0.210156 0.473148 0.0338542 0.109259
2 0.576302 0.541204 0.0588542 0.273148
2 0.806771 0.478704 0.0197917 0.0796296
2 0.934635 0.551852 0.0338542 0.246296
1 0.138802 0.480556 0.0526042 0.0092593
1 0.370573 0.634259 0.719271 0.246296
2 0.604167 0.500463 0.01875 0.165741
2 0.283073 0.474074 0.0151042 0.0666667
1 0.532552 0.818519 0.920313 0.288889
2 0.339844 0.47037 0.0140625 0.0611111
2 0.969531 0.482407 0.0161458 0.0777778
2 0.609635 0.497222 0.0286458 0.162963
2 0.317969 0.471296 0.0161458 0.0685185
2 0.427604 0.4625 0.0125 0.0564815
2 0.191667 0.470833 0.009375 0.0601852
0 0.232031 0.365278 0.0130208 0.0361111
