2 0.665885 0.508333 0.0109375 0.0537037
2 0.654948 0.506944 0.0171875 0.0694444
2 0.714063 0.510185 0.0104167 0.05
0 0.70625 0.393519 0.0177083 0.0685185
0 0.602865 0.458333 0.0098958 0.0333333
0 0.558594 0.388426 0.0098958 0.0398148
0 0.528906 0.388426 0.0119792 0.0416667
0 0.504427 0.389352 0.0109375 0.0398148
1 0.378906 0.548148 0.0296875 0.0166667
2 0.464063 0.514352 0.0177083 0.0546296
1 0.457552 0.547685 0.0255208 0.0157407
0 0.116667 0.472685 0.0083333 0.0324074
2 0.121094 0.509259 0.0109375 0.0444444
0 0.103125 0.476389 0.009375 0.0342593
