2 0.898438 0.551852 0.0885417 0.385185
2 0.840625 0.532407 0.040625 0.255556
2 0.803385 0.533333 0.0494792 0.246296
2 0.58125 0.475463 0.0166667 0.0675926
2 0.559375 0.481944 0.015625 0.0638889
2 0.548698 0.462963 0.0109375 0.05
2 0.277344 0.482407 0.0161458 0.0666667
2 0.24401 0.482407 0.0161458 0.0777778
2 0.248177 0.486574 0.0171875 0.0675926
2 0.264844 0.493056 0.0109375 0.0416667
2 0.215885 0.49213 0.0088542 0.0490741
2 0.226823 0.485185 0.0130208 0.0703704
2 0.166146 0.479167 0.0125 0.0768519
2 0.176563 0.484259 0.015625 0.0703704
