2 0.0645833 0.530556 0.0166667 0.0851852
2 0.0791667 0.506944 0.0333333 0.132407
2 0.109896 0.522685 0.0322917 0.173148
2 0.18125 0.490741 0.021875 0.087037
2 0.236458 0.483796 0.0104167 0.0638889
2 0.247396 0.483796 0.0125 0.0657407
2 0.366406 0.469907 0.0119792 0.0453704
2 0.640885 0.506019 0.0244792 0.126852
2 0.895573 0.572222 0.0546875 0.290741
2 0.817969 0.499074 0.0244792 0.137037
2 0.288281 0.48287 0.0151042 0.075
2 0.583854 0.480556 0.0083333 0.0666667
2 0.0111979 0.498611 0.0223958 0.160185
