2 0.608854 0.515278 0.0291667 0.119444
2 0.585677 0.477778 0.0098958 0.0592593
2 0.577083 0.483796 0.009375 0.037963
2 0.556771 0.4875 0.0083333 0.0361111
2 0.564583 0.475463 0.0145833 0.0564815
2 0.535677 0.474537 0.0119792 0.0583333
2 0.525521 0.474537 0.0125 0.0601852
2 0.523177 0.450463 0.0098958 0.0287037
2 0.510938 0.44213 0.0083333 0.0305556
2 0.342969 0.441667 0.0088542 0.0277778
2 0.302604 0.510648 0.0177083 0.0490741
2 0.278906 0.515278 0.0119792 0.0509259
2 0.289323 0.508796 0.0088542 0.0435185
2 0.302083 0.49213 0.015625 0.0768519
2 0.261198 0.502315 0.0151042 0.075
2 0.272396 0.503241 0.0114583 0.0768519
2 0.178125 0.512963 0.0135417 0.062963
2 0.205469 0.499074 0.0192708 0.0962963
2 0.0682292 0.506482 0.03125 0.137037
