2 0.911719 0.489815 0.0265625 0.0981481
2 0.811198 0.466667 0.0088542 0.0240741
2 0.75599 0.466667 0.0067708 0.0296296
2 0.783333 0.493056 0.0302083 0.126852
2 0.773177 0.463889 0.0067708 0.0444444
2 0.714844 0.491667 0.0161458 0.0907407
2 0.686198 0.491204 0.0223958 0.0972222
2 0.640885 0.499537 0.0265625 0.0972222
2 0.627083 0.490741 0.0145833 0.0888889
2 0.55599 0.488426 0.0151042 0.0824074
2 0.543229 0.493519 0.0208333 0.0981481
2 0.510938 0.49537 0.0166667 0.0925926
2 0.458333 0.498611 0.0177083 0.108333
2 0.447135 0.501852 0.0234375 0.105556
2 0.31849 0.510185 0.0317708 0.12037
2 0.25026 0.497685 0.0234375 0.100926
2 0.23125 0.465278 0.0083333 0.0398148
2 0.221094 0.467593 0.0088542 0.0333333
2 0.200781 0.468518 0.0078125 0.0314815
2 0.102865 0.51713 0.0296875 0.0972222
1 0.204688 0.5375 0.164583 0.0435185
1 0.665885 0.539815 0.640104 0.0592593
0 0.806771 0.430093 0.00625 0.0175926
