0 0.542708 0.488889 0.0072917 0.0185185
0 0.0885417 0.446296 0.00625 0.0148148
1 0.438542 0.810185 0.85625 0.283333
1 0.77526 0.620833 0.233854 0.075
2 0.509896 0.549074 0.0125 0.0537037
2 0.648177 0.590741 0.0296875 0.153704
2 0.969531 0.590278 0.0171875 0.0916667
1 0.685417 0.603241 0.0270833 0.130556
2 0.604427 0.556481 0.0109375 0.0407407
2 0.724219 0.574074 0.0130208 0.0740741
2 0.753125 0.579167 0.0177083 0.0898148
2 0.792708 0.590278 0.0208333 0.0990741
2 0.0614583 0.50463 0.009375 0.05
2 0.621615 0.5625 0.0098958 0.0601852
2 0.473958 0.54213 0.009375 0.037963
2 0.458333 0.543056 0.015625 0.0601852
2 0.991406 0.589815 0.0171875 0.0981481
