2 0.0419271 0.494444 0.0192708 0.12037
2 0.0585938 0.506944 0.0213542 0.126852
2 0.0846354 0.5125 0.0192708 0.0768519
2 0.1125 0.497222 0.0260417 0.111111
2 0.139583 0.500463 0.0239583 0.115741
2 0.154167 0.487963 0.01875 0.109259
2 0.190885 0.506482 0.0130208 0.0685185
2 0.203125 0.494444 0.021875 0.1
2 0.240365 0.497222 0.0244792 0.107407
2 0.292448 0.471296 0.0109375 0.0574074
2 0.302344 0.475926 0.0119792 0.0611111
2 0.340625 0.469907 0.0125 0.0546296
2 0.531771 0.462037 0.0104167 0.0425926
2 0.569792 0.468982 0.0125 0.0657407
2 0.592969 0.488426 0.0171875 0.0842593
2 0.659635 0.499537 0.0265625 0.125
2 0.700521 0.48287 0.015625 0.0824074
2 0.383333 0.456019 0.009375 0.0435185
