1 0.253385 0.587963 0.169271 0.0222222
1 0.0588542 0.598611 0.0760417 0.0305556
2 0.0518229 0.561111 0.0171875 0.0925926
2 0.246875 0.548148 0.0125 0.0648148
2 0.261198 0.548611 0.0130208 0.0712963
2 0.368229 0.551852 0.0208333 0.0796296
2 0.430208 0.534259 0.0114583 0.0555556
2 0.444792 0.538426 0.0135417 0.062037
2 0.573958 0.556481 0.021875 0.0907407
2 0.595573 0.551852 0.0213542 0.0925926
2 0.609115 0.526852 0.0119792 0.05
2 0.920833 0.523611 0.0083333 0.0324074
2 0.933333 0.521759 0.0083333 0.0305556
1 0.95651 0.552315 0.0869792 0.0175926
2 0.427865 0.547222 0.0130208 0.0518519
2 0.951042 0.522685 0.0072917 0.0361111
2 0.95599 0.522222 0.0067708 0.037037
