2 0.6625 0.548611 0.0145833 0.0657407
2 0.824219 0.555556 0.0276042 0.140741
2 0.857292 0.559722 0.0322917 0.141667
2 0.919271 0.565741 0.028125 0.140741
1 0.807292 0.6625 0.352083 0.0898148
1 0.391927 0.684259 0.165104 0.087037
1 0.0528646 0.696296 0.0901042 0.0611111
1 0.419271 0.571296 0.0958333 0.0092593
0 0.541406 0.386574 0.0307292 0.0305556
2 0.0401042 0.568056 0.009375 0.0472222
2 0.73776 0.539815 0.0119792 0.0574074
2 0.753125 0.538426 0.015625 0.0657407
2 0.895573 0.543981 0.0223958 0.108333
2 0.990365 0.583333 0.0192708 0.188889
2 0.967188 0.533796 0.0197917 0.100926
2 0.842708 0.540741 0.015625 0.101852
2 0.671875 0.540278 0.009375 0.0490741
