2 0.985156 0.54537 0.0296875 0.233333
2 0.950781 0.5 0.0109375 0.05
2 0.864583 0.528704 0.025 0.166667
2 0.816146 0.492593 0.0135417 0.062963
2 0.791667 0.481481 0.0072917 0.037037
2 0.461719 0.493519 0.0359375 0.112963
2 0.448438 0.493981 0.028125 0.149074
2 0.410937 0.474074 0.0125 0.0555556
2 0.326562 0.474074 0.009375 0.0481481
2 0.319531 0.476389 0.0088542 0.0453704
2 0.311719 0.475 0.0098958 0.0481481
2 0.304948 0.472222 0.0109375 0.0462963
0 0.128125 0.261574 0.0166667 0.0694444
1 0.258073 0.485185 0.0473958 0.0092593
1 0.407031 0.564352 0.243229 0.117593
1 0.858594 0.652778 0.277604 0.0944444
2 0.563802 0.509722 0.0192708 0.137963
0 0.359635 0.386111 0.0119792 0.0314815
1 0.439844 0.630556 0.179688 0.0481481
