2 0.85599 0.683796 0.105729 0.486111
2 0.403125 0.547685 0.0104167 0.0342593
1 0.776823 0.644444 0.0755208 0.0981481
2 0.597656 0.541204 0.0130208 0.0601852
2 0.630469 0.538426 0.0140625 0.0675926
1 0.635417 0.633796 0.108333 0.0564815
2 0.959115 0.617593 0.0411458 0.444444
2 0.663542 0.559259 0.0177083 0.0981481
2 0.716667 0.589352 0.0489583 0.163889
2 0.0591146 0.568982 0.0213542 0.106481
2 0.917448 0.549074 0.0234375 0.142593
2 0.789583 0.532407 0.0145833 0.0740741
2 0.979688 0.611574 0.040625 0.525
2 0.76875 0.535185 0.0166667 0.0703704
