2 0.0182292 0.558333 0.0197917 0.0888889
2 0.134896 0.570833 0.025 0.112037
2 0.469271 0.61713 0.0666667 0.243519
2 0.536458 0.566667 0.015625 0.0814815
2 0.586458 0.559259 0.0166667 0.0796296
2 0.604948 0.569444 0.0213542 0.1
2 0.557813 0.543518 0.0114583 0.0685185
2 0.515365 0.538889 0.0088542 0.037037
1 0.553906 0.617593 0.108854 0.0462963
2 0.636198 0.578241 0.0380208 0.221296
2 0.733333 0.672685 0.09375 0.402778
2 0.772656 0.674074 0.0359375 0.342593
2 0.786719 0.640741 0.0494792 0.340741
2 0.882552 0.675926 0.0890625 0.461111
2 0.922396 0.551852 0.0302083 0.153704
2 0.333073 0.698148 0.101563 0.507407
1 0.245573 0.825926 0.491146 0.231482
2 0.16875 0.570833 0.0166667 0.102778
2 0.691927 0.594444 0.0401042 0.262963
2 0.178385 0.571296 0.0203125 0.112963
2 0.53099 0.549537 0.0109375 0.0675926
