2 0.0776042 0.550463 0.0302083 0.143518
2 0.154948 0.531944 0.0307292 0.130556
2 0.178385 0.52037 0.0223958 0.114815
2 0.200521 0.540741 0.015625 0.0777778
2 0.196354 0.514352 0.01875 0.087963
2 0.214062 0.526852 0.0166667 0.0648148
2 0.26224 0.507407 0.0182292 0.0537037
2 0.321354 0.444444 0.0072917 0.0333333
2 0.520312 0.436574 0.0083333 0.0342593
2 0.53099 0.450463 0.0088542 0.037963
2 0.544792 0.484722 0.0166667 0.0787037
2 0.588021 0.502778 0.0145833 0.0425926
2 0.610937 0.481944 0.0197917 0.0916667
2 0.633854 0.49213 0.01875 0.0842593
2 0.646615 0.497685 0.0182292 0.0675926
2 0.610677 0.49537 0.0119792 0.0611111
2 0.0583333 0.527778 0.0208333 0.105556
2 0.219792 0.513889 0.0177083 0.0574074
2 0.248958 0.487963 0.015625 0.0814815
2 0.334115 0.446759 0.0098958 0.037963
2 0.0398437 0.528241 0.0213542 0.0842593
2 0.56224 0.481481 0.0161458 0.0814815
2 0.386458 0.449537 0.009375 0.037963
