2 0.283594 0.493519 0.0171875 0.0814815
2 0.280729 0.452778 0.0114583 0.0518519
2 0.286719 0.459259 0.0088542 0.0462963
2 0.30026 0.472222 0.0078125 0.0314815
2 0.307031 0.465278 0.0098958 0.0490741
2 0.316667 0.4625 0.0114583 0.0527778
2 0.334115 0.453704 0.0098958 0.0481481
2 0.363542 0.456944 0.009375 0.0490741
2 0.372135 0.445833 0.0078125 0.0398148
2 0.514323 0.437037 0.0067708 0.0296296
2 0.534896 0.448148 0.009375 0.0407407
2 0.542969 0.468982 0.0119792 0.0453704
1 0.331771 0.498611 0.0864583 0.025
2 0.257813 0.463426 0.0104167 0.0490741
2 0.241927 0.465278 0.0130208 0.0583333
2 0.613802 0.491204 0.0286458 0.147222
