2 0.971875 0.564815 0.0333333 0.194444
2 0.848958 0.539352 0.0177083 0.0768519
2 0.727604 0.543518 0.0145833 0.0611111
1 0.5 0.829167 0.998958 0.278704
0 0.571094 0.364352 0.0328125 0.0287037
2 0.248177 0.570833 0.0130208 0.0675926
2 0.232292 0.572222 0.0114583 0.0592593
2 0.703646 0.536574 0.0104167 0.0490741
2 0.714583 0.551389 0.015625 0.0842593
2 0.833333 0.536574 0.0177083 0.0824074
2 0.138281 0.568982 0.0109375 0.0490741
2 0.166927 0.555556 0.0067708 0.0388889
2 0.171615 0.570833 0.0098958 0.0490741
