2 0.511979 0.409259 0.015625 0.0518519
2 0.771094 0.45463 0.0307292 0.159259
2 0.846875 0.415741 0.021875 0.0759259
2 0.571615 0.406944 0.0161458 0.0564815
2 0.471354 0.406018 0.0072917 0.0305556
2 0.479688 0.40463 0.0083333 0.0425926
2 0.499219 0.405093 0.0067708 0.0398148
2 0.458073 0.405093 0.0078125 0.0324074
1 0.379687 0.472685 0.369792 0.0287037
2 0.0776042 0.45 0.0208333 0.107407
2 0.465365 0.406482 0.0067708 0.0277778
1 0.900521 0.531482 0.196875 0.0703704
2 0.583594 0.406018 0.0151042 0.0564815
0 0.432031 0.35787 0.0067708 0.0212963
