2 0.164583 0.530093 0.009375 0.0287037
1 0.666146 0.775 0.64375 0.288889
2 0.428125 0.544444 0.028125 0.12963
2 0.895833 0.568056 0.0395833 0.213889
2 0.532552 0.536574 0.0203125 0.0990741
2 0.584635 0.546759 0.0223958 0.102778
2 0.82526 0.579167 0.0692708 0.213889
2 0.646875 0.526852 0.0145833 0.0925926
2 0.62474 0.523148 0.0192708 0.107407
2 0.548698 0.543056 0.0182292 0.0805556
2 0.398698 0.529167 0.0151042 0.0842593
2 0.44974 0.528241 0.0161458 0.0768519
2 0.815104 0.538889 0.0354167 0.142593
2 0.984896 0.591204 0.0270833 0.217593
2 0.521094 0.534722 0.0119792 0.0861111
2 0.384896 0.517593 0.0114583 0.0462963
