2 0.270573 0.502778 0.0140625 0.0740741
2 0.278385 0.513889 0.0140625 0.05
2 0.304688 0.490278 0.015625 0.0712963
2 0.542708 0.475463 0.0125 0.0601852
2 0.0614583 0.504167 0.03125 0.158333
2 0.533854 0.471296 0.0135417 0.0592593
2 0.299219 0.509722 0.0109375 0.0546296
2 0.523438 0.45 0.0083333 0.0351852
2 0.51276 0.442593 0.0098958 0.0351852
2 0.197917 0.497685 0.0197917 0.0990741
2 0.599219 0.481481 0.0119792 0.0462963
2 0.560156 0.475926 0.0109375 0.0611111
2 0.579167 0.507407 0.0270833 0.1
2 0.180469 0.511574 0.0109375 0.062037
2 0.342187 0.440278 0.0072917 0.0287037
