2 0.129427 0.506944 0.0213542 0.102778
2 0.200781 0.503241 0.0171875 0.087963
2 0.238542 0.516667 0.0114583 0.0425926
2 0.291927 0.506944 0.0151042 0.0675926
2 0.307292 0.50787 0.0135417 0.0675926
2 0.508073 0.452315 0.0078125 0.0324074
2 0.515625 0.465278 0.009375 0.0324074
2 0.529948 0.499537 0.0171875 0.0675926
2 0.542448 0.48287 0.0098958 0.0564815
2 0.553125 0.491204 0.0083333 0.0398148
2 0.576563 0.491204 0.0104167 0.0398148
2 0.327865 0.501852 0.0119792 0.0648148
2 0.191667 0.516204 0.0145833 0.0564815
2 0.298958 0.519907 0.0104167 0.037963
2 0.322396 0.513426 0.009375 0.0416667
