2 0.842969 0.541204 0.0619792 0.337963
2 0.807031 0.53287 0.0369792 0.230556
2 0.77474 0.531482 0.0463542 0.22963
2 0.579948 0.475463 0.0130208 0.0657407
2 0.55651 0.481481 0.0151042 0.0611111
2 0.546354 0.4625 0.0104167 0.0472222
2 0.302604 0.471759 0.0125 0.0564815
2 0.28151 0.481481 0.0151042 0.062963
2 0.320573 0.475 0.0119792 0.0685185
2 0.0208333 0.496296 0.0302083 0.138889
1 0.282031 0.535185 0.0546875 0.0314815
2 0.248437 0.481019 0.0125 0.075
2 0.25599 0.485648 0.0130208 0.0657407
2 0.26901 0.491204 0.0109375 0.0416667
