2 0.607552 0.477778 0.0192708 0.087037
2 0.577083 0.47963 0.0177083 0.0722222
2 0.561198 0.460185 0.0161458 0.0592593
2 0.334635 0.464352 0.0088542 0.0416667
2 0.394792 0.446759 0.0072917 0.0342593
2 0.372135 0.45787 0.0119792 0.0490741
2 0.32526 0.464352 0.0119792 0.0453704
2 0.529167 0.451389 0.0072917 0.0398148
2 0.295052 0.481019 0.0182292 0.0787037
2 0.648438 0.472222 0.0104167 0.0703704
2 0.284896 0.468982 0.0125 0.062037
2 0.351042 0.453704 0.0083333 0.0444444
2 0.258073 0.479167 0.0151042 0.075
2 0.246875 0.493056 0.0083333 0.0490741
2 0.360677 0.456481 0.0088542 0.0462963
2 0.222135 0.483796 0.0192708 0.0990741
