2 0.184115 0.478241 0.0130208 0.0731481
2 0.2125 0.468518 0.015625 0.0574074
2 0.222135 0.50787 0.0223958 0.10463
2 0.254687 0.475926 0.0072917 0.0388889
2 0.263802 0.471296 0.0109375 0.0555556
2 0.270052 0.465741 0.0151042 0.0611111
2 0.288021 0.476389 0.0145833 0.0546296
2 0.304688 0.475 0.0145833 0.0592593
2 0.516406 0.443981 0.0057292 0.0324074
2 0.540104 0.45463 0.0083333 0.037037
2 0.548698 0.474074 0.0109375 0.0537037
2 0.577865 0.464352 0.0130208 0.0546296
2 0.659635 0.500926 0.0244792 0.157407
2 0.690625 0.508333 0.0364583 0.203704
2 0.114323 0.480093 0.0286458 0.117593
2 0.279167 0.483796 0.009375 0.0342593
2 0.322396 0.460648 0.0114583 0.0564815
2 0.22526 0.466204 0.0151042 0.0583333
2 0.294531 0.47963 0.0078125 0.037037
