2 0.0442708 0.5 0.0375 0.144444
2 0.0963542 0.522685 0.015625 0.0805556
2 0.111198 0.501389 0.0307292 0.123148
2 0.145833 0.507407 0.025 0.133333
2 0.19375 0.484722 0.0145833 0.0805556
2 0.246875 0.479167 0.0104167 0.062037
2 0.257813 0.478704 0.0125 0.0648148
2 0.299219 0.476389 0.0171875 0.0712963
2 0.367708 0.464352 0.0114583 0.0453704
2 0.623958 0.499074 0.0229167 0.116667
2 0.80026 0.5375 0.0421875 0.225
2 0.78151 0.4875 0.0171875 0.112037
2 0.0148437 0.516204 0.0296875 0.156482
2 0.582031 0.472222 0.0088542 0.0648148
