2 0.482031 0.463889 0.0078125 0.0314815
2 0.467708 0.464815 0.009375 0.0351852
2 0.416667 0.463426 0.0104167 0.0416667
2 0.40599 0.465741 0.0098958 0.0425926
2 0.204948 0.469444 0.0088542 0.0388889
2 0.196615 0.473611 0.0067708 0.0361111
2 0.211198 0.473148 0.0057292 0.0333333
2 0.172917 0.471296 0.0083333 0.0351852
2 0.499219 0.4625 0.0067708 0.0287037
2 0.283073 0.468982 0.0098958 0.0342593
2 0.276302 0.463426 0.0067708 0.0212963
2 0.182552 0.474074 0.0088542 0.0351852
2 0.157552 0.471296 0.0088542 0.0425926
2 0.0041667 0.487037 0.0083333 0.05
0 0.0346354 0.285648 0.0151042 0.0675926
0 0.0833333 0.274537 0.015625 0.0712963
