2 0.829948 0.459259 0.0223958 0.0962963
2 0.663542 0.446296 0.0166667 0.0481481
2 0.584896 0.443056 0.0104167 0.0287037
2 0.752865 0.447685 0.0098958 0.0527778
2 0.903125 0.462037 0.0177083 0.0981481
2 0.761979 0.44213 0.0125 0.0564815
2 0.807813 0.437037 0.0104167 0.0648148
2 0.734375 0.439815 0.0083333 0.0388889
2 0.638021 0.44213 0.009375 0.0435185
2 0.814844 0.438889 0.0109375 0.0666667
2 0.784115 0.447222 0.0130208 0.0759259
2 0.642448 0.449537 0.0098958 0.0342593
2 0.595052 0.442593 0.0088542 0.0296296
2 0.847917 0.447685 0.01875 0.0657407
2 0.985677 0.442593 0.0140625 0.0759259
2 0.0244792 0.463889 0.0104167 0.05
2 0.992969 0.455093 0.0140625 0.0953704
