1 0.825781 0.473148 0.231771 0.0611111
1 0.421354 0.524537 0.7875 0.0694444
1 0.0447917 0.491667 0.0895833 0.0388889
2 0.0453125 0.475 0.0385417 0.135185
2 0.0856771 0.444444 0.0119792 0.0722222
2 0.114844 0.471759 0.0390625 0.178704
2 0.164063 0.452778 0.028125 0.0981481
2 0.625 0.422685 0.0197917 0.0805556
2 0.855729 0.435185 0.028125 0.164815
1 0.495573 0.443518 0.167187 0.0148148
1 0.326302 0.451852 0.0473958 0.0166667
0 0.570313 0.30463 0.0125 0.0462963
0 0.61875 0.359259 0.0114583 0.0351852
2 0.128646 0.443056 0.0166667 0.0712963
