2 0.828646 0.603241 0.0635417 0.225
2 0.695573 0.588889 0.0536458 0.277778
2 0.423438 0.538426 0.0239583 0.121296
2 0.380729 0.546296 0.0208333 0.111111
2 0.359115 0.544907 0.0203125 0.121296
2 0.279948 0.550463 0.0255208 0.136111
2 0.252083 0.558333 0.021875 0.101852
2 0.234896 0.548611 0.0208333 0.119444
2 0.164583 0.538889 0.025 0.105556
2 0.046875 0.548148 0.0302083 0.146296
2 0.109115 0.5375 0.0151042 0.0916667
1 0.459375 0.807407 0.915625 0.248148
2 0.982031 0.626389 0.0359375 0.263889
2 0.0742188 0.531018 0.0151042 0.100926
2 0.0648438 0.539352 0.0140625 0.0972222
2 0.122396 0.521296 0.0166667 0.0740741
