2 0.0554687 0.506944 0.0234375 0.137963
2 0.160417 0.516667 0.0135417 0.0685185
2 0.191927 0.501389 0.0182292 0.0953704
2 0.23151 0.511574 0.0151042 0.087963
2 0.265625 0.518056 0.0104167 0.0509259
2 0.295573 0.513426 0.0119792 0.0527778
2 0.282292 0.498148 0.01875 0.0833333
2 0.254167 0.503241 0.0166667 0.0842593
2 0.336198 0.443981 0.0078125 0.0324074
2 0.503385 0.438889 0.0078125 0.0314815
2 0.514323 0.446759 0.0088542 0.0305556
2 0.514844 0.477778 0.0109375 0.0592593
2 0.525 0.475 0.0114583 0.0555556
2 0.549479 0.490278 0.0104167 0.0361111
2 0.560677 0.477315 0.0109375 0.0583333
2 0.56875 0.486111 0.0072917 0.0314815
2 0.626823 0.522222 0.0328125 0.135185
2 0.579687 0.478704 0.0135417 0.0611111
