2 0.597656 0.402778 0.0140625 0.0611111
2 0.809115 0.416667 0.0317708 0.135185
2 0.878646 0.47037 0.0385417 0.190741
2 0.517969 0.40787 0.0151042 0.0564815
2 0.502604 0.405093 0.0083333 0.0472222
2 0.480729 0.40463 0.009375 0.0425926
2 0.472656 0.40463 0.0098958 0.037037
2 0.461198 0.400926 0.0078125 0.0333333
2 0.466406 0.40463 0.0057292 0.0277778
2 0.452865 0.405093 0.0078125 0.0472222
2 0.9625 0.422685 0.021875 0.0916667
1 0.360677 0.495833 0.454688 0.0490741
1 0.938542 0.543981 0.115625 0.0435185
2 0.0078125 0.469907 0.015625 0.112037
0 0.430729 0.356481 0.0052083 0.0203704
