2 0.413281 0.54213 0.0098958 0.0324074
1 0.866406 0.659259 0.115104 0.107407
2 0.616667 0.538889 0.0125 0.0574074
2 0.645312 0.535648 0.0135417 0.0675926
1 0.676823 0.652778 0.172396 0.087037
2 0.682813 0.553704 0.01875 0.105556
2 0.0476562 0.564352 0.0223958 0.112037
2 0.816927 0.534259 0.0151042 0.0759259
2 0.898177 0.556481 0.0244792 0.131481
2 0.928646 0.544907 0.0197917 0.115741
2 0.728646 0.537037 0.0135417 0.0722222
2 0.722396 0.538889 0.0125 0.0685185
2 0.588281 0.540741 0.0151042 0.0740741
2 0.75651 0.552315 0.0171875 0.0805556
2 0.791667 0.596296 0.0479167 0.159259
2 0.74375 0.552778 0.0125 0.0648148
2 0.655469 0.535185 0.0119792 0.0592593
