2 0.0208333 0.498148 0.021875 0.135185
2 0.0369792 0.506482 0.0208333 0.124074
2 0.0635417 0.517593 0.0239583 0.0796296
2 0.0947917 0.491204 0.0229167 0.113889
2 0.117969 0.499074 0.0203125 0.112963
2 0.136198 0.487037 0.0255208 0.112963
2 0.176563 0.508333 0.0135417 0.0666667
2 0.188281 0.493519 0.0223958 0.101852
2 0.224219 0.499074 0.0192708 0.101852
2 0.236458 0.475926 0.0125 0.0740741
2 0.283594 0.474537 0.0109375 0.0564815
2 0.29401 0.475 0.0119792 0.0574074
2 0.327083 0.466667 0.009375 0.0481481
2 0.380208 0.456481 0.0083333 0.0425926
2 0.571615 0.467593 0.0109375 0.0537037
2 0.595573 0.488889 0.0203125 0.0907407
2 0.670833 0.499537 0.025 0.128704
2 0.710417 0.485648 0.0177083 0.0916667
