2 0.353646 0.462037 0.0125 0.0518519
2 0.714063 0.450926 0.021875 0.103704
2 0.0661458 0.524074 0.0364583 0.138889
2 0.824219 0.444907 0.0203125 0.106481
2 0.025 0.508333 0.0166667 0.0981481
2 0.853385 0.44537 0.0286458 0.112963
2 0.913021 0.447685 0.0270833 0.169444
2 0.0617188 0.480556 0.0182292 0.0703704
2 0.319792 0.453704 0.009375 0.0425926
2 0.473698 0.443056 0.0067708 0.025
2 0.727604 0.443056 0.0177083 0.0824074
2 0.617708 0.442593 0.0125 0.0574074
2 0.307552 0.459259 0.0078125 0.05
2 0.301042 0.469444 0.0166667 0.0611111
