2 0.824479 0.444444 0.0166667 0.0722222
2 0.78099 0.462963 0.0223958 0.0907407
2 0.714323 0.46713 0.0192708 0.0990741
2 0.65599 0.446759 0.0130208 0.0564815
2 0.618229 0.444907 0.009375 0.0342593
2 0.730208 0.448148 0.0125 0.0666667
2 0.134635 0.466667 0.0244792 0.0962963
2 0.846875 0.443056 0.0229167 0.100926
2 0.642708 0.440278 0.0125 0.0453704
2 0.670313 0.442593 0.0104167 0.0388889
2 0.692969 0.445833 0.0119792 0.0564815
2 0.571875 0.436111 0.00625 0.0240741
2 0.251042 0.457407 0.0177083 0.062963
2 0.891146 0.441204 0.0177083 0.0861111
