1 0.571875 0.801852 0.776042 0.3
2 0.26224 0.54213 0.0307292 0.136111
2 0.890625 0.601389 0.059375 0.29537
2 0.39974 0.534722 0.0255208 0.108333
2 0.453385 0.543056 0.0255208 0.119444
2 0.785677 0.578241 0.0713542 0.230556
2 0.532292 0.527315 0.015625 0.100926
2 0.506771 0.526852 0.0229167 0.111111
2 0.415104 0.543518 0.0208333 0.087037
2 0.726302 0.555093 0.0348958 0.178704
2 0.98125 0.596759 0.034375 0.239815
2 0.559635 0.527778 0.0213542 0.109259
2 0.242448 0.528704 0.0182292 0.0907407
2 0.040625 0.518519 0.0072917 0.0277778
