2 0.731771 0.652778 0.059375 0.268519
2 0.658594 0.664815 0.0609375 0.274074
2 0.67526 0.560185 0.0161458 0.101852
2 0.660417 0.580556 0.0333333 0.168518
2 0.522396 0.684259 0.127083 0.392593
2 0.497396 0.58287 0.0166667 0.0712963
2 0.469271 0.62963 0.0458333 0.246296
2 0.420312 0.629167 0.0385417 0.258333
2 0.338021 0.575 0.0208333 0.0833333
2 0.315885 0.569907 0.0161458 0.0805556
2 0.274219 0.574537 0.0276042 0.102778
2 0.19375 0.643519 0.104167 0.372222
2 0.15 0.577778 0.0177083 0.109259
2 0.0924479 0.5625 0.0140625 0.0731481
2 0.0440104 0.559259 0.0151042 0.0777778
1 0.0705729 0.752778 0.141146 0.162963
1 0.35026 0.767593 0.161979 0.181481
0 0.241927 0.0828704 0.0328125 0.134259
0 0.408073 0.0824074 0.0317708 0.12037
2 0.613021 0.655093 0.04375 0.325
2 0.248698 0.608796 0.0505208 0.228704
2 0.447396 0.630093 0.0239583 0.250926
2 0.978646 0.50787 0.0416667 0.286111
