2 0.534375 0.448148 0.0145833 0.0537037
2 0.546615 0.448148 0.0130208 0.0555556
2 0.75026 0.456481 0.0234375 0.112963
2 0.336979 0.468519 0.0114583 0.0648148
2 0.377604 0.45463 0.00833333 0.0444444
2 0.446094 0.444907 0.0078125 0.0342593
2 0.395833 0.455093 0.0104167 0.0490741
2 0.428906 0.447222 0.00989583 0.037037
2 0.627344 0.441667 0.00885417 0.0462963
2 0.597656 0.439815 0.0078125 0.0425926
2 0.341667 0.458796 0.00833333 0.0509259
0 0.369271 0.268519 0.015625 0.0574074
0 0.527865 0.37037 0.00572917 0.0222222
