2 0.947135 0.514815 0.0265625 0.107407
2 0.920313 0.506944 0.015625 0.0861111
2 0.911979 0.515741 0.0229167 0.103704
2 0.880729 0.5125 0.0166667 0.087963
2 0.878906 0.577315 0.0317708 0.193519
2 0.865104 0.581482 0.0260417 0.162963
2 0.846615 0.588426 0.0234375 0.193519
2 0.813802 0.538426 0.0213542 0.108333
2 0.772135 0.55 0.0296875 0.109259
2 0.696354 0.573148 0.0291667 0.101852
2 0.610156 0.571759 0.0244792 0.10463
2 0.58776 0.572222 0.0265625 0.103704
2 0.533594 0.575 0.0203125 0.0907407
2 0.255208 0.548611 0.0083333 0.0453704
2 0.224479 0.572685 0.0197917 0.100926
2 0.234635 0.575463 0.0140625 0.0898148
2 0.178646 0.553241 0.0104167 0.0601852
2 0.139062 0.561574 0.01875 0.0916667
2 0.0684896 0.556018 0.0213542 0.087963
2 0.05625 0.583796 0.0177083 0.0972222
2 0.0351562 0.556944 0.0130208 0.0768519
2 0.015625 0.545833 0.0104167 0.0546296
2 0.0070313 0.535648 0.0119792 0.0694444
1 0.430729 0.61713 0.471875 0.0305556
1 0.944271 0.630093 0.107292 0.110185
1 0.76849 0.611111 0.143229 0.0666667
0 0.449479 0.274074 0.021875 0.0888889
0 0.542188 0.271296 0.0197917 0.0833333
