2 0.902344 0.493056 0.0130208 0.075
2 0.828906 0.488426 0.0119792 0.0527778
2 0.810417 0.543518 0.0385417 0.233333
2 0.775781 0.541204 0.0411458 0.226852
2 0.665885 0.50463 0.0328125 0.118519
2 0.23724 0.485185 0.0182292 0.0814815
2 0.220052 0.489352 0.0161458 0.0768519
2 0.19375 0.491667 0.0197917 0.0666667
2 0.1875 0.480556 0.0166667 0.0722222
2 0.154167 0.499537 0.01875 0.0916667
2 0.0559896 0.493056 0.0098958 0.0638889
2 0.0648438 0.491204 0.0130208 0.075
2 0.0817708 0.487963 0.0145833 0.0648148
2 0.0864583 0.491667 0.0135417 0.0666667
2 0.0351562 0.490741 0.0192708 0.0666667
1 0.491406 0.71713 0.982813 0.382407
0 0.122135 0.365278 0.0130208 0.0398148
