2 0.0734375 0.491667 0.0177083 0.109259
2 0.0893229 0.497222 0.0182292 0.107407
2 0.119531 0.510185 0.0182292 0.0722222
2 0.142708 0.494907 0.0239583 0.102778
2 0.166406 0.499074 0.0213542 0.101852
2 0.178125 0.4875 0.015625 0.0990741
2 0.210156 0.505093 0.0119792 0.0638889
2 0.221354 0.492593 0.0197917 0.0907407
2 0.258854 0.493982 0.021875 0.0972222
2 0.304167 0.473148 0.009375 0.0481481
2 0.313281 0.475926 0.0109375 0.0537037
2 0.352865 0.468518 0.0098958 0.05
2 0.532552 0.460648 0.0098958 0.0416667
2 0.56875 0.467593 0.0114583 0.0611111
2 0.588802 0.486111 0.0161458 0.0796296
2 0.644531 0.492593 0.0234375 0.109259
2 0.685156 0.481481 0.0140625 0.0759259
