2 0.660417 0.525926 0.0104167 0.0407407
2 0.651042 0.522685 0.015625 0.0638889
2 0.704687 0.525 0.009375 0.0444444
0 0.696094 0.418519 0.0161458 0.062963
0 0.604688 0.477315 0.009375 0.0324074
0 0.5625 0.410185 0.009375 0.0388889
0 0.533854 0.410648 0.0114583 0.0398148
0 0.510938 0.411574 0.0104167 0.037963
1 0.379948 0.560648 0.0286458 0.0157407
2 0.4625 0.533333 0.0145833 0.0462963
0 0.13724 0.490741 0.0078125 0.0296296
2 0.13776 0.525926 0.0109375 0.0444444
0 0.121615 0.494444 0.0088542 0.0333333
