2 0.201562 0.512037 0.015625 0.0407407
2 0.2625 0.498148 0.0166667 0.0666667
2 0.272917 0.514352 0.0135417 0.0490741
2 0.303385 0.487963 0.0161458 0.0740741
2 0.544792 0.475926 0.0125 0.0611111
2 0.566146 0.500463 0.0260417 0.0953704
2 0.589583 0.478704 0.0114583 0.0537037
2 0.0591146 0.50463 0.0359375 0.161111
2 0.533854 0.472685 0.0135417 0.0601852
2 0.297656 0.508796 0.0109375 0.0546296
2 0.614844 0.470833 0.0192708 0.0638889
2 0.522396 0.449074 0.0072917 0.0351852
2 0.511719 0.441667 0.0078125 0.0314815
2 0.190104 0.497222 0.0166667 0.0925926
