2 0.966406 0.4125 0.0109375 0.0398148
2 0.948958 0.410648 0.0104167 0.0416667
2 0.90651 0.415278 0.0109375 0.0472222
2 0.744531 0.466667 0.0171875 0.0666667
2 0.708333 0.5 0.0427083 0.144444
2 0.515885 0.431482 0.0088542 0.037037
2 0.402083 0.443981 0.009375 0.0342593
1 0.346094 0.55 0.0369792 0.0333333
2 0.330729 0.452315 0.0083333 0.037963
2 0.653906 0.493519 0.0203125 0.0981481
2 0.432552 0.427778 0.0067708 0.0277778
2 0.570833 0.430556 0.009375 0.037037
0 0.407552 0.34537 0.0078125 0.0277778
