2 0.790365 0.466204 0.0171875 0.0842593
2 0.149219 0.497685 0.0234375 0.121296
2 0.0976562 0.497222 0.0223958 0.124074
2 0.31224 0.467593 0.0109375 0.0462963
2 0.422656 0.458796 0.0130208 0.0398148
2 0.623958 0.446759 0.0072917 0.0324074
2 0.465625 0.45 0.00625 0.0296296
2 0.764323 0.461574 0.0140625 0.0657407
2 0.0158854 0.503704 0.0223958 0.133333
2 0.0638021 0.499537 0.0223958 0.128704
2 0.632031 0.452778 0.0098958 0.0481481
2 0.432031 0.451389 0.0067708 0.0287037
2 0.646875 0.451852 0.009375 0.0481481
2 0.458594 0.460648 0.0109375 0.0453704
