2 0.901823 0.526389 0.0255208 0.110185
2 0.84974 0.540278 0.0234375 0.108333
2 0.776823 0.566667 0.0265625 0.111111
2 0.716146 0.574537 0.0229167 0.108333
2 0.707812 0.575 0.0229167 0.107407
2 0.642448 0.580556 0.0223958 0.0925926
2 0.609896 0.585648 0.0302083 0.100926
2 0.252865 0.560648 0.0130208 0.0509259
2 0.210417 0.576389 0.0166667 0.0694444
2 0.118229 0.561111 0.0145833 0.0777778
2 0.0820312 0.571759 0.0182292 0.0898148
2 0.0619792 0.583333 0.0197917 0.0944444
2 0.224479 0.563889 0.009375 0.0481481
2 0.173958 0.58287 0.0197917 0.100926
2 0.864844 0.522222 0.0192708 0.0851852
2 0.963281 0.508333 0.0140625 0.101852
2 0.0140625 0.558796 0.0125 0.0583333
2 0.163281 0.578241 0.0140625 0.0898148
1 0.807292 0.626852 0.198958 0.107407
1 0.427083 0.630093 0.470833 0.0305556
0 0.449479 0.281944 0.021875 0.0898148
0 0.542708 0.27963 0.0197917 0.0833333
