2 0.164063 0.594907 0.0270833 0.119444
2 0.891667 0.524537 0.0166667 0.0898148
2 0.85625 0.513889 0.015625 0.0833333
2 0.842448 0.512963 0.0140625 0.0833333
2 0.800781 0.535185 0.0171875 0.0962963
2 0.678125 0.544907 0.0145833 0.0824074
2 0.688281 0.543981 0.0161458 0.0861111
2 0.64375 0.543981 0.0145833 0.062037
0 0.528646 0.468982 0.0125 0.012037
2 0.113542 0.59213 0.0166667 0.0953704
2 0.127604 0.58287 0.0166667 0.106481
2 0.135156 0.580093 0.0161458 0.0990741
2 0.028125 0.591667 0.0208333 0.12963
2 0.0455729 0.618518 0.0286458 0.174074
2 0.08125 0.592593 0.01875 0.109259
2 0.0567708 0.601389 0.0166667 0.117593
2 0.100521 0.59213 0.0177083 0.10463
2 0.197656 0.567593 0.0109375 0.0574074
2 0.0674479 0.599074 0.0130208 0.107407
2 0.0111979 0.607407 0.0223958 0.12963
