0 0.155729 0.483796 0.0052083 0.0157407
0 0.220052 0.116667 0.0651042 0.0537037
2 0.118229 0.53287 0.0104167 0.0472222
2 0.163021 0.5375 0.0072917 0.0287037
2 0.15651 0.5375 0.0067708 0.0305556
1 0.204427 0.622222 0.172396 0.037037
2 0.598958 0.572222 0.0125 0.0555556
2 0.607813 0.568519 0.00625 0.0351852
2 0.682552 0.578704 0.0088542 0.0518519
2 0.722135 0.578704 0.0119792 0.0833333
2 0.7875 0.581019 0.0135417 0.0583333
2 0.802083 0.58287 0.0145833 0.062037
2 0.0588542 0.528704 0.0114583 0.0555556
2 0.566146 0.583333 0.0125 0.0703704
2 0.557292 0.582407 0.0083333 0.0740741
2 0.0705729 0.53287 0.0098958 0.0490741
