2 0.457552 0.475463 0.0192708 0.0675926
2 0.383333 0.480093 0.0135417 0.0861111
2 0.371615 0.478241 0.0151042 0.0916667
2 0.336198 0.474537 0.0140625 0.0768519
2 0.259375 0.486574 0.0125 0.0787037
2 0.250521 0.47037 0.0052083 0.0259259
2 0.213281 0.472222 0.0078125 0.0314815
2 0.144271 0.497685 0.0145833 0.0842593
2 0.106771 0.504167 0.0145833 0.075
2 0.10026 0.50463 0.0130208 0.0796296
2 0.0903646 0.49213 0.0067708 0.0435185
2 0.0679687 0.513426 0.0171875 0.100926
2 0.0794271 0.489352 0.0078125 0.0453704
2 0.0520833 0.506482 0.0145833 0.087037
2 0.0247396 0.508796 0.0161458 0.0712963
2 0.324479 0.463426 0.00625 0.0231481
1 0.379427 0.531944 0.576563 0.0416667
0 0.311198 0.42963 0.0057292 0.0185185
0 0.6 0.395833 0.0072917 0.025
0 0.618229 0.395833 0.0072917 0.025
