2 0.0283854 0.565741 0.0317708 0.172222
2 0.0598958 0.54537 0.021875 0.144444
2 0.157552 0.531944 0.0286458 0.14537
2 0.176823 0.524074 0.0182292 0.109259
2 0.185677 0.54537 0.0192708 0.0740741
2 0.19974 0.524537 0.0161458 0.0712963
2 0.21849 0.514352 0.0161458 0.0601852
2 0.373958 0.460648 0.0114583 0.0435185
2 0.382552 0.450463 0.0088542 0.037963
2 0.402083 0.431482 0.0072917 0.0277778
2 0.53125 0.4375 0.0083333 0.0324074
2 0.540885 0.452778 0.0078125 0.037037
2 0.558073 0.481481 0.0192708 0.0796296
2 0.620052 0.503704 0.0140625 0.0518519
2 0.634375 0.502315 0.0145833 0.0657407
2 0.657812 0.491204 0.01875 0.0972222
2 0.673698 0.500926 0.0151042 0.0703704
2 0.364062 0.449074 0.0083333 0.0351852
2 0.397396 0.451852 0.0083333 0.0333333
2 0.355729 0.447685 0.00625 0.037963
