2 0.700781 0.521296 0.0119792 0.0722222
2 0.684635 0.522685 0.0192708 0.0916667
0 0.761979 0.369907 0.0239583 0.0916667
0 0.605729 0.463426 0.0114583 0.037963
0 0.554167 0.381018 0.0114583 0.0472222
0 0.519792 0.382407 0.0135417 0.0462963
0 0.491927 0.38287 0.0130208 0.0453704
1 0.420833 0.575926 0.05625 0.0222222
1 0.89349 0.578241 0.138021 0.0324074
1 0.617708 0.573148 0.0635417 0.0277778
2 0.759896 0.520833 0.0114583 0.0564815
1 0.267969 0.571296 0.0328125 0.0259259
0 0.046875 0.478704 0.009375 0.0314815
0 0.0554687 0.474074 0.0098958 0.037037
