2 0.97474 0.574074 0.0348958 0.185185
2 0.835156 0.578241 0.0390625 0.19537
2 0.798437 0.560648 0.01875 0.0935185
2 0.774479 0.566667 0.021875 0.103704
2 0.745833 0.625463 0.0552083 0.326852
2 0.683594 0.602315 0.0265625 0.225
2 0.66224 0.595833 0.0380208 0.25463
2 0.616146 0.562037 0.0145833 0.0648148
2 0.608854 0.562037 0.0166667 0.0703704
2 0.581771 0.62037 0.0479167 0.196296
2 0.489844 0.608333 0.0505208 0.172222
2 0.34375 0.563426 0.0145833 0.0472222
1 0.53724 0.622685 0.0567708 0.0268519
1 0.613542 0.637037 0.0395833 0.0555556
1 0.313281 0.868056 0.352604 0.136111
2 0.874479 0.566667 0.034375 0.183333
2 0.859115 0.604167 0.0182292 0.0861111
