2 0.753646 0.477778 0.015625 0.0814815
2 0.692708 0.484259 0.0229167 0.0981481
2 0.671875 0.458796 0.0114583 0.037963
2 0.617448 0.476852 0.0265625 0.0851852
2 0.553125 0.487037 0.025 0.114815
2 0.496615 0.464815 0.0067708 0.0314815
2 0.467708 0.486111 0.021875 0.0925926
2 0.455469 0.465278 0.0088542 0.037963
2 0.396875 0.49213 0.0239583 0.0861111
2 0.351823 0.500463 0.0203125 0.0898148
2 0.340365 0.495833 0.0171875 0.0824074
2 0.302083 0.481944 0.0083333 0.0509259
2 0.295052 0.482407 0.0088542 0.05
2 0.285677 0.5 0.0130208 0.0722222
2 0.258854 0.490741 0.0104167 0.0574074
2 0.250521 0.490278 0.0083333 0.0472222
2 0.273438 0.504167 0.021875 0.0861111
2 0.23776 0.505093 0.0182292 0.0861111
2 0.186979 0.511111 0.015625 0.107407
2 0.175521 0.511111 0.0145833 0.107407
2 0.157813 0.515278 0.0229167 0.117593
2 0.0666667 0.518519 0.0239583 0.1
2 0.0091146 0.514815 0.0119792 0.0648148
2 0.959115 0.470833 0.0078125 0.0305556
1 0.624219 0.544444 0.725521 0.0537037
1 0.0666667 0.551852 0.130208 0.0555556
0 0.553385 0.426852 0.0067708 0.0166667
0 0.847396 0.396759 0.0072917 0.025
0 0.865625 0.397685 0.0083333 0.025
