2 0.686458 0.449537 0.0239583 0.0787037
2 0.608594 0.436574 0.0098958 0.0435185
2 0.623438 0.439352 0.0135417 0.0509259
2 0.585417 0.436574 0.0104167 0.0324074
2 0.570573 0.436574 0.0109375 0.0342593
2 0.54401 0.433796 0.0088542 0.025
2 0.532552 0.431019 0.0067708 0.0212963
2 0.559375 0.431482 0.0072917 0.0222222
2 0.751302 0.446759 0.0317708 0.110185
2 0.775521 0.431482 0.0135417 0.0592593
2 0.863021 0.431019 0.015625 0.0657407
2 0.882292 0.427315 0.0135417 0.0787037
2 0.705208 0.435185 0.009375 0.05
