2 0.516406 0.409259 0.0151042 0.05
2 0.753646 0.453704 0.0270833 0.140741
2 0.827604 0.416667 0.021875 0.0648148
2 0.571875 0.406018 0.0135417 0.0564815
2 0.470313 0.402778 0.0052083 0.0277778
2 0.476302 0.403704 0.0057292 0.0296296
2 0.484635 0.404167 0.0078125 0.0416667
2 0.503906 0.40463 0.0067708 0.0388889
2 0.463802 0.402778 0.0078125 0.0314815
1 0.389323 0.466667 0.348437 0.0277778
1 0.882813 0.531482 0.228125 0.0944444
2 0.586719 0.403241 0.0161458 0.0472222
0 0.4375 0.357407 0.00625 0.0203704
