2 0.320573 0.564815 0.0098958 0.0388889
2 0.733854 0.541667 0.0125 0.0796296
2 0.74349 0.533796 0.0151042 0.0731481
2 0.788281 0.5375 0.0192708 0.0916667
0 0.509375 0.494444 0.0114583 0.012963
2 0.284115 0.58287 0.0171875 0.0842593
2 0.585677 0.55 0.0098958 0.0388889
2 0.84349 0.526852 0.0244792 0.107407
2 0.254427 0.5875 0.0161458 0.0824074
2 0.305208 0.573611 0.0083333 0.0490741
2 0.311458 0.56713 0.0104167 0.0416667
2 0.329948 0.574074 0.0109375 0.0592593
2 0.343229 0.574074 0.009375 0.0574074
2 0.677865 0.561111 0.0265625 0.114815
2 0.710677 0.573148 0.0369792 0.177778
2 0.298438 0.571759 0.0083333 0.0527778
