2 0.291927 0.4625 0.0067708 0.0472222
2 0.0354167 0.555093 0.0395833 0.162037
2 0.0846354 0.518982 0.0296875 0.125
2 0.105729 0.541204 0.0208333 0.0935185
2 0.147656 0.528241 0.0182292 0.0731481
2 0.305469 0.466204 0.0088542 0.0453704
2 0.311458 0.45463 0.009375 0.0462963
2 0.513021 0.435648 0.0052083 0.025
2 0.533333 0.444907 0.0072917 0.0324074
2 0.5375 0.462963 0.0083333 0.0333333
2 0.694531 0.506019 0.0265625 0.125
2 0.701823 0.527778 0.0192708 0.101852
2 0.738021 0.517593 0.0322917 0.124074
2 0.764063 0.528704 0.028125 0.103704
2 0.0703125 0.560648 0.0302083 0.0990741
