2 0.896354 0.45787 0.01875 0.0990741
2 0.868229 0.45 0.0135417 0.0666667
2 0.765885 0.45463 0.0161458 0.0888889
2 0.647135 0.443056 0.0119792 0.0435185
2 0.579948 0.439815 0.0088542 0.0277778
2 0.733594 0.44213 0.0130208 0.0601852
2 0.0981771 0.453241 0.0119792 0.0435185
2 0.708333 0.442593 0.009375 0.0444444
2 0.797396 0.453704 0.0145833 0.0740741
2 0.634115 0.444907 0.0098958 0.0398148
2 0.752604 0.431944 0.0104167 0.0435185
2 0.117708 0.464815 0.0197917 0.0666667
2 0.699219 0.435185 0.0098958 0.0388889
2 0.716406 0.438426 0.0088542 0.0435185
