2 0.277604 0.50463 0.0177083 0.0833333
2 0.279687 0.460648 0.0104167 0.0490741
2 0.285156 0.468518 0.0109375 0.0481481
2 0.299219 0.481944 0.0078125 0.0324074
2 0.30625 0.475 0.0104167 0.0518519
2 0.317969 0.472222 0.0109375 0.0518519
2 0.334115 0.461574 0.0098958 0.0490741
2 0.363542 0.465741 0.009375 0.05
2 0.373177 0.454167 0.0078125 0.0398148
2 0.517448 0.445833 0.0067708 0.0305556
2 0.5375 0.455093 0.009375 0.0398148
2 0.547135 0.475463 0.0130208 0.0490741
1 0.329948 0.509259 0.0911458 0.0259259
2 0.254427 0.472685 0.0109375 0.0509259
2 0.234635 0.473148 0.0130208 0.0592593
2 0.240104 0.467593 0.0083333 0.0537037
2 0.623438 0.497222 0.028125 0.144444
