1 0.491406 0.577778 0.0796875 0.012963
0 0.517448 0.45 0.0192708 0.0185185
2 0.950781 0.552315 0.0213542 0.134259
2 0.964583 0.576389 0.0447917 0.184259
2 0.164063 0.564352 0.0125 0.062037
2 0.861458 0.542593 0.0166667 0.101852
2 0.873958 0.541667 0.01875 0.101852
2 0.90625 0.526852 0.0166667 0.0777778
2 0.89349 0.538889 0.0192708 0.116667
2 0.135937 0.571296 0.0145833 0.0759259
2 0.0388021 0.585648 0.0223958 0.102778
2 0.025 0.576852 0.015625 0.0925926
2 0.122656 0.567593 0.0140625 0.0703704
2 0.173177 0.556944 0.0098958 0.0490741
2 0.181771 0.552778 0.009375 0.0481481
2 0.342448 0.554167 0.0078125 0.0398148
