2 0.133594 0.450926 0.0098958 0.0444444
2 0.854688 0.458333 0.0166667 0.0888889
2 0.83776 0.451389 0.0098958 0.0601852
2 0.747656 0.456481 0.0151042 0.0833333
2 0.643229 0.444907 0.0104167 0.0416667
2 0.576823 0.441204 0.0088542 0.0268519
2 0.720833 0.443981 0.009375 0.0583333
2 0.169531 0.462963 0.0182292 0.0592593
2 0.120312 0.451852 0.0114583 0.0407407
2 0.70599 0.444444 0.0130208 0.062963
2 0.695313 0.443518 0.0104167 0.0462963
2 0.772656 0.45463 0.0130208 0.0648148
2 0.630729 0.446296 0.0114583 0.0388889
