2 0.750781 0.657407 0.0609375 0.274074
2 0.500781 0.705093 0.130729 0.413889
2 0.489323 0.625 0.0317708 0.227778
2 0.436198 0.623148 0.0442708 0.25
2 0.316146 0.573611 0.0229167 0.0916667
2 0.29401 0.568519 0.0171875 0.0851852
2 0.143229 0.632407 0.0947917 0.338889
2 0.0898438 0.563889 0.0140625 0.0740741
2 0.0403646 0.559722 0.0161458 0.0824074
1 0.0549479 0.752778 0.109896 0.162963
1 0.325 0.776852 0.2125 0.198148
0 0.238021 0.0805556 0.0333333 0.12963
0 0.407292 0.075463 0.0322917 0.121296
2 0.66849 0.660648 0.0578125 0.347222
2 0.253646 0.600463 0.0572917 0.19537
2 0.642187 0.606481 0.0625 0.318518
2 0.789323 0.642593 0.0473958 0.331481
2 0.819531 0.546759 0.0338542 0.152778
2 0.465365 0.625463 0.0244792 0.236111
2 0.580469 0.640741 0.0421875 0.281482
