1 0.310677 0.854167 0.355729 0.187963
2 0.714583 0.60463 0.0510417 0.277778
2 0.347917 0.559722 0.015625 0.0435185
2 0.488281 0.591667 0.0421875 0.142593
2 0.572135 0.606481 0.0380208 0.177778
1 0.602865 0.627778 0.0338542 0.0462963
2 0.592969 0.571296 0.0192708 0.087037
2 0.61875 0.573148 0.0145833 0.0814815
2 0.648698 0.588426 0.0390625 0.243519
2 0.748177 0.581481 0.0223958 0.140741
2 0.763542 0.568056 0.0197917 0.115741
2 0.805208 0.568982 0.0333333 0.167593
1 0.53099 0.615278 0.0546875 0.0361111
2 0.604948 0.564815 0.0130208 0.0759259
2 0.914063 0.661574 0.0697917 0.44537
2 0.123177 0.561111 0.0098958 0.0518519
2 0.952865 0.643519 0.0661458 0.446296
2 0.835938 0.571759 0.021875 0.150926
2 0.882031 0.576852 0.0359375 0.238889
2 0.0867187 0.574537 0.0182292 0.0916667
