2 0.216406 0.468056 0.0078125 0.0472222
2 0.224479 0.468982 0.009375 0.0509259
2 0.235417 0.472222 0.0104167 0.0555556
2 0.242708 0.47037 0.0114583 0.0574074
2 0.286458 0.477315 0.0270833 0.115741
2 0.291927 0.481481 0.0338542 0.103704
2 0.547396 0.530093 0.0427083 0.210185
2 0.807813 0.486111 0.015625 0.0685185
2 0.903125 0.54213 0.0291667 0.215741
0 0.021875 0.233796 0.0166667 0.075
1 0.177604 0.480556 0.05 0.0092593
1 0.37526 0.594907 0.486979 0.186111
2 0.934896 0.488426 0.0135417 0.0583333
2 0.60026 0.503241 0.0223958 0.152778
2 0.350781 0.472685 0.0151042 0.0601852
1 0.597917 0.733333 0.804167 0.161111
2 0.386979 0.470833 0.0125 0.0583333
2 0.973437 0.493519 0.0135417 0.0666667
2 0.460677 0.467593 0.0119792 0.05
2 0.331771 0.466667 0.0135417 0.0611111
2 0.6125 0.500926 0.0197917 0.142593
0 0.276042 0.370833 0.0125 0.0342593
