2 0.196615 0.517593 0.0203125 0.101852
2 0.208594 0.530556 0.0151042 0.0685185
2 0.211719 0.502778 0.0223958 0.0907407
2 0.236198 0.486111 0.0151042 0.087037
2 0.259896 0.492593 0.0145833 0.0518519
2 0.234115 0.519444 0.0140625 0.0574074
2 0.321354 0.440741 0.0125 0.037037
2 0.341146 0.441204 0.0104167 0.0361111
2 0.550521 0.473611 0.015625 0.0601852
2 0.58724 0.475 0.0171875 0.0777778
2 0.608333 0.481481 0.0177083 0.0814815
2 0.623698 0.489352 0.0151042 0.0601852
2 0.361198 0.449074 0.0088542 0.0407407
2 0.0169271 0.506482 0.0307292 0.159259
2 0.0518229 0.527778 0.0244792 0.111111
2 0.508594 0.431019 0.0067708 0.0305556
2 0.518229 0.443981 0.009375 0.0342593
2 0.520833 0.472685 0.015625 0.0583333
2 0.534635 0.475926 0.0151042 0.0666667
2 0.0981771 0.540741 0.0182292 0.0796296
2 0.10625 0.523611 0.0270833 0.121296
2 0.221615 0.500463 0.0098958 0.0509259
2 0.352083 0.443981 0.0083333 0.0435185
2 0.131771 0.518982 0.0270833 0.121296
2 0.25 0.484722 0.0135417 0.0805556
2 0.311979 0.433333 0.0083333 0.0314815
