2 0.0632812 0.564815 0.0203125 0.0833333
2 0.957552 0.674537 0.0713542 0.512037
1 0.310417 0.84537 0.357292 0.203704
2 0.0940104 0.571296 0.0244792 0.0944444
2 0.708854 0.604167 0.05 0.271296
2 0.346354 0.560648 0.015625 0.0453704
2 0.488021 0.591204 0.0427083 0.143518
2 0.569792 0.605093 0.0375 0.175
1 0.600781 0.626852 0.0338542 0.0462963
2 0.595312 0.572685 0.01875 0.0861111
2 0.617708 0.573611 0.0145833 0.0824074
2 0.641667 0.583796 0.03125 0.232407
2 0.744792 0.581944 0.0229167 0.143518
2 0.760677 0.568519 0.0192708 0.114815
2 0.80026 0.57037 0.0328125 0.164815
1 0.528125 0.615278 0.0489583 0.0324074
2 0.603906 0.563889 0.0130208 0.0759259
2 0.889583 0.663426 0.0677083 0.432407
2 0.124479 0.559259 0.009375 0.05
