2 0.961719 0.480556 0.0255208 0.114815
2 0.939323 0.454167 0.0192708 0.106481
2 0.830469 0.447222 0.0182292 0.12963
2 0.791667 0.45 0.0208333 0.0925926
2 0.774479 0.445833 0.0197917 0.0824074
2 0.672396 0.453241 0.0145833 0.087963
2 0.5375 0.447685 0.0083333 0.0490741
2 0.472656 0.443518 0.0057292 0.0240741
2 0.367708 0.456481 0.0104167 0.0481481
2 0.329688 0.456482 0.009375 0.0407407
2 0.319531 0.466204 0.0151042 0.0546296
2 0.232552 0.488889 0.0276042 0.0907407
2 0.124219 0.478241 0.0140625 0.0731481
2 0.105208 0.480556 0.0135417 0.0685185
2 0.0890625 0.494907 0.0166667 0.0805556
