2 0.471875 0.461574 0.0083333 0.0324074
2 0.403385 0.4625 0.0088542 0.0435185
2 0.197396 0.47037 0.0083333 0.037037
2 0.188802 0.472222 0.0067708 0.0333333
2 0.204427 0.472222 0.0067708 0.0333333
2 0.16276 0.472222 0.0078125 0.0314815
2 0.278646 0.466204 0.009375 0.0361111
2 0.269271 0.462963 0.0083333 0.0240741
2 0.175 0.473148 0.00625 0.037037
2 0.148958 0.475463 0.009375 0.0435185
2 0.359896 0.463889 0.0072917 0.0333333
2 0.182292 0.472685 0.0072917 0.0361111
2 0.336458 0.465741 0.0104167 0.0425926
2 0.103125 0.474074 0.009375 0.0462963
2 0.397396 0.463889 0.0083333 0.0407407
2 0.150521 0.477315 0.0072917 0.037963
2 0.15651 0.471759 0.0057292 0.025
2 0.0901042 0.477315 0.0083333 0.0398148
2 0.0848958 0.475 0.0072917 0.0425926
2 0.323958 0.459259 0.0052083 0.0203704
0 0.0552083 0.262037 0.0166667 0.0759259
0 0.0057292 0.276852 0.0114583 0.0740741
