1 0.385677 0.444907 0.186979 0.0175926
2 0.728646 0.421759 0.025 0.126852
2 0.648698 0.413426 0.0192708 0.0916667
2 0.663542 0.408796 0.01875 0.075
2 0.634896 0.412963 0.0125 0.0685185
2 0.333854 0.422222 0.0135417 0.0666667
2 0.316146 0.422222 0.0145833 0.0518519
0 0.538802 0.328241 0.0109375 0.0342593
0 0.567708 0.364352 0.009375 0.0231481
2 0.70651 0.40463 0.0140625 0.0592593
2 0.280729 0.418056 0.009375 0.0398148
2 0.25599 0.422685 0.0088542 0.0435185
2 0.184375 0.426852 0.0114583 0.0574074
