2 0.122396 0.529167 0.009375 0.0287037
1 0.630208 0.800926 0.696875 0.318518
2 0.377083 0.545833 0.028125 0.128704
2 0.892187 0.586111 0.0520833 0.259259
2 0.488281 0.535648 0.0203125 0.100926
2 0.545573 0.545833 0.0234375 0.110185
2 0.810938 0.577778 0.06875 0.222222
2 0.609896 0.525926 0.0145833 0.0925926
2 0.585938 0.526389 0.021875 0.10463
2 0.503906 0.547222 0.0182292 0.0814815
2 0.355729 0.532407 0.0166667 0.0814815
2 0.410677 0.528241 0.0161458 0.0768519
2 0.783333 0.547222 0.028125 0.161111
2 0.983073 0.588889 0.0286458 0.218518
2 0.634896 0.527778 0.0197917 0.101852
