1 0.492188 0.578704 0.078125 0.012963
0 0.51875 0.452778 0.01875 0.0185185
2 0.934375 0.553704 0.0208333 0.12963
2 0.948958 0.577778 0.04375 0.17963
2 0.170573 0.564352 0.0119792 0.0601852
2 0.852083 0.54537 0.0177083 0.101852
2 0.866406 0.543518 0.0182292 0.0981481
2 0.899219 0.531018 0.0171875 0.0787037
2 0.885938 0.541204 0.01875 0.113889
2 0.18151 0.565278 0.0130208 0.0564815
2 0.194792 0.556481 0.0135417 0.0425926
2 0.205729 0.553704 0.009375 0.0425926
2 0.133594 0.562963 0.0109375 0.0666667
2 0.14375 0.570833 0.0145833 0.075
2 0.0502604 0.585185 0.0223958 0.101852
2 0.0361979 0.575926 0.0140625 0.0888889
