2 0.758594 0.49537 0.0536458 0.181481
2 0.515365 0.420833 0.0078125 0.0305556
2 0.404167 0.42963 0.009375 0.0351852
1 0.339323 0.54213 0.0421875 0.037963
2 0.663802 0.47963 0.0328125 0.114815
2 0.436198 0.412963 0.0067708 0.0277778
2 0.588542 0.416204 0.00625 0.0398148
2 0.884635 0.518056 0.0505208 0.221296
2 0.370833 0.436574 0.009375 0.0416667
2 0.986979 0.397222 0.009375 0.0277778
2 0.321354 0.443056 0.0072917 0.0305556
2 0.06875 0.510185 0.0197917 0.0796296
0 0.409896 0.328704 0.0072917 0.0259259
