2 0.51849 0.409259 0.0151042 0.05
2 0.747656 0.452778 0.0265625 0.137037
2 0.823177 0.416204 0.0223958 0.0657407
2 0.573958 0.406482 0.015625 0.0555556
2 0.472917 0.402778 0.0052083 0.0277778
2 0.478906 0.403704 0.0057292 0.0296296
2 0.48724 0.403704 0.0078125 0.0407407
2 0.50599 0.40463 0.0067708 0.0388889
2 0.466927 0.402778 0.0078125 0.0314815
1 0.39375 0.464352 0.341667 0.0268519
1 0.881771 0.533796 0.236458 0.0898148
2 0.588021 0.403241 0.01875 0.0453704
0 0.440625 0.357407 0.00625 0.0203704
