2 0.0971354 0.598148 0.0244792 0.127778
2 0.13151 0.572685 0.0182292 0.0731481
2 0.179427 0.567593 0.0130208 0.0611111
2 0.3375 0.571296 0.0177083 0.0703704
2 0.836719 0.539815 0.0130208 0.0907407
2 0.855729 0.547222 0.0197917 0.0981481
2 0.896354 0.531018 0.0208333 0.0898148
1 0.505729 0.575 0.084375 0.0092593
0 0.517969 0.461574 0.0151042 0.0157407
2 0.123958 0.582407 0.0197917 0.0851852
2 0.796354 0.548611 0.0166667 0.0824074
2 0.764323 0.540741 0.0140625 0.0666667
2 0.163802 0.571296 0.0151042 0.0592593
2 0.782031 0.559722 0.0203125 0.108333
2 0.813021 0.538889 0.0125 0.0759259
2 0.820833 0.574074 0.0239583 0.127778
