2 0.588542 0.476389 0.0166667 0.0694444
2 0.678646 0.530556 0.0572917 0.205556
2 0.568229 0.475463 0.015625 0.0675926
2 0.55026 0.487963 0.0119792 0.0351852
2 0.523958 0.475926 0.0125 0.0518519
2 0.511979 0.475926 0.0135417 0.0555556
2 0.514063 0.444444 0.0083333 0.0296296
2 0.504948 0.434259 0.0067708 0.0351852
2 0.33776 0.444444 0.0098958 0.0351852
2 0.278385 0.513426 0.0151042 0.062037
2 0.253646 0.497222 0.0197917 0.0888889
2 0.245573 0.518982 0.0161458 0.0638889
2 0.235417 0.505556 0.0166667 0.087037
2 0.188281 0.518056 0.0265625 0.0916667
2 0.167708 0.514815 0.0260417 0.112963
2 0.0296875 0.503241 0.0354167 0.165741
2 0.111979 0.515278 0.0197917 0.0953704
2 0.12474 0.527315 0.0151042 0.0509259
2 0.600781 0.488426 0.0119792 0.0490741
2 0.492188 0.420833 0.00625 0.0231481
2 0.320052 0.4375 0.0057292 0.0268519
2 0.558594 0.485185 0.0088542 0.0388889
2 0.265365 0.4875 0.0130208 0.0694444
