2 0.190104 0.592593 0.021875 0.103704
2 0.217708 0.559259 0.0083333 0.0351852
2 0.871615 0.523148 0.0182292 0.0814815
2 0.836979 0.513426 0.0145833 0.0787037
2 0.820573 0.515278 0.0171875 0.0861111
2 0.782292 0.530093 0.015625 0.087963
2 0.666667 0.54213 0.0135417 0.0768519
2 0.680208 0.539815 0.015625 0.0777778
2 0.638281 0.540278 0.0140625 0.0601852
0 0.529167 0.468056 0.0125 0.012037
2 0.141667 0.588889 0.015625 0.0888889
2 0.153385 0.581019 0.0171875 0.0953704
2 0.60026 0.53287 0.0078125 0.037963
2 0.128646 0.587037 0.0177083 0.0944444
2 0.163021 0.578704 0.0145833 0.0944444
2 0.0671875 0.587037 0.0197917 0.114815
2 0.0895833 0.594444 0.0166667 0.133333
2 0.114323 0.590278 0.0151042 0.100926
