2 0.783333 0.437037 0.0145833 0.0740741
2 0.133073 0.422222 0.0203125 0.0796296
2 0.746354 0.43287 0.0177083 0.0657407
2 0.0825521 0.430093 0.0161458 0.0824074
2 0.09375 0.441204 0.0145833 0.062037
2 0.111458 0.428704 0.0135417 0.0740741
1 0.489844 0.447685 0.415104 0.025
1 0.474219 0.530556 0.947396 0.0703704
1 0.884375 0.501389 0.207292 0.0435185
0 0.608073 0.240278 0.0317708 0.0231481
0 0.550521 0.235648 0.0322917 0.0268519
0 0.165885 0.330556 0.0098958 0.0333333
0 0.725 0.353704 0.009375 0.0296296
