2 0.484635 0.468982 0.0130208 0.0675926
2 0.423177 0.465278 0.0234375 0.0768519
2 0.364062 0.467593 0.0177083 0.0592593
2 0.294792 0.477315 0.0125 0.0712963
2 0.285417 0.472685 0.0114583 0.0601852
2 0.270312 0.469444 0.0166667 0.0648148
2 0.245573 0.477315 0.0151042 0.0657407
2 0.208854 0.476852 0.0166667 0.0722222
2 0.148698 0.471296 0.0098958 0.0407407
2 0.165885 0.4625 0.0098958 0.0398148
2 0.115104 0.480556 0.0208333 0.0722222
2 0.0901042 0.480556 0.0104167 0.0444444
2 0.0679687 0.484722 0.0098958 0.0490741
2 0.0544271 0.484722 0.0130208 0.0490741
2 0.0419271 0.483796 0.0130208 0.0564815
2 0.201042 0.459259 0.0052083 0.0203704
2 0.328385 0.460185 0.0109375 0.0296296
2 0.0992187 0.478704 0.0088542 0.0425926
1 0.464844 0.501852 0.128646 0.0185185
0 0.261458 0.427778 0.00625 0.0185185
0 0.527344 0.396296 0.0067708 0.0203704
0 0.544531 0.398611 0.0067708 0.0212963
