2 0.578125 0.397222 0.0135417 0.0518519
2 0.595052 0.403704 0.0182292 0.0592593
2 0.791406 0.416667 0.0296875 0.127778
2 0.846615 0.462037 0.0338542 0.175926
2 0.516406 0.408796 0.0140625 0.0546296
2 0.500521 0.405556 0.0083333 0.0462963
2 0.479688 0.405556 0.0104167 0.0444444
2 0.471094 0.406018 0.0098958 0.037963
2 0.459635 0.401852 0.0078125 0.0333333
2 0.464844 0.40463 0.0057292 0.0277778
2 0.451823 0.406018 0.0078125 0.0472222
2 0.946094 0.423611 0.0213542 0.0898148
2 0.0226562 0.465278 0.0265625 0.108333
1 0.364323 0.493982 0.433854 0.0416667
1 0.929688 0.539815 0.140625 0.062963
0 0.429427 0.356481 0.0067708 0.0222222
