2 0.0515625 0.520833 0.0072917 0.0268519
1 0.59401 0.798148 0.780729 0.301852
2 0.277604 0.54213 0.0302083 0.134259
2 0.890885 0.597222 0.0588542 0.292593
2 0.411719 0.534722 0.0255208 0.108333
2 0.466146 0.543056 0.025 0.115741
2 0.788802 0.578241 0.0713542 0.228704
2 0.542708 0.525463 0.015625 0.0990741
2 0.517708 0.525926 0.0229167 0.111111
2 0.427083 0.543518 0.0197917 0.0833333
2 0.333073 0.524074 0.0161458 0.0833333
2 0.732813 0.553241 0.034375 0.175
2 0.98151 0.597222 0.0338542 0.235185
2 0.570052 0.527315 0.0213542 0.108333
2 0.254427 0.527778 0.0182292 0.0907407
