2 0.807552 0.666204 0.0505208 0.30463
2 0.477344 0.686574 0.116146 0.393519
2 0.29375 0.576852 0.021875 0.1
2 0.0789062 0.626852 0.0848958 0.303704
2 0.150521 0.575926 0.0260417 0.101852
2 0.0364583 0.564352 0.015625 0.0805556
1 0.0216146 0.730093 0.0401042 0.100926
1 0.29375 0.815741 0.303125 0.235185
0 0.235156 0.0768519 0.0328125 0.127778
0 0.408594 0.0662037 0.0328125 0.125
2 0.754167 0.643982 0.0635417 0.391667
2 0.265104 0.597685 0.0489583 0.167593
2 0.704687 0.615741 0.0541667 0.342593
2 0.85625 0.627315 0.053125 0.34537
2 0.541146 0.648611 0.06875 0.287963
2 0.626042 0.671296 0.0791667 0.348148
2 0.561719 0.548611 0.0265625 0.117593
2 0.603125 0.6 0.0322917 0.225926
2 0.714844 0.67037 0.0453125 0.298148
2 0.235156 0.570833 0.0161458 0.0972222
