2 0.828125 0.554167 0.0197917 0.100926
2 0.760938 0.568056 0.025 0.108333
2 0.656771 0.586111 0.0208333 0.111111
2 0.249219 0.560648 0.0130208 0.0509259
2 0.191927 0.576852 0.0151042 0.0722222
2 0.106771 0.558333 0.0145833 0.0722222
2 0.0479167 0.566204 0.01875 0.0935185
2 0.0398437 0.57963 0.0203125 0.0962963
2 0.214323 0.561111 0.0140625 0.0555556
2 0.167969 0.564352 0.0130208 0.0564815
2 0.849219 0.615278 0.0692708 0.243519
2 0.965885 0.519907 0.0286458 0.128704
2 0.778906 0.56713 0.0296875 0.100926
2 0.913281 0.525926 0.0244792 0.109259
2 0.146094 0.574074 0.0161458 0.0944444
2 0.13724 0.569907 0.0192708 0.108333
2 0.664583 0.571296 0.0177083 0.0703704
1 0.761719 0.610185 0.0859375 0.0796296
1 0.439844 0.634722 0.516146 0.0324074
1 0.952344 0.656944 0.0901042 0.132407
0 0.450521 0.266667 0.0229167 0.0944444
0 0.548958 0.264815 0.0208333 0.0888889
