2 0.90625 0.518519 0.01875 0.109259
2 0.898698 0.599074 0.0505208 0.211111
2 0.872396 0.588426 0.0385417 0.210185
2 0.808854 0.54537 0.0260417 0.1
2 0.778385 0.558333 0.0286458 0.109259
2 0.764323 0.566204 0.0213542 0.0935185
2 0.726563 0.585185 0.0395833 0.177778
2 0.704687 0.5875 0.0166667 0.147222
2 0.695313 0.5875 0.0239583 0.173148
2 0.672396 0.570833 0.0229167 0.102778
2 0.601042 0.575926 0.0229167 0.0981481
2 0.53099 0.574074 0.0244792 0.1
2 0.448177 0.572685 0.0296875 0.117593
2 0.459115 0.571759 0.0140625 0.0861111
2 0.299479 0.571296 0.021875 0.107407
2 0.258333 0.568056 0.0166667 0.0768519
2 0.251042 0.549074 0.0083333 0.0425926
2 0.226042 0.575463 0.01875 0.0935185
2 0.199479 0.56713 0.021875 0.0787037
2 0.179167 0.551389 0.0125 0.062037
2 0.18776 0.551852 0.0067708 0.0518519
2 0.156771 0.558333 0.0260417 0.0962963
2 0.105469 0.561111 0.0171875 0.0796296
2 0.0591146 0.557407 0.0130208 0.0759259
2 0.0143229 0.55 0.0119792 0.0685185
1 0.43125 0.61713 0.463542 0.0305556
1 0.800781 0.609259 0.118229 0.0722222
1 0.954167 0.636111 0.0916667 0.118519
0 0.449479 0.274074 0.021875 0.0888889
0 0.542188 0.271296 0.0197917 0.0833333
