2 0.948698 0.500926 0.0109375 0.05
2 0.865625 0.531018 0.025 0.169444
2 0.816146 0.493519 0.0135417 0.062963
2 0.790104 0.481944 0.0072917 0.0361111
2 0.453646 0.493982 0.0354167 0.112037
2 0.440365 0.494907 0.0276042 0.147222
2 0.407813 0.475 0.0125 0.0555556
2 0.323438 0.475 0.009375 0.0481481
2 0.316406 0.478241 0.0088542 0.0453704
2 0.309115 0.475926 0.0098958 0.0481481
2 0.301823 0.474074 0.0109375 0.0462963
0 0.123958 0.261574 0.0166667 0.0694444
1 0.255208 0.486111 0.046875 0.0092593
1 0.409896 0.566204 0.253125 0.117593
1 0.859896 0.654167 0.278125 0.0972222
2 0.564583 0.510648 0.0239583 0.137963
2 0.984115 0.558333 0.0317708 0.25
2 0.796094 0.484722 0.0098958 0.0416667
0 0.35651 0.386574 0.0119792 0.0305556
1 0.439063 0.634259 0.190625 0.05
