2 0.2125 0.42037 0.0125 0.0537037
2 0.189844 0.420833 0.0151042 0.0638889
2 0.198698 0.42963 0.0088542 0.0407407
2 0.167448 0.404167 0.0088542 0.0324074
2 0.142969 0.410185 0.0098958 0.0407407
2 0.0799479 0.428704 0.0119792 0.0962963
2 0.0895833 0.431482 0.0145833 0.0907407
2 0.73125 0.426852 0.0104167 0.0592593
2 0.53776 0.412037 0.0109375 0.0537037
1 0.447656 0.472222 0.615104 0.0203704
1 0.445052 0.436111 0.143229 0.0092593
1 0.598698 0.4375 0.0880208 0.0138889
0 0.582812 0.275463 0.0260417 0.0194444
0 0.53724 0.271759 0.0255208 0.0212963
0 0.250781 0.35 0.0078125 0.0277778
0 0.669792 0.363889 0.0083333 0.0240741
