2 0.009375 0.588426 0.01875 0.162037
2 0.065625 0.559722 0.015625 0.0787037
2 0.103906 0.561111 0.0130208 0.0722222
2 0.2625 0.571296 0.0208333 0.0944444
2 0.171354 0.683796 0.119792 0.467593
2 0.283594 0.649537 0.0713542 0.334259
2 0.32526 0.619907 0.0442708 0.30463
2 0.361979 0.634259 0.0354167 0.27037
2 0.392448 0.680093 0.151562 0.519444
2 0.479948 0.619444 0.0390625 0.198148
2 0.511979 0.600926 0.0270833 0.175926
2 0.534896 0.578704 0.040625 0.172222
2 0.564323 0.672222 0.116146 0.418519
2 0.55651 0.54213 0.0192708 0.106481
2 0.623958 0.550463 0.0322917 0.162037
2 0.661198 0.573148 0.0578125 0.233333
2 0.730469 0.538426 0.0494792 0.299074
0 0.257552 0.1 0.0307292 0.140741
0 0.414844 0.104167 0.0307292 0.115741
1 0.0486979 0.721759 0.0973958 0.113889
