2 0.09375 0.541204 0.0302083 0.115741
2 0.136198 0.528704 0.0255208 0.124074
2 0.184896 0.52037 0.0177083 0.105556
2 0.200521 0.531482 0.0145833 0.0740741
2 0.201562 0.50787 0.01875 0.087963
2 0.217708 0.523611 0.0177083 0.0601852
2 0.235677 0.487963 0.0161458 0.0814815
2 0.257292 0.496759 0.0135417 0.0472222
2 0.31276 0.442593 0.0078125 0.0351852
2 0.322917 0.442593 0.009375 0.0333333
2 0.339583 0.447685 0.0104167 0.0361111
2 0.347396 0.450463 0.0083333 0.037963
2 0.509375 0.434259 0.0072917 0.0296296
2 0.518229 0.448611 0.0072917 0.037963
2 0.529167 0.481481 0.0145833 0.0722222
2 0.542969 0.481481 0.0151042 0.0703704
2 0.564062 0.49537 0.0114583 0.0407407
2 0.593229 0.480093 0.0177083 0.0805556
2 0.6125 0.484722 0.01875 0.0824074
2 0.627604 0.49213 0.0177083 0.0638889
2 0.591406 0.491667 0.0119792 0.0537037
2 0.0536458 0.525926 0.021875 0.105556
2 0.0778646 0.530093 0.0192708 0.100926
2 0.217448 0.493519 0.0151042 0.0314815
2 0.0130208 0.51713 0.0260417 0.156482
2 0.350781 0.447685 0.0078125 0.0342593
