0 0.141927 0.475 0.0057292 0.0166667
1 0.191667 0.632407 0.217708 0.0574074
2 0.597656 0.565741 0.0098958 0.0537037
2 0.686979 0.575463 0.0114583 0.0564815
2 0.8375 0.579167 0.0125 0.0527778
2 0.580729 0.583796 0.015625 0.0861111
2 0.5625 0.583333 0.0177083 0.0888889
2 0.0528646 0.525 0.0151042 0.0537037
2 0.710938 0.58287 0.0135417 0.062037
2 0.739583 0.575463 0.0135417 0.0824074
2 0.819271 0.579167 0.0114583 0.0601852
1 0.569271 0.654167 0.09375 0.0527778
2 0.609375 0.563426 0.0072917 0.0435185
0 0.172917 0.0199074 0.0802083 0.0398148
0 0.529948 0.503704 0.0057292 0.0222222
