2 0.845833 0.460648 0.0302083 0.200926
2 0.269531 0.434259 0.0203125 0.105556
2 0.26276 0.432407 0.0151042 0.0777778
2 0.224219 0.423611 0.0109375 0.0509259
1 0.410677 0.471759 0.422396 0.0268519
1 0.507292 0.434259 0.128125 0.012963
0 0.564062 0.31713 0.0104167 0.0361111
0 0.601042 0.363889 0.0104167 0.0296296
2 0.792188 0.428241 0.0302083 0.106481
2 0.604948 0.410648 0.0171875 0.0731481
2 0.191667 0.428704 0.0125 0.0537037
2 0.0796875 0.439352 0.015625 0.087963
2 0.185156 0.437963 0.0161458 0.0759259
