2 0.402344 0.453241 0.0078125 0.037963
2 0.617448 0.452315 0.0130208 0.0675926
2 0.654167 0.448611 0.015625 0.0583333
2 0.539063 0.446759 0.009375 0.0416667
2 0.221875 0.465741 0.0135417 0.0555556
2 0.369531 0.464815 0.0151042 0.05
2 0.694792 0.447685 0.015625 0.0675926
2 0.603646 0.440741 0.009375 0.0388889
2 0.201562 0.472222 0.0145833 0.0685185
2 0.707812 0.451852 0.0166667 0.062963
2 0.355729 0.456944 0.0083333 0.0416667
2 0.730469 0.45 0.0140625 0.0851852
0 0.436198 0.378704 0.0057292 0.0222222
