2 0.408594 0.450926 0.0078125 0.037037
2 0.614583 0.450926 0.0125 0.062963
2 0.648958 0.448148 0.0145833 0.0555556
2 0.540365 0.446759 0.0098958 0.0398148
2 0.238021 0.462963 0.0125 0.0518519
2 0.384375 0.458333 0.0135417 0.0462963
2 0.685156 0.447222 0.0151042 0.0648148
2 0.601302 0.443056 0.0109375 0.0435185
2 0.220313 0.470833 0.0135417 0.0657407
2 0.696615 0.451389 0.0161458 0.0601852
2 0.363281 0.454167 0.0078125 0.0398148
2 0.71849 0.448611 0.0130208 0.0805556
0 0.440625 0.37963 0.0052083 0.0222222
