1 0.346875 0.534259 0.598958 0.0703704
2 0.522656 0.40787 0.0098958 0.0490741
2 0.800521 0.418981 0.0333333 0.137963
2 0.954427 0.433333 0.0401042 0.187037
0 0.444792 0.356944 0.00625 0.025
2 0.541146 0.406944 0.0125 0.0675926
2 0.640104 0.409722 0.015625 0.0805556
2 0.570052 0.408796 0.0140625 0.0583333
2 0.551562 0.401389 0.0104167 0.0583333
2 0.482031 0.403704 0.0078125 0.037037
2 0.145573 0.45463 0.0223958 0.112963
2 0.847135 0.420833 0.0286458 0.117593
2 0.499219 0.403241 0.0109375 0.0527778
