2 0.64375 0.654167 0.0666667 0.30463
2 0.566927 0.602315 0.0536458 0.169444
2 0.35599 0.552315 0.0119792 0.037963
1 0.60026 0.631019 0.0244792 0.0527778
1 0.69375 0.637037 0.0364583 0.0722222
2 0.933854 0.636111 0.0822917 0.507407
2 0.769792 0.606944 0.0614583 0.371296
2 0.576563 0.544907 0.0135417 0.0583333
2 0.604948 0.561574 0.0234375 0.0953704
2 0.697135 0.538889 0.0140625 0.0703704
2 0.88099 0.551389 0.0255208 0.132407
2 0.806771 0.551852 0.0260417 0.125926
2 0.541406 0.543981 0.0119792 0.0564815
