2 0.642969 0.48287 0.0140625 0.0824074
2 0.442448 0.475 0.0182292 0.0722222
2 0.367188 0.481481 0.0197917 0.0907407
2 0.321875 0.477778 0.0177083 0.0814815
2 0.253646 0.489352 0.0197917 0.0768519
2 0.201042 0.474074 0.0072917 0.0333333
2 0.133333 0.500463 0.01875 0.0824074
2 0.096875 0.508333 0.015625 0.0814815
2 0.0888021 0.507407 0.0130208 0.0814815
2 0.0700521 0.512963 0.0213542 0.105556
2 0.0434896 0.508796 0.0151042 0.0805556
2 0.0151042 0.514815 0.0145833 0.0796296
2 0.0289063 0.495833 0.0098958 0.0453704
2 0.393229 0.463426 0.0104167 0.0305556
2 0.239063 0.470833 0.0072917 0.025
1 0.37474 0.531482 0.550521 0.0407407
0 0.29974 0.432407 0.0057292 0.0166667
0 0.586979 0.396759 0.0083333 0.0231481
0 0.605208 0.395833 0.0072917 0.025
