1 0.490885 0.578704 0.0796875 0.012963
0 0.516927 0.450463 0.0192708 0.0194444
2 0.959635 0.546296 0.0223958 0.137037
2 0.972656 0.575 0.0317708 0.187037
2 0.159375 0.563426 0.0125 0.062037
2 0.876562 0.541204 0.01875 0.102778
2 0.910677 0.525926 0.0171875 0.0796296
2 0.897656 0.538426 0.0192708 0.117593
2 0.132292 0.572222 0.0145833 0.0759259
2 0.0333333 0.587037 0.0229167 0.103704
2 0.0177083 0.577778 0.015625 0.0925926
2 0.11901 0.568519 0.0140625 0.0703704
2 0.341146 0.555093 0.0083333 0.0416667
2 0.33125 0.56713 0.0125 0.0638889
