2 0.166406 0.512963 0.0130208 0.0648148
2 0.177344 0.497685 0.0161458 0.100926
2 0.209635 0.512037 0.0151042 0.0388889
2 0.258594 0.496296 0.0171875 0.0666667
2 0.26875 0.515278 0.009375 0.037963
2 0.280208 0.516667 0.0114583 0.0388889
2 0.289844 0.497685 0.0151042 0.0694444
2 0.533333 0.47963 0.0125 0.0611111
2 0.551042 0.496296 0.0208333 0.0925926
2 0.583594 0.476389 0.0098958 0.0527778
2 0.0270833 0.506944 0.0270833 0.163889
2 0.522656 0.478241 0.0098958 0.0564815
2 0.0088542 0.502778 0.0177083 0.164815
