0 0.542188 0.489815 0.0072917 0.0185185
0 0.0802083 0.443056 0.00625 0.0175926
1 0.464844 0.824074 0.908854 0.268519
1 0.802865 0.626852 0.256771 0.0777778
2 0.507813 0.550926 0.0125 0.0537037
2 0.66276 0.597222 0.0317708 0.162963
2 0.988281 0.596759 0.0161458 0.0861111
1 0.704167 0.60787 0.0302083 0.14537
2 0.607813 0.559259 0.0114583 0.0425926
2 0.727865 0.576852 0.0130208 0.0740741
2 0.757552 0.583333 0.0182292 0.0925926
2 0.797396 0.593982 0.021875 0.102778
2 0.0502604 0.50463 0.0098958 0.0481481
2 0.622396 0.566667 0.0104167 0.062963
2 0.452865 0.54537 0.0192708 0.0648148
2 0.438281 0.540741 0.0078125 0.0462963
2 0.0364583 0.504167 0.0104167 0.0416667
2 0.476302 0.544444 0.0078125 0.0407407
2 0.636198 0.564815 0.0109375 0.05
