2 0.738281 0.653241 0.0598958 0.269444
2 0.665885 0.66713 0.0401042 0.24537
2 0.665104 0.578241 0.0322917 0.163889
2 0.526563 0.681018 0.123958 0.382407
2 0.497656 0.581482 0.0192708 0.0666667
2 0.474479 0.630093 0.0458333 0.24537
2 0.416406 0.623148 0.0401042 0.25
2 0.333333 0.573148 0.0208333 0.0833333
2 0.310677 0.569907 0.0161458 0.0805556
2 0.271615 0.565278 0.0265625 0.0861111
2 0.183594 0.640278 0.102604 0.365741
2 0.142188 0.576389 0.0166667 0.102778
2 0.0919271 0.5625 0.0140625 0.0731481
2 0.0429688 0.559722 0.0151042 0.0787037
1 0.0632812 0.752778 0.126563 0.162963
1 0.344792 0.767593 0.172917 0.181481
0 0.241146 0.0842593 0.0333333 0.12963
0 0.408073 0.0814815 0.0317708 0.12037
2 0.623177 0.656018 0.0442708 0.328704
2 0.251042 0.606944 0.0489583 0.221296
2 0.445833 0.625926 0.0239583 0.25
2 0.610417 0.602315 0.04375 0.299074
2 0.765885 0.624074 0.0453125 0.318518
2 0.807552 0.546296 0.0359375 0.157407
