2 0.917188 0.521759 0.0260417 0.100926
2 0.904688 0.6 0.0520833 0.212963
2 0.882292 0.587963 0.0552083 0.207407
2 0.811719 0.541204 0.0244792 0.0990741
2 0.792448 0.556018 0.0151042 0.108333
2 0.773438 0.563889 0.0302083 0.0944444
2 0.736979 0.582407 0.0291667 0.177778
2 0.716406 0.583333 0.0192708 0.133333
2 0.704948 0.588889 0.0432292 0.17037
2 0.682292 0.570833 0.0197917 0.106481
2 0.610156 0.576389 0.0171875 0.102778
2 0.536458 0.574537 0.0260417 0.108333
2 0.463281 0.576389 0.0213542 0.110185
2 0.45026 0.569907 0.0192708 0.108333
2 0.29349 0.572222 0.0203125 0.114815
2 0.257552 0.569444 0.0171875 0.0740741
2 0.251042 0.548611 0.0104167 0.0435185
2 0.220313 0.577778 0.0302083 0.0851852
2 0.194271 0.569907 0.0166667 0.0731481
2 0.180469 0.550463 0.0109375 0.0583333
2 0.189583 0.548611 0.009375 0.0564815
2 0.152344 0.559259 0.0171875 0.0944444
2 0.101042 0.559722 0.01875 0.0842593
2 0.0539063 0.558796 0.0171875 0.0768519
2 0.0153646 0.550463 0.0119792 0.0657407
1 0.430729 0.61713 0.472917 0.0305556
1 0.807552 0.60787 0.115104 0.0731481
1 0.963281 0.634722 0.0734375 0.115741
0 0.449479 0.274074 0.021875 0.0888889
0 0.542188 0.271296 0.0197917 0.0833333
