0 0.259375 0.436574 0.0114583 0.0268519
2 0.165365 0.506944 0.0182292 0.0546296
2 0.355729 0.535648 0.015625 0.0768519
2 0.486458 0.559722 0.0291667 0.130556
2 0.560938 0.567593 0.0364583 0.135185
1 0.648177 0.678704 0.695313 0.240741
2 0.366927 0.541204 0.0119792 0.0657407
2 0.0783854 0.505556 0.0171875 0.0518519
2 0.403125 0.542593 0.0166667 0.0740741
2 0.315625 0.530556 0.0125 0.05
0 0.898958 0.266667 0.0395833 0.0388889
2 0.347656 0.541667 0.0109375 0.0592593
0 0.965625 0.257407 0.0427083 0.0481481
