2 0.0671875 0.555093 0.0333333 0.158333
2 0.15651 0.531482 0.0328125 0.137037
2 0.176823 0.530556 0.0223958 0.114815
2 0.199479 0.544444 0.015625 0.0777778
2 0.192708 0.515741 0.021875 0.0944444
2 0.210938 0.534722 0.0145833 0.0657407
2 0.324479 0.448148 0.0083333 0.0425926
2 0.524479 0.439352 0.0083333 0.0342593
2 0.534115 0.452315 0.0088542 0.037963
2 0.552604 0.484722 0.0239583 0.0805556
2 0.597396 0.509259 0.0125 0.05
2 0.619271 0.488889 0.0208333 0.0962963
2 0.640104 0.497685 0.0208333 0.0935185
2 0.654948 0.505556 0.0192708 0.0703704
2 0.617708 0.503241 0.0125 0.0638889
2 0.221875 0.513889 0.0197917 0.062963
2 0.566927 0.483333 0.0161458 0.0814815
2 0.391406 0.453241 0.0078125 0.037963
2 0.015625 0.531944 0.025 0.165741
2 0.398438 0.438426 0.0083333 0.0324074
