2 0.96901 0.499537 0.0130208 0.0898148
2 0.960938 0.501852 0.0197917 0.103704
2 0.939323 0.505556 0.0223958 0.105556
2 0.920573 0.489815 0.0151042 0.0685185
2 0.889583 0.487963 0.01875 0.0962963
2 0.878906 0.503241 0.0328125 0.123148
2 0.77526 0.483333 0.0182292 0.0759259
2 0.642448 0.471296 0.0151042 0.0666667
2 0.594531 0.503241 0.0359375 0.15463
2 0.584896 0.45 0.0104167 0.0481481
2 0.566667 0.477778 0.0260417 0.101852
2 0.500781 0.488426 0.0171875 0.102778
2 0.13151 0.499074 0.0380208 0.161111
1 0.896094 0.536574 0.203646 0.0601852
1 0.683594 0.511111 0.141146 0.0296296
1 0.511979 0.525463 0.0822917 0.0324074
