2 0.620052 0.538426 0.0109375 0.0583333
0 0.528906 0.47037 0.0130208 0.012963
2 0.638281 0.538426 0.0119792 0.0694444
2 0.25 0.580556 0.0166667 0.0851852
2 0.589323 0.532407 0.0057292 0.0351852
2 0.648438 0.5375 0.0125 0.0675926
2 0.071875 0.618056 0.0354167 0.215741
2 0.177604 0.584722 0.0177083 0.087963
2 0.141146 0.602315 0.0197917 0.100926
2 0.572396 0.535185 0.00625 0.037037
2 0.157552 0.583796 0.0171875 0.102778
2 0.216927 0.571759 0.0161458 0.0805556
2 0.579948 0.534722 0.0078125 0.0361111
2 0.772396 0.511574 0.0125 0.062037
2 0.197656 0.585648 0.0192708 0.115741
2 0.230469 0.565278 0.0151042 0.0675926
2 0.767187 0.515278 0.0104167 0.0546296
2 0.0145833 0.627315 0.0291667 0.178704
2 0.59349 0.535648 0.0067708 0.0342593
2 0.683854 0.523148 0.009375 0.0407407
