2 0.6125 0.479167 0.0197917 0.0898148
2 0.579167 0.481019 0.0177083 0.0731481
2 0.563281 0.462037 0.0161458 0.0592593
2 0.332812 0.466204 0.009375 0.0435185
2 0.394792 0.448611 0.0072917 0.0342593
2 0.370833 0.459722 0.0125 0.0509259
2 0.323958 0.465278 0.0125 0.0472222
2 0.530729 0.453704 0.0072917 0.0407407
2 0.292708 0.483333 0.01875 0.0814815
2 0.654167 0.474074 0.0135417 0.0722222
2 0.282292 0.47037 0.0125 0.062963
2 0.35 0.455556 0.0083333 0.0462963
2 0.254687 0.481481 0.0145833 0.0740741
2 0.243229 0.494907 0.0083333 0.0490741
2 0.359896 0.458333 0.009375 0.0481481
2 0.21901 0.484722 0.0192708 0.0990741
2 0.191406 0.486574 0.0192708 0.0861111
2 0.172396 0.489352 0.009375 0.0435185
2 0.204948 0.506019 0.0098958 0.0509259
2 0.214583 0.492593 0.0166667 0.0796296
