2 0.273177 0.499074 0.0140625 0.0814815
2 0.280729 0.5125 0.0125 0.0546296
2 0.30651 0.491204 0.0151042 0.0694444
2 0.541406 0.475463 0.0119792 0.0601852
2 0.0690104 0.502778 0.0328125 0.142593
2 0.533073 0.473611 0.0130208 0.0583333
2 0.303906 0.509722 0.0109375 0.0546296
2 0.524479 0.45 0.0083333 0.0351852
2 0.513021 0.443056 0.009375 0.0342593
2 0.201302 0.496759 0.0203125 0.100926
2 0.561719 0.476389 0.0109375 0.062037
2 0.586719 0.509259 0.0276042 0.109259
2 0.181771 0.514352 0.015625 0.0601852
2 0.34375 0.440278 0.0072917 0.0287037
