2 0.834896 0.489815 0.0114583 0.0518519
2 0.794271 0.538889 0.0479167 0.235185
2 0.761198 0.533333 0.0442708 0.209259
2 0.66901 0.476389 0.0109375 0.0416667
2 0.653125 0.499074 0.028125 0.118519
2 0.250781 0.485648 0.0140625 0.0824074
2 0.232031 0.488889 0.0182292 0.0759259
2 0.198177 0.485648 0.0182292 0.075
2 0.0705729 0.490741 0.0098958 0.0592593
2 0.0789062 0.49213 0.0130208 0.0712963
2 0.0929688 0.487963 0.0130208 0.0740741
2 0.1 0.490278 0.0177083 0.0675926
2 0.0486979 0.487963 0.0192708 0.062963
1 0.496354 0.718518 0.9875 0.383333
2 0.210938 0.493056 0.0145833 0.0675926
2 0.169271 0.500463 0.01875 0.087963
0 0.135156 0.36713 0.0130208 0.0398148
