2 0.194531 0.521296 0.0203125 0.101852
2 0.207552 0.531018 0.0161458 0.0712963
2 0.209115 0.501852 0.0223958 0.0907407
2 0.236198 0.491667 0.0151042 0.087037
2 0.259896 0.496296 0.0145833 0.0518519
2 0.23099 0.5125 0.0151042 0.0490741
2 0.321354 0.440741 0.0125 0.037037
2 0.340625 0.443056 0.0104167 0.0361111
2 0.550521 0.474537 0.015625 0.0601852
2 0.588281 0.475 0.0171875 0.0777778
2 0.609375 0.480556 0.0177083 0.0814815
2 0.624219 0.4875 0.0151042 0.0601852
2 0.361198 0.448148 0.0088542 0.0407407
2 0.0164063 0.502778 0.0307292 0.159259
2 0.0476562 0.531482 0.0244792 0.111111
2 0.509115 0.431019 0.0067708 0.0305556
2 0.517708 0.443056 0.009375 0.0342593
2 0.522917 0.473611 0.015625 0.062037
2 0.534115 0.476852 0.0151042 0.0666667
2 0.104687 0.530093 0.0270833 0.121296
2 0.221094 0.500463 0.0098958 0.0509259
2 0.352083 0.443056 0.0083333 0.0435185
2 0.129688 0.518982 0.0270833 0.121296
2 0.249479 0.483796 0.0135417 0.0805556
2 0.311458 0.435185 0.0083333 0.0314815
