2 0.89974 0.525463 0.0244792 0.100926
2 0.883073 0.600463 0.0286458 0.213889
2 0.85651 0.584259 0.0296875 0.212963
2 0.800521 0.542593 0.0177083 0.103704
2 0.771615 0.557407 0.0223958 0.0944444
2 0.721615 0.583796 0.0390625 0.171296
2 0.684635 0.591204 0.0307292 0.167593
2 0.666927 0.573148 0.0192708 0.107407
2 0.599219 0.577315 0.0317708 0.0972222
2 0.525 0.575463 0.028125 0.113889
2 0.451823 0.571296 0.0182292 0.0888889
2 0.435677 0.572685 0.0213542 0.10463
2 0.304688 0.571296 0.0270833 0.103704
2 0.261458 0.567593 0.0177083 0.0740741
2 0.250781 0.547222 0.0098958 0.0444444
2 0.234115 0.574074 0.0203125 0.0888889
2 0.222396 0.553241 0.009375 0.0490741
2 0.20625 0.568519 0.0166667 0.0814815
2 0.179948 0.552315 0.0098958 0.0546296
2 0.16276 0.560648 0.0213542 0.100926
2 0.110937 0.55787 0.0208333 0.0861111
2 0.0640625 0.55787 0.0197917 0.075
2 0.015625 0.551389 0.0125 0.0675926
2 0.0075521 0.54213 0.0109375 0.0712963
2 0.752083 0.569907 0.028125 0.0916667
2 0.425781 0.570833 0.0244792 0.106481
2 0.18724 0.553704 0.0078125 0.0518519
2 0.227865 0.553241 0.0067708 0.0490741
1 0.42474 0.61713 0.450521 0.0305556
1 0.783594 0.603704 0.142188 0.0888889
1 0.946875 0.635648 0.105208 0.119444
0 0.449479 0.274074 0.021875 0.0888889
0 0.542188 0.271296 0.0197917 0.0833333
