2 0.83776 0.459259 0.0223958 0.0981481
2 0.665885 0.445833 0.0161458 0.0472222
2 0.585156 0.443518 0.0098958 0.0277778
2 0.758073 0.448148 0.0098958 0.0537037
2 0.916667 0.462963 0.01875 0.103704
2 0.766146 0.441667 0.0125 0.0574074
2 0.813281 0.438426 0.0088542 0.0546296
2 0.736719 0.440278 0.0088542 0.0398148
2 0.820052 0.437963 0.0109375 0.0685185
2 0.790365 0.446759 0.0130208 0.0768519
2 0.596094 0.442593 0.0088542 0.0277778
2 0.857552 0.447685 0.0192708 0.0675926
2 0.71276 0.434259 0.0098958 0.0462963
2 0.99349 0.441667 0.0130208 0.0759259
2 0.642708 0.449074 0.0135417 0.0574074
