2 0.582031 0.452315 0.0265625 0.102778
2 0.419271 0.459722 0.0197917 0.0861111
2 0.319531 0.468056 0.0265625 0.0916667
2 0.389062 0.458796 0.0229167 0.0731481
2 0.796354 0.428241 0.0104167 0.0546296
2 0.0572917 0.47963 0.0114583 0.0685185
2 0.258073 0.466667 0.0151042 0.0592593
2 0.624219 0.430093 0.0109375 0.0435185
2 0.76224 0.434722 0.0244792 0.0916667
2 0.82474 0.439352 0.0234375 0.087963
2 0.729427 0.431019 0.0130208 0.0416667
1 0.503646 0.497685 0.25 0.0342593
0 0.796615 0.368519 0.0078125 0.0277778
0 0.805469 0.368519 0.0078125 0.0314815
