2 0.956771 0.5125 0.0177083 0.113889
2 0.916146 0.516667 0.028125 0.1
2 0.885677 0.510185 0.0140625 0.0851852
2 0.89349 0.577778 0.0348958 0.194444
2 0.87526 0.58287 0.0359375 0.169444
2 0.859896 0.588426 0.0395833 0.186111
2 0.822135 0.539815 0.0328125 0.109259
2 0.778646 0.547685 0.01875 0.10463
2 0.701302 0.574074 0.0203125 0.101852
2 0.616667 0.57037 0.021875 0.109259
2 0.596875 0.571296 0.03125 0.107407
2 0.541927 0.573611 0.0171875 0.0972222
2 0.255208 0.548611 0.0083333 0.0453704
2 0.230208 0.575926 0.0125 0.0907407
2 0.21875 0.572685 0.0239583 0.0972222
2 0.178385 0.55 0.0109375 0.0555556
2 0.134635 0.559259 0.0151042 0.0907407
2 0.0559896 0.5875 0.0161458 0.0953704
2 0.0635417 0.550926 0.01875 0.0833333
2 0.0328125 0.558796 0.015625 0.0768519
2 0.015625 0.551389 0.0125 0.0638889
2 0.0059896 0.535648 0.0119792 0.0694444
1 0.430729 0.61713 0.471875 0.0305556
1 0.952083 0.630093 0.0927083 0.110185
1 0.774479 0.612037 0.13125 0.0685185
0 0.449479 0.274074 0.021875 0.0888889
0 0.542188 0.271296 0.0197917 0.0833333
