2 0.973437 0.570833 0.0395833 0.278704
2 0.811198 0.481481 0.0182292 0.0814815
2 0.867188 0.4875 0.0135417 0.0675926
2 0.653125 0.589352 0.096875 0.35463
2 0.592448 0.478241 0.0255208 0.100926
2 0.4 0.463426 0.0125 0.0564815
2 0.334635 0.463426 0.0151042 0.0601852
2 0.307031 0.472685 0.0151042 0.062037
2 0.294792 0.472685 0.0145833 0.0657407
2 0.267448 0.471296 0.0182292 0.0740741
2 0.245312 0.472685 0.0166667 0.0694444
1 0.116406 0.47963 0.0505208 0.0092593
1 0.415365 0.662963 0.828646 0.309259
1 0.501042 0.7875 0.995833 0.217593
2 0.157813 0.472222 0.0322917 0.105556
2 0.685677 0.466204 0.0098958 0.0324074
0 0.20625 0.362963 0.0135417 0.037037
