2 0.795052 0.436111 0.0151042 0.0759259
2 0.74349 0.427778 0.0203125 0.0722222
2 0.0934896 0.418981 0.0140625 0.075
2 0.0783854 0.431019 0.0109375 0.0527778
2 0.06875 0.422685 0.0177083 0.0842593
2 0.0625 0.397685 0.0083333 0.0453704
1 0.482292 0.444444 0.470833 0.0277778
1 0.50026 0.558796 0.997396 0.0953704
1 0.908854 0.513889 0.182292 0.0611111
0 0.622917 0.226389 0.0333333 0.025
0 0.56276 0.219444 0.0338542 0.0277778
0 0.152083 0.312963 0.0104167 0.0351852
0 0.747135 0.347222 0.0098958 0.0314815
