2 0.340365 0.47963 0.0234375 0.15
2 0.378385 0.452315 0.0109375 0.0472222
2 0.415104 0.443981 0.0083333 0.0287037
2 0.459896 0.464352 0.0322917 0.0990741
2 0.541927 0.476852 0.0390625 0.168518
2 0.709375 0.452315 0.0197917 0.0861111
2 0.983333 0.436574 0.0125 0.0657407
2 0.946094 0.439352 0.0119792 0.062037
2 0.882813 0.434259 0.0135417 0.0611111
2 0.911719 0.43287 0.0109375 0.0546296
2 0.558594 0.480556 0.0411458 0.144444
2 0.0619792 0.476852 0.009375 0.0481481
1 0.43125 0.556944 0.70625 0.0675926
0 0.575521 0.344444 0.0072917 0.0296296
0 0.866927 0.364815 0.0098958 0.0333333
0 0.876823 0.36713 0.0078125 0.025
