2 0.74349 0.688889 0.0921875 0.422222
2 0.653906 0.602778 0.0536458 0.168518
2 0.383594 0.55 0.0109375 0.0351852
1 0.692969 0.636111 0.0296875 0.0722222
2 0.572396 0.541204 0.0135417 0.0564815
2 0.604688 0.543056 0.0125 0.0601852
2 0.815104 0.550926 0.021875 0.101852
1 0.586979 0.624537 0.071875 0.0398148
2 0.938021 0.55463 0.0270833 0.155556
2 0.691406 0.559259 0.0161458 0.087037
2 0.67474 0.543981 0.0130208 0.0694444
2 0.888542 0.592593 0.0697917 0.411111
2 0.78151 0.532407 0.0161458 0.0796296
2 0.854427 0.622222 0.0359375 0.353704
2 0.63776 0.551389 0.0182292 0.0675926
