2 0.202344 0.491667 0.0567708 0.316667
2 0.0609375 0.408796 0.009375 0.0453704
2 0.08125 0.42037 0.015625 0.0722222
2 0.928385 0.478704 0.0390625 0.181481
2 0.673437 0.419907 0.0135417 0.062037
1 0.321615 0.447685 0.0796875 0.012037
1 0.499219 0.57963 0.994271 0.101852
1 0.670052 0.460648 0.139062 0.025
1 0.870573 0.509722 0.0890625 0.037963
1 0.968229 0.531018 0.0635417 0.0416667
0 0.627865 0.228241 0.0338542 0.025
0 0.566146 0.221759 0.034375 0.0287037
0 0.144792 0.321759 0.0114583 0.0361111
0 0.754948 0.350463 0.0098958 0.0324074
