2 0.122917 0.534722 0.015625 0.0805556
2 0.14401 0.518519 0.0255208 0.112963
2 0.154948 0.521759 0.0140625 0.0972222
2 0.215365 0.50787 0.0192708 0.0972222
2 0.229167 0.520833 0.0145833 0.0601852
2 0.232292 0.495833 0.0177083 0.0898148
2 0.248958 0.481944 0.0125 0.0805556
2 0.263021 0.493519 0.0104167 0.05
2 0.26224 0.512037 0.0130208 0.0574074
2 0.31849 0.439352 0.0098958 0.0398148
2 0.340104 0.443056 0.0104167 0.0361111
2 0.49375 0.418981 0.0083333 0.0268519
2 0.506771 0.428704 0.00625 0.0296296
2 0.514063 0.439815 0.0072917 0.0314815
2 0.513281 0.471296 0.0119792 0.0518519
2 0.522396 0.477315 0.0135417 0.062037
2 0.547656 0.487037 0.0109375 0.037037
2 0.557813 0.475926 0.0145833 0.0685185
2 0.575781 0.472222 0.0130208 0.0740741
2 0.596615 0.481019 0.0151042 0.0731481
2 0.610937 0.485648 0.0145833 0.0527778
2 0.769271 0.544444 0.0677083 0.309259
2 0.114323 0.505556 0.0119792 0.0814815
2 0.36901 0.446759 0.0088542 0.0361111
2 0.359896 0.449074 0.0072917 0.037037
2 0.253906 0.486574 0.0130208 0.075
