2 0.169792 0.427315 0.0125 0.0638889
2 0.142708 0.426389 0.0177083 0.0694444
2 0.152865 0.434722 0.0109375 0.0509259
2 0.0776042 0.413426 0.0083333 0.0305556
2 0.760417 0.430093 0.0114583 0.0657407
2 0.401302 0.410648 0.0140625 0.0675926
2 0.729688 0.424537 0.0125 0.0638889
1 0.441927 0.491204 0.800521 0.037963
1 0.553646 0.442593 0.242708 0.0203704
1 0.333594 0.439815 0.0755208 0.0111111
0 0.596615 0.258796 0.0286458 0.0212963
0 0.545573 0.25463 0.0286458 0.0240741
0 0.215104 0.341667 0.009375 0.0314815
0 0.697396 0.358333 0.0083333 0.0259259
