2 0.0893229 0.488889 0.0244792 0.103704
2 0.104687 0.494907 0.0166667 0.0990741
2 0.134635 0.502778 0.0130208 0.0648148
2 0.158073 0.494907 0.0223958 0.0935185
2 0.173438 0.509722 0.0104167 0.0601852
2 0.179948 0.497222 0.0151042 0.0981481
2 0.189844 0.484722 0.0151042 0.0972222
2 0.220573 0.503241 0.0119792 0.062037
2 0.231771 0.491667 0.01875 0.087037
2 0.269531 0.49213 0.0192708 0.0916667
2 0.310156 0.471296 0.0098958 0.05
2 0.319271 0.473148 0.0104167 0.0518519
2 0.358073 0.46713 0.0088542 0.0490741
2 0.532552 0.459259 0.0098958 0.0407407
2 0.567708 0.465741 0.0114583 0.0592593
2 0.5875 0.485648 0.015625 0.0768519
2 0.634896 0.49213 0.021875 0.102778
2 0.677344 0.480556 0.0140625 0.0740741
