2 0.841667 0.577778 0.040625 0.201852
2 0.795833 0.561574 0.01875 0.0935185
2 0.751823 0.626852 0.0567708 0.335185
2 0.686458 0.603704 0.0270833 0.231482
2 0.664844 0.597222 0.0390625 0.259259
2 0.616667 0.563426 0.0145833 0.0638889
2 0.606771 0.563426 0.0208333 0.0712963
2 0.583073 0.623148 0.0484375 0.198148
2 0.490365 0.609259 0.0505208 0.172222
2 0.342969 0.563889 0.0140625 0.0462963
1 0.536198 0.623611 0.0598958 0.0324074
1 0.616146 0.636574 0.0385417 0.0601852
1 0.313281 0.868056 0.352604 0.136111
2 0.874219 0.56713 0.0276042 0.184259
2 0.861979 0.604167 0.0125 0.0861111
2 0.984115 0.568982 0.0317708 0.191667
