2 0.789063 0.438426 0.0166667 0.0824074
2 0.727344 0.423611 0.0213542 0.0712963
2 0.0864583 0.426852 0.0145833 0.0777778
2 0.0682292 0.426852 0.0145833 0.0796296
2 0.0588542 0.408333 0.0104167 0.05
2 0.0776042 0.437963 0.0125 0.0555556
1 0.479167 0.448611 0.476042 0.0287037
1 0.49974 0.569907 0.997396 0.100926
1 0.908854 0.517593 0.171875 0.0574074
0 0.627344 0.224537 0.0338542 0.025
0 0.566146 0.218056 0.034375 0.0287037
0 0.146094 0.318056 0.0109375 0.0361111
0 0.754427 0.346759 0.0098958 0.0324074
