2 0.0388021 0.562037 0.0265625 0.162963
2 0.0604167 0.546296 0.021875 0.144444
2 0.158594 0.531482 0.0328125 0.137037
2 0.166146 0.522685 0.0145833 0.121296
2 0.182552 0.524074 0.0182292 0.109259
2 0.191406 0.541667 0.0140625 0.0814815
2 0.203385 0.523611 0.0161458 0.0712963
2 0.220573 0.515278 0.0161458 0.0601852
2 0.373958 0.460648 0.0114583 0.0435185
2 0.382292 0.451389 0.0083333 0.037963
2 0.402604 0.434259 0.0072917 0.0277778
2 0.529948 0.433796 0.0078125 0.0361111
2 0.539844 0.449074 0.0078125 0.037037
2 0.55651 0.483333 0.0192708 0.0833333
2 0.614583 0.505093 0.0135417 0.0490741
2 0.630208 0.501389 0.0145833 0.0657407
2 0.654688 0.489815 0.0177083 0.0925926
2 0.66849 0.502778 0.0151042 0.0703704
2 0.0067708 0.545833 0.0135417 0.158333
2 0.363542 0.449074 0.0083333 0.0351852
2 0.395833 0.45 0.0083333 0.0333333
