2 0.984635 0.503241 0.0223958 0.121296
2 0.940885 0.511574 0.0234375 0.102778
2 0.909115 0.499537 0.0140625 0.075
2 0.928646 0.575 0.0375 0.196296
2 0.900521 0.587963 0.046875 0.194444
2 0.844792 0.533796 0.0302083 0.110185
2 0.79974 0.539352 0.0192708 0.108333
2 0.71849 0.57037 0.0203125 0.101852
2 0.642969 0.57037 0.0182292 0.111111
2 0.630208 0.571296 0.0166667 0.111111
2 0.616406 0.568982 0.0161458 0.0916667
2 0.559896 0.573611 0.0177083 0.0990741
2 0.255208 0.549537 0.0125 0.0490741
2 0.225 0.565278 0.0135417 0.0675926
2 0.214583 0.576852 0.0135417 0.0888889
2 0.20651 0.574074 0.0161458 0.0981481
2 0.177604 0.549537 0.0104167 0.0564815
2 0.129167 0.549537 0.0125 0.075
2 0.116667 0.558333 0.0166667 0.0962963
2 0.0609375 0.582407 0.01875 0.0962963
2 0.0466146 0.549537 0.0119792 0.0861111
2 0.0205729 0.556944 0.0151042 0.0731481
2 0.0070313 0.531482 0.0119792 0.062963
1 0.430729 0.61713 0.471875 0.0305556
1 0.970833 0.631944 0.0552083 0.113889
1 0.808854 0.607407 0.157292 0.0925926
0 0.449479 0.274074 0.021875 0.0888889
0 0.542188 0.271296 0.0197917 0.0833333
