2 0.0338542 0.495833 0.0145833 0.0787037
2 0.0679687 0.47963 0.0119792 0.05
2 0.0804688 0.482407 0.0078125 0.0462963
2 0.0856771 0.483333 0.0088542 0.0444444
2 0.0963542 0.480556 0.0104167 0.0444444
2 0.103385 0.47963 0.0078125 0.037037
2 0.110417 0.478704 0.009375 0.0444444
2 0.121875 0.476852 0.0104167 0.0425926
2 0.142708 0.48287 0.0135417 0.0564815
2 0.169531 0.47963 0.0119792 0.0648148
2 0.19974 0.478704 0.0182292 0.0759259
2 0.26276 0.472222 0.0140625 0.0611111
2 0.363021 0.468518 0.0135417 0.0537037
2 0.319792 0.471759 0.0208333 0.0601852
2 0.453385 0.46713 0.0192708 0.0657407
1 0.463281 0.498148 0.130729 0.0166667
0 0.267969 0.430556 0.0067708 0.0185185
0 0.52526 0.400463 0.0067708 0.0194444
