2 0.0153646 0.514815 0.0182292 0.109259
2 0.364062 0.541204 0.03125 0.143518
2 0.401563 0.530093 0.0270833 0.134259
2 0.419792 0.529167 0.0302083 0.139815
2 0.45026 0.521296 0.0223958 0.137037
2 0.464583 0.523611 0.0239583 0.143518
2 0.794271 0.50463 0.0197917 0.0925926
1 0.896615 0.601852 0.196354 0.12037
0 0.38099 0.4625 0.0067708 0.0101852
0 0.392188 0.461111 0.0072917 0.0111111
2 0.552865 0.530556 0.0255208 0.144444
2 0.478906 0.531482 0.0130208 0.144444
2 0.511979 0.499537 0.0125 0.0601852
2 0.492969 0.533796 0.0286458 0.165741
2 0.529948 0.535185 0.0286458 0.137037
2 0.534115 0.508796 0.0182292 0.0787037
