2 0.534635 0.451389 0.0140625 0.0509259
2 0.548958 0.448148 0.0114583 0.0555556
2 0.774219 0.459259 0.0255208 0.124074
2 0.33125 0.47037 0.0125 0.0703704
2 0.377083 0.45463 0.0083333 0.0444444
2 0.452604 0.444444 0.0072917 0.0333333
2 0.396615 0.456481 0.0109375 0.05
2 0.434375 0.449074 0.0083333 0.0333333
2 0.634635 0.441204 0.0088542 0.0509259
2 0.64349 0.440278 0.0078125 0.0490741
2 0.339844 0.459722 0.0088542 0.0546296
0 0.364844 0.2625 0.0161458 0.0601852
0 0.528646 0.370833 0.00625 0.0231481
