2 0.0153646 0.550926 0.0140625 0.0666667
2 0.0434896 0.556481 0.0130208 0.0777778
2 0.0872396 0.559259 0.0140625 0.0796296
2 0.135417 0.556481 0.0239583 0.0944444
2 0.183594 0.565741 0.0223958 0.0777778
2 0.204948 0.574537 0.0192708 0.0935185
2 0.222396 0.551852 0.0083333 0.0537037
2 0.251302 0.564352 0.0151042 0.0712963
2 0.283594 0.571759 0.0223958 0.102778
2 0.474479 0.569444 0.0166667 0.111111
2 0.491146 0.568982 0.025 0.119444
2 0.548958 0.571759 0.0239583 0.10463
2 0.623958 0.575463 0.0229167 0.100926
2 0.696354 0.568056 0.0208333 0.106481
2 0.725521 0.5875 0.03125 0.180556
2 0.741146 0.584722 0.015625 0.139815
2 0.76224 0.584259 0.0390625 0.181481
2 0.794271 0.540741 0.0177083 0.101852
2 0.80599 0.551852 0.0203125 0.0981481
2 0.816927 0.54537 0.0213542 0.103704
2 0.83125 0.541204 0.0302083 0.102778
2 0.9125 0.581482 0.034375 0.218518
2 0.941146 0.598611 0.0541667 0.208333
2 0.973958 0.494444 0.0177083 0.0888889
1 0.430729 0.61713 0.472917 0.0305556
1 0.83724 0.6125 0.132813 0.0898148
1 0.972656 0.634259 0.0505208 0.116667
0 0.449479 0.274074 0.021875 0.0888889
0 0.542188 0.271296 0.0197917 0.0833333
