2 0.0992187 0.568056 0.0265625 0.10463
2 0.796354 0.676852 0.090625 0.431482
2 0.849479 0.637963 0.0572917 0.318518
2 0.944792 0.67963 0.110417 0.490741
2 0.642448 0.700926 0.104687 0.501852
1 0.24401 0.831944 0.486979 0.221296
2 0.133073 0.571759 0.0234375 0.113889
2 0.69349 0.597685 0.0401042 0.263889
2 0.339844 0.559259 0.0151042 0.0555556
2 0.483594 0.588889 0.0442708 0.15
2 0.736719 0.567593 0.0234375 0.12963
2 0.749479 0.5625 0.025 0.10463
2 0.828385 0.685185 0.0453125 0.388889
2 0.540885 0.59213 0.0328125 0.152778
1 0.573958 0.620833 0.0677083 0.0509259
2 0.556771 0.549074 0.0125 0.0611111
2 0.594792 0.567593 0.0166667 0.087037
2 0.610156 0.572222 0.0130208 0.0722222
