2 0.585677 0.458333 0.0296875 0.122222
2 0.450521 0.461574 0.0270833 0.110185
2 0.327344 0.467593 0.0244792 0.112963
2 0.410677 0.459259 0.0234375 0.0777778
2 0.226302 0.475463 0.0192708 0.075
2 0.833594 0.437963 0.0328125 0.112963
2 0.899479 0.442593 0.0260417 0.107407
2 0.622135 0.452778 0.0223958 0.087037
2 0.738802 0.433796 0.0109375 0.0490741
2 0.276302 0.456481 0.0098958 0.037037
2 0.0239583 0.484722 0.015625 0.0805556
1 0.520312 0.5125 0.297917 0.0305556
0 0.214583 0.0287037 0.0322917 0.0574074
0 0.823438 0.368056 0.0083333 0.0287037
0 0.832812 0.368519 0.0083333 0.0259259
