2 0.090625 0.54213 0.0302083 0.115741
2 0.139583 0.531944 0.0322917 0.125
2 0.183333 0.521759 0.01875 0.115741
2 0.200521 0.534259 0.0145833 0.0740741
2 0.201562 0.511111 0.0197917 0.0925926
2 0.215625 0.526389 0.0177083 0.0601852
2 0.232552 0.483333 0.0171875 0.0851852
2 0.258333 0.500463 0.0135417 0.0472222
2 0.31276 0.443518 0.0078125 0.0351852
2 0.322917 0.446296 0.009375 0.0333333
2 0.340625 0.448611 0.0104167 0.0361111
2 0.346875 0.449537 0.0083333 0.037963
2 0.509635 0.433333 0.0078125 0.0314815
2 0.519792 0.450463 0.0072917 0.037963
2 0.528646 0.482407 0.0114583 0.0722222
2 0.540104 0.482407 0.0177083 0.0703704
2 0.565365 0.497222 0.0119792 0.0425926
2 0.594792 0.480093 0.0177083 0.0805556
2 0.614583 0.4875 0.01875 0.0824074
2 0.629167 0.495833 0.0177083 0.0638889
2 0.592969 0.491667 0.0119792 0.0611111
2 0.0492187 0.531482 0.0234375 0.105556
2 0.0705729 0.535185 0.0203125 0.105556
2 0.219271 0.501389 0.0166667 0.0342593
2 0.352865 0.447685 0.0078125 0.0342593
2 0.0132812 0.515741 0.0223958 0.15
2 0.244531 0.488889 0.0161458 0.0722222
