2 0.0471354 0.559722 0.0151042 0.0787037
2 0.0940104 0.562037 0.0140625 0.0722222
2 0.226302 0.653241 0.113021 0.382407
2 0.871615 0.53287 0.0505208 0.19537
0 0.248698 0.0888889 0.0359375 0.133333
0 0.410417 0.0865741 0.0322917 0.119444
1 0.0867187 0.751389 0.167187 0.171296
2 0.522656 0.628241 0.0515625 0.25463
2 0.452865 0.631019 0.0463542 0.247222
2 0.405208 0.622685 0.034375 0.239815
2 0.765365 0.545833 0.0317708 0.136111
2 0.711979 0.654167 0.0489583 0.299074
2 0.329948 0.568982 0.0171875 0.0916667
2 0.545052 0.672685 0.138021 0.391667
2 0.669792 0.556481 0.01875 0.101852
1 0.366146 0.771296 0.147917 0.187037
2 0.166667 0.572685 0.0145833 0.100926
2 0.354688 0.564352 0.0197917 0.0805556
2 0.645573 0.650463 0.0505208 0.25463
2 0.486979 0.575 0.0177083 0.0944444
2 0.285156 0.562963 0.0182292 0.0888889
2 0.948177 0.506482 0.0463542 0.27963
