1 0.394271 0.447222 0.207292 0.0185185
2 0.747135 0.425463 0.0255208 0.130556
2 0.660156 0.413426 0.0203125 0.0972222
2 0.67526 0.411111 0.0192708 0.0759259
2 0.332031 0.424074 0.0140625 0.0685185
2 0.314844 0.423611 0.0151042 0.0546296
0 0.542969 0.328241 0.0109375 0.0342593
0 0.572396 0.364815 0.009375 0.0240741
2 0.717708 0.406018 0.0145833 0.062037
2 0.277604 0.419907 0.009375 0.0416667
2 0.253385 0.423611 0.0088542 0.0435185
2 0.177083 0.427315 0.0145833 0.0601852
2 0.65 0.403241 0.0083333 0.0527778
1 0.485938 0.423148 0.0302083 0.0092593
1 0.40599 0.428704 0.0286458 0.0092593
