2 0.854167 0.576389 0.0416667 0.206482
2 0.795833 0.563426 0.0197917 0.0990741
2 0.763021 0.627315 0.0614583 0.365741
2 0.68724 0.606944 0.0317708 0.239815
2 0.672656 0.596296 0.0401042 0.268519
2 0.616146 0.564815 0.0145833 0.0648148
2 0.608073 0.564815 0.0182292 0.0703704
2 0.584635 0.626852 0.0505208 0.205556
2 0.490104 0.610185 0.0510417 0.174074
2 0.340885 0.563426 0.0140625 0.0453704
1 0.536719 0.626852 0.0609375 0.0333333
1 0.61875 0.641204 0.0385417 0.0564815
1 0.314844 0.88287 0.349479 0.106481
2 0.88151 0.574537 0.0338542 0.197222
