2 0.0351562 0.562963 0.0265625 0.162963
2 0.0635417 0.547222 0.021875 0.144444
2 0.158073 0.530556 0.0328125 0.146296
2 0.164063 0.518982 0.0145833 0.121296
2 0.177344 0.522222 0.0182292 0.109259
2 0.190365 0.541667 0.0140625 0.0740741
2 0.201823 0.524537 0.0161458 0.0712963
2 0.220052 0.513426 0.0161458 0.0601852
2 0.373958 0.460648 0.0114583 0.0435185
2 0.383073 0.444907 0.0078125 0.0361111
2 0.402604 0.433333 0.0072917 0.0277778
2 0.530208 0.433796 0.0083333 0.037963
2 0.540365 0.452778 0.0078125 0.037037
2 0.557031 0.482407 0.0192708 0.0833333
2 0.617708 0.504167 0.0135417 0.0490741
2 0.632292 0.501389 0.0145833 0.0657407
2 0.657292 0.492593 0.0177083 0.0925926
2 0.671615 0.5 0.0151042 0.0703704
2 0.364062 0.449074 0.0083333 0.0351852
2 0.397917 0.45 0.0083333 0.0333333
2 0.0054687 0.551852 0.0109375 0.138889
