2 0.519271 0.509722 0.0197917 0.0861111
2 0.341667 0.543981 0.0354167 0.158333
2 0.380729 0.523611 0.0239583 0.136111
2 0.397917 0.52963 0.0239583 0.144444
2 0.43099 0.519444 0.0234375 0.148148
2 0.444271 0.524537 0.0239583 0.160185
2 0.472396 0.536574 0.0458333 0.173148
2 0.491406 0.497222 0.0109375 0.0666667
2 0.511719 0.5375 0.0244792 0.143518
2 0.536198 0.528241 0.0234375 0.14537
1 0.905469 0.606481 0.175521 0.125926
2 0.485417 0.499074 0.0125 0.0685185
1 0.619792 0.54537 0.0635417 0.0388889
