2 0.694531 0.591204 0.0255208 0.117593
2 0.242188 0.559259 0.0135417 0.0518519
2 0.172135 0.575 0.0151042 0.0759259
2 0.203646 0.559259 0.0145833 0.0574074
2 0.155729 0.563889 0.0135417 0.0592593
2 0.79974 0.611574 0.0682292 0.213889
2 0.963021 0.524074 0.0239583 0.131481
2 0.891667 0.515741 0.0177083 0.0907407
2 0.118229 0.575463 0.0197917 0.108333
2 0.103906 0.57037 0.0171875 0.116667
2 0.872656 0.558796 0.0286458 0.126852
2 0.676823 0.5625 0.0182292 0.0935185
2 0.826563 0.56713 0.021875 0.134259
2 0.482552 0.555093 0.0067708 0.0175926
1 0.439063 0.639352 0.55 0.0342593
1 0.920573 0.635648 0.154687 0.125
0 0.44974 0.247222 0.0244792 0.1
0 0.555208 0.244907 0.0239583 0.0935185
