2 0.164323 0.430556 0.0130208 0.0648148
2 0.13724 0.430556 0.0182292 0.0722222
2 0.147135 0.438889 0.0109375 0.0518519
2 0.075 0.41713 0.00625 0.0305556
2 0.76276 0.431482 0.0119792 0.0685185
2 0.379427 0.414352 0.0140625 0.0694444
2 0.732813 0.427315 0.0125 0.0657407
1 0.425521 0.506944 0.827083 0.0583333
1 0.539063 0.446296 0.277083 0.0185185
1 0.31901 0.444907 0.0598958 0.0138889
0 0.597656 0.25787 0.0286458 0.0212963
0 0.546354 0.253704 0.0291667 0.0240741
0 0.210156 0.342593 0.0088542 0.0296296
0 0.700521 0.358796 0.0083333 0.0268519
