2 0.660677 0.548611 0.0151042 0.0675926
2 0.816927 0.555556 0.0276042 0.138889
2 0.847917 0.560648 0.03125 0.136111
2 0.909375 0.565741 0.0270833 0.137037
2 0.975521 0.584259 0.028125 0.17963
1 0.798958 0.660648 0.344792 0.087963
1 0.39349 0.681481 0.161979 0.0851852
1 0.0861979 0.69537 0.142188 0.0574074
1 0.419271 0.571296 0.0958333 0.0092593
0 0.539063 0.388426 0.0291667 0.0287037
2 0.0447917 0.568056 0.009375 0.0472222
2 0.732292 0.540741 0.0114583 0.0537037
2 0.748958 0.539352 0.0145833 0.0601852
2 0.886198 0.544444 0.0192708 0.105556
2 0.834375 0.537963 0.0166667 0.101852
