2 0.883594 0.532407 0.0171875 0.103704
2 0.803125 0.566204 0.0229167 0.110185
2 0.745573 0.573611 0.0338542 0.10463
2 0.740625 0.575 0.0177083 0.107407
2 0.653385 0.582407 0.0182292 0.0925926
2 0.635417 0.589352 0.0260417 0.0953704
2 0.251823 0.561574 0.0130208 0.0509259
2 0.20026 0.578241 0.0151042 0.0712963
2 0.113542 0.563426 0.0145833 0.0787037
2 0.0632812 0.569444 0.0192708 0.0925926
2 0.0520833 0.581944 0.0208333 0.0990741
2 0.21901 0.562037 0.0109375 0.0555556
2 0.158333 0.580093 0.0145833 0.0935185
2 0.152865 0.579167 0.0213542 0.0990741
2 0.173177 0.565278 0.0088542 0.0564815
2 0.889323 0.630556 0.0755208 0.27963
2 0.867188 0.519444 0.015625 0.0907407
2 0.935417 0.521759 0.0229167 0.113889
1 0.784115 0.615278 0.124479 0.0787037
1 0.427344 0.635185 0.480729 0.0314815
0 0.44974 0.277315 0.0223958 0.0916667
0 0.545573 0.274537 0.0203125 0.0861111
