2 0.388021 0.539352 0.009375 0.0305556
1 0.916406 0.668981 0.121354 0.115741
2 0.602604 0.536574 0.0125 0.0583333
1 0.694531 0.675 0.239063 0.127778
2 0.670313 0.548148 0.0229167 0.109259
2 0.923698 0.551852 0.0265625 0.142593
2 0.935417 0.5375 0.021875 0.125
2 0.722917 0.536111 0.0177083 0.0796296
2 0.714063 0.534259 0.0135417 0.0722222
2 0.75651 0.546759 0.0203125 0.0953704
2 0.841667 0.587963 0.053125 0.164815
2 0.738542 0.549537 0.015625 0.0657407
2 0.644531 0.531482 0.0130208 0.0648148
2 0.128125 0.539352 0.0114583 0.0490741
