2 0.964583 0.57963 0.05 0.218518
2 0.953646 0.495833 0.0145833 0.0898148
2 0.86875 0.53287 0.0197917 0.0972222
2 0.857552 0.532407 0.0151042 0.101852
2 0.826823 0.531482 0.0234375 0.101852
2 0.803125 0.583333 0.0291667 0.181481
2 0.779167 0.586111 0.0291667 0.159259
2 0.7625 0.591204 0.0416667 0.186111
2 0.729688 0.563889 0.0302083 0.109259
2 0.652344 0.577315 0.0276042 0.100926
2 0.572656 0.572685 0.0286458 0.0972222
2 0.54349 0.572222 0.0213542 0.112963
2 0.519271 0.571296 0.0291667 0.109259
2 0.496094 0.573148 0.0203125 0.0888889
2 0.259896 0.574537 0.0177083 0.110185
2 0.24349 0.568056 0.0161458 0.0731481
2 0.222135 0.551389 0.0140625 0.0527778
2 0.177604 0.577315 0.0270833 0.087963
2 0.161198 0.55787 0.0119792 0.0787037
2 0.106771 0.556481 0.01875 0.0944444
2 0.0682292 0.558333 0.0197917 0.0796296
2 0.0458333 0.591667 0.0208333 0.12037
2 0.0263021 0.551389 0.0140625 0.0731481
2 0.0151042 0.544907 0.0114583 0.0527778
2 0.0059896 0.535648 0.0119792 0.062037
1 0.430729 0.61713 0.471875 0.0305556
1 0.882813 0.611111 0.140625 0.105556
0 0.449479 0.274074 0.021875 0.0888889
0 0.542188 0.271296 0.0197917 0.0833333
