2 0.142188 0.560648 0.0145833 0.075
2 0.15651 0.577315 0.0161458 0.0787037
2 0.190365 0.560648 0.0098958 0.0601852
2 0.199219 0.562963 0.0098958 0.0555556
2 0.234896 0.558333 0.0114583 0.0574074
2 0.688281 0.566667 0.0203125 0.0981481
2 0.719531 0.59537 0.0265625 0.122222
2 0.904688 0.515741 0.0208333 0.0944444
2 0.916406 0.554167 0.0276042 0.137963
2 0.859896 0.553704 0.028125 0.116667
2 0.84974 0.541667 0.0192708 0.105556
2 0.76901 0.610648 0.0682292 0.202778
2 0.0731771 0.572685 0.0182292 0.123148
2 0.0877604 0.581019 0.0213542 0.100926
1 0.433854 0.647222 0.592708 0.037037
1 0.901563 0.637037 0.188542 0.124074
0 0.446875 0.231018 0.0260417 0.10463
0 0.558854 0.230093 0.025 0.0990741
