2 0.586719 0.477778 0.0161458 0.0666667
2 0.653646 0.52963 0.0458333 0.164815
2 0.571875 0.487037 0.0114583 0.0444444
2 0.563542 0.475463 0.0145833 0.0638889
2 0.551562 0.4875 0.0114583 0.0342593
2 0.524479 0.475926 0.0114583 0.0462963
2 0.51224 0.478241 0.0130208 0.0546296
2 0.513802 0.444444 0.0078125 0.0277778
2 0.504167 0.433796 0.00625 0.0324074
2 0.33724 0.444444 0.0098958 0.0351852
2 0.288021 0.511111 0.0125 0.0592593
2 0.267708 0.494907 0.01875 0.0842593
2 0.253906 0.516667 0.0119792 0.0574074
2 0.245052 0.503704 0.0161458 0.0833333
2 0.203906 0.511574 0.0255208 0.087963
2 0.18151 0.509722 0.0255208 0.110185
2 0.145573 0.519444 0.0098958 0.0648148
2 0.0382813 0.501389 0.0317708 0.149074
2 0.116146 0.50787 0.0177083 0.0842593
2 0.138542 0.525926 0.0135417 0.05
2 0.595312 0.488426 0.0104167 0.0435185
