2 0.0203125 0.512963 0.021875 0.103704
2 0.053125 0.508333 0.0197917 0.105556
2 0.402865 0.53287 0.0307292 0.132407
2 0.432813 0.522685 0.0208333 0.125
2 0.448958 0.526389 0.028125 0.123148
2 0.478385 0.519444 0.0213542 0.125926
2 0.493229 0.519907 0.0229167 0.130556
2 0.511719 0.535185 0.0244792 0.137037
2 0.531771 0.532407 0.040625 0.144444
2 0.77474 0.510185 0.0171875 0.0759259
2 0.78776 0.506482 0.0192708 0.0888889
1 0.86276 0.596296 0.198437 0.111111
0 0.393229 0.461574 0.00625 0.012037
0 0.405208 0.461111 0.0083333 0.0111111
2 0.546094 0.527315 0.0119792 0.123148
2 0.578646 0.526389 0.021875 0.132407
2 0.533333 0.499074 0.0104167 0.0592593
2 0.557813 0.530093 0.0197917 0.126852
2 0.976042 0.5875 0.046875 0.363889
2 0.558073 0.506482 0.0171875 0.0740741
