2 0.348437 0.480556 0.0385417 0.155556
2 0.391146 0.452315 0.0114583 0.0490741
2 0.466927 0.464352 0.0265625 0.10463
2 0.534115 0.47963 0.0567708 0.17963
2 0.717969 0.452778 0.0234375 0.0888889
2 0.992708 0.437037 0.0125 0.0648148
2 0.918229 0.433333 0.0125 0.0555556
2 0.572917 0.477315 0.03125 0.150926
2 0.476302 0.441204 0.0078125 0.0305556
2 0.0567708 0.477315 0.009375 0.0490741
1 0.441667 0.560185 0.738542 0.0685185
0 0.576563 0.343056 0.0072917 0.0287037
0 0.870573 0.364352 0.0098958 0.0324074
0 0.880469 0.36713 0.0078125 0.025
