2 0.771354 0.435648 0.0125 0.0712963
2 0.277344 0.417593 0.0182292 0.0888889
2 0.744792 0.431944 0.0135417 0.0712963
2 0.0619792 0.422685 0.009375 0.0398148
2 0.0851563 0.413426 0.0078125 0.0435185
2 0.108333 0.43287 0.015625 0.0768519
2 0.117708 0.440741 0.0125 0.0537037
2 0.136719 0.430556 0.0130208 0.0703704
1 0.488542 0.447222 0.392708 0.0240741
1 0.441927 0.518519 0.883854 0.0592593
1 0.892969 0.5 0.121354 0.0296296
0 0.600521 0.25 0.0302083 0.0222222
0 0.545833 0.244907 0.0302083 0.025
0 0.186979 0.337037 0.009375 0.0314815
0 0.710156 0.356481 0.0088542 0.0277778
