2 0.92526 0.54213 0.0234375 0.102778
2 0.898958 0.548148 0.0260417 0.112963
1 0.396615 0.620833 0.192188 0.0361111
0 0.533594 0.427315 0.0234375 0.0212963
1 0.480729 0.568519 0.0583333 0.0111111
2 0.955208 0.541204 0.0177083 0.0990741
2 0.767448 0.563889 0.0161458 0.0833333
2 0.753646 0.560185 0.0135417 0.0981481
2 0.742188 0.561574 0.0135417 0.10463
2 0.311458 0.565741 0.009375 0.0462963
2 0.728385 0.556481 0.0140625 0.0814815
2 0.714844 0.552315 0.0151042 0.0787037
2 0.298177 0.56713 0.0088542 0.0453704
2 0.823958 0.549537 0.0135417 0.0731481
