2 0.531771 0.444907 0.0125 0.0472222
2 0.541146 0.443518 0.0114583 0.0481481
2 0.682031 0.448148 0.0182292 0.087037
2 0.357812 0.457407 0.0125 0.0462963
2 0.454427 0.442593 0.0078125 0.0296296
2 0.349479 0.453704 0.0083333 0.0425926
2 0.378646 0.451852 0.0104167 0.0388889
2 0.426823 0.443518 0.0078125 0.0314815
2 0.395833 0.452778 0.0072917 0.0425926
2 0.406771 0.448148 0.0083333 0.0314815
2 0.603125 0.438889 0.009375 0.0444444
2 0.575781 0.440741 0.0098958 0.0444444
0 0.384896 0.289815 0.0135417 0.05
