1 0.523177 0.801852 0.906771 0.272222
2 0.145833 0.538889 0.025 0.148148
2 0.920052 0.656944 0.0734375 0.410185
2 0.314063 0.541204 0.0260417 0.112037
2 0.365625 0.543056 0.0270833 0.136111
2 0.790885 0.588889 0.0723958 0.233333
2 0.455208 0.532407 0.0166667 0.105556
2 0.431771 0.53287 0.025 0.119444
2 0.329688 0.549537 0.021875 0.0935185
2 0.690885 0.574074 0.0453125 0.218518
2 0.976823 0.612037 0.0369792 0.259259
2 0.48776 0.534259 0.0234375 0.118519
2 0.199219 0.502778 0.0151042 0.0703704
2 0.159115 0.52963 0.0130208 0.0944444
2 0.242188 0.527315 0.015625 0.0953704
