2 0.838281 0.556944 0.0338542 0.20463
2 0.771875 0.555093 0.0260417 0.158333
2 0.736198 0.68287 0.106771 0.406482
2 0.679167 0.644907 0.0510417 0.323148
2 0.647135 0.658796 0.0401042 0.289815
2 0.616927 0.65463 0.0651042 0.340741
2 0.597917 0.576389 0.0177083 0.113889
2 0.583854 0.568519 0.015625 0.0703704
2 0.565625 0.562037 0.015625 0.0851852
2 0.552083 0.541667 0.0114583 0.0611111
2 0.528646 0.543518 0.0135417 0.0518519
2 0.515365 0.572222 0.0161458 0.0907407
2 0.504687 0.543056 0.0072917 0.0472222
1 0.546354 0.611111 0.0979167 0.0518519
2 0.447135 0.618056 0.0880208 0.269444
2 0.409896 0.576389 0.0239583 0.125
2 0.292969 0.566204 0.0338542 0.106481
2 0.236458 0.5625 0.021875 0.0935185
2 0.22526 0.564815 0.0286458 0.0981481
2 0.183333 0.568056 0.03125 0.100926
2 0.0992187 0.68287 0.130729 0.513889
2 0.0486979 0.569444 0.0255208 0.125926
2 0.0273438 0.556018 0.0151042 0.0861111
2 0.0114583 0.552778 0.0166667 0.0777778
1 0.230469 0.818519 0.453646 0.251852
0 0.229427 0.0291667 0.0380208 0.0583333
0 0.434635 0.0208333 0.0390625 0.0416667
