2 0.982031 0.634259 0.0359375 0.32037
2 0.95026 0.575463 0.0244792 0.191667
2 0.82474 0.567593 0.0328125 0.174074
2 0.853646 0.610185 0.0208333 0.0981481
2 0.796354 0.556944 0.0166667 0.0916667
2 0.767708 0.573611 0.0260417 0.123148
2 0.735417 0.612037 0.04375 0.303704
2 0.677604 0.597222 0.0260417 0.216667
2 0.661458 0.593518 0.0375 0.25
2 0.616667 0.564352 0.0145833 0.0638889
2 0.604688 0.562037 0.0166667 0.0703704
2 0.58151 0.615278 0.0473958 0.193519
2 0.489844 0.603704 0.0505208 0.172222
2 0.345573 0.561574 0.0140625 0.0453704
1 0.535156 0.617593 0.0588542 0.0277778
1 0.609115 0.63287 0.0494792 0.0546296
1 0.300521 0.868056 0.384375 0.136111
