2 0.888802 0.528241 0.0255208 0.115741
2 0.838281 0.538426 0.0171875 0.106481
2 0.759375 0.568056 0.0239583 0.112037
2 0.697917 0.573148 0.0291667 0.109259
2 0.6875 0.575463 0.0166667 0.108333
2 0.635938 0.577778 0.021875 0.0907407
2 0.599219 0.58287 0.0213542 0.100926
2 0.254167 0.557407 0.0125 0.05
2 0.213021 0.574074 0.0166667 0.0703704
2 0.120573 0.557407 0.0151042 0.0796296
2 0.0924479 0.566204 0.0192708 0.0935185
2 0.0645833 0.580093 0.0197917 0.0953704
2 0.22526 0.561111 0.0098958 0.05
2 0.182292 0.581019 0.028125 0.0990741
2 0.868229 0.52037 0.01875 0.0833333
2 0.0179687 0.556018 0.0140625 0.0916667
2 0.0054687 0.540741 0.0109375 0.062963
1 0.833854 0.628704 0.25625 0.116667
1 0.427344 0.627315 0.468229 0.0305556
0 0.449479 0.280556 0.021875 0.0888889
0 0.542188 0.278704 0.0197917 0.0833333
