2 0.0182292 0.518982 0.0322917 0.150926
2 0.053125 0.498611 0.0364583 0.141667
2 0.104167 0.523148 0.015625 0.0814815
2 0.11849 0.500926 0.0307292 0.122222
2 0.154167 0.505093 0.025 0.132407
2 0.197656 0.48287 0.0161458 0.087963
2 0.248958 0.479167 0.0104167 0.0638889
2 0.260156 0.477778 0.0119792 0.062963
2 0.301302 0.476852 0.0161458 0.0685185
2 0.368229 0.463889 0.0114583 0.0444444
2 0.578385 0.470833 0.0140625 0.0675926
2 0.620052 0.497685 0.0223958 0.113889
2 0.783073 0.534722 0.0401042 0.213889
2 0.770312 0.489815 0.0166667 0.109259
