0 0.536198 0.501389 0.0067708 0.0175926
0 0.120312 0.465278 0.0072917 0.0175926
1 0.567969 0.699537 0.274479 0.062037
1 0.709115 0.606481 0.201562 0.0574074
2 0.0226562 0.517593 0.0119792 0.0537037
2 0.107813 0.522222 0.0083333 0.037037
2 0.511979 0.555093 0.015625 0.0472222
2 0.592188 0.588426 0.0229167 0.106481
2 0.613281 0.591204 0.0192708 0.102778
2 0.623958 0.567593 0.0083333 0.0444444
2 0.722135 0.584259 0.0171875 0.0740741
2 0.761979 0.593056 0.01875 0.0824074
2 0.9 0.589352 0.0145833 0.0842593
2 0.882031 0.589352 0.0151042 0.0694444
1 0.138802 0.661574 0.277604 0.0990741
