2 0.854688 0.523148 0.025 0.148148
2 0.816406 0.47963 0.0057292 0.0277778
2 0.807292 0.489352 0.0125 0.0601852
2 0.465104 0.480556 0.0135417 0.0537037
2 0.442708 0.473148 0.0135417 0.0555556
2 0.359375 0.473611 0.009375 0.0453704
2 0.336719 0.474537 0.0078125 0.0490741
2 0.344271 0.472685 0.0083333 0.0472222
2 0.351823 0.473148 0.0067708 0.05
0 0.172135 0.27037 0.0151042 0.0666667
1 0.300521 0.484259 0.028125 0.0092593
1 0.407292 0.553704 0.166667 0.103704
1 0.836198 0.629167 0.281771 0.0842593
1 0.526302 0.839352 0.940104 0.150926
2 0.981771 0.49537 0.0125 0.0555556
2 0.971875 0.498148 0.0104167 0.0462963
0 0.39375 0.388889 0.0114583 0.0296296
