2 0.960156 0.49537 0.0244792 0.111111
2 0.842448 0.540278 0.0265625 0.175
2 0.822917 0.571296 0.0333333 0.12037
2 0.752083 0.493519 0.015625 0.0722222
2 0.742969 0.499537 0.0182292 0.0657407
2 0.472396 0.521296 0.0197917 0.0981481
2 0.441927 0.497222 0.0171875 0.0481481
2 0.11276 0.502315 0.0161458 0.0805556
0 0.427604 0.459722 0.0072917 0.0101852
1 0.789583 0.56713 0.295833 0.0953704
2 0.155469 0.497222 0.0151042 0.0907407
2 0.485156 0.5125 0.0109375 0.0972222
2 0.66224 0.480556 0.0130208 0.0537037
2 0.494792 0.512037 0.0135417 0.0944444
