2 0.982552 0.598148 0.0338542 0.212963
2 0.954687 0.580556 0.0354167 0.207407
2 0.821615 0.536111 0.0192708 0.103704
2 0.795313 0.586574 0.0416667 0.189815
2 0.774219 0.585185 0.0213542 0.157407
2 0.753906 0.593056 0.0265625 0.182407
2 0.721354 0.566204 0.0208333 0.108333
2 0.647396 0.576852 0.0208333 0.103704
2 0.564844 0.572685 0.0171875 0.0990741
2 0.532552 0.573611 0.0296875 0.112037
2 0.51224 0.570833 0.0182292 0.110185
2 0.492188 0.572685 0.0177083 0.0935185
2 0.264583 0.574074 0.021875 0.103704
2 0.246354 0.568519 0.0145833 0.0740741
2 0.223177 0.553704 0.0119792 0.0518519
2 0.183073 0.574537 0.0234375 0.0935185
2 0.255208 0.547685 0.0104167 0.0472222
2 0.165885 0.560648 0.0171875 0.0694444
2 0.114583 0.55787 0.0166667 0.0953704
2 0.0729167 0.558796 0.015625 0.0805556
2 0.0429688 0.583333 0.0182292 0.0981481
2 0.0286458 0.55463 0.0104167 0.0777778
2 0.0070313 0.536574 0.0140625 0.0657407
2 0.859115 0.531018 0.0109375 0.0916667
2 0.848437 0.538889 0.0135417 0.0962963
2 0.0153646 0.547222 0.0119792 0.0574074
1 0.430729 0.61713 0.471875 0.0305556
1 0.871875 0.6125 0.15 0.10463
0 0.449479 0.274074 0.021875 0.0888889
0 0.542188 0.271296 0.0197917 0.0833333
