2 0.663802 0.50787 0.0098958 0.0490741
2 0.653646 0.507407 0.0166667 0.0666667
2 0.710156 0.511111 0.0098958 0.0481481
0 0.702865 0.398148 0.0171875 0.0666667
0 0.603906 0.459722 0.0098958 0.0324074
0 0.560156 0.391204 0.0098958 0.0398148
0 0.530469 0.390741 0.0119792 0.0407407
0 0.50651 0.391667 0.0109375 0.0388889
1 0.377344 0.54537 0.0317708 0.0166667
2 0.459896 0.51713 0.015625 0.0472222
0 0.123958 0.472685 0.0083333 0.0324074
2 0.127083 0.509722 0.0114583 0.0472222
0 0.109375 0.476852 0.009375 0.0333333
