2 0.141146 0.503241 0.021875 0.10463
2 0.203385 0.503241 0.0171875 0.087963
2 0.24349 0.516204 0.0098958 0.0398148
2 0.297656 0.507407 0.0119792 0.0666667
2 0.309896 0.507407 0.0135417 0.0666667
2 0.508073 0.453704 0.0078125 0.0314815
2 0.514844 0.466667 0.0088542 0.0314815
2 0.527083 0.499537 0.0145833 0.0657407
2 0.541406 0.483796 0.0098958 0.0564815
2 0.552083 0.491667 0.0072917 0.0351852
2 0.575 0.491204 0.0104167 0.0398148
2 0.327604 0.501852 0.0114583 0.062963
2 0.323438 0.5125 0.0114583 0.037963
