2 0.913021 0.566667 0.0510417 0.327778
2 0.789323 0.543056 0.0234375 0.100926
2 0.757292 0.537037 0.0458333 0.218518
2 0.690365 0.538426 0.0369792 0.199074
2 0.710677 0.541204 0.0203125 0.117593
2 0.660156 0.489352 0.0182292 0.0712963
2 0.630469 0.485648 0.0161458 0.0768519
2 0.519271 0.468056 0.0135417 0.0472222
2 0.447656 0.471296 0.0213542 0.0759259
2 0.395052 0.466667 0.0098958 0.0462963
2 0.379427 0.467593 0.0088542 0.05
2 0.370313 0.467593 0.0083333 0.0407407
2 0.129427 0.486111 0.0213542 0.122222
