2 0.646875 0.556481 0.0239583 0.0962963
2 0.680208 0.557407 0.0354167 0.135185
0 0.504427 0.493519 0.0098958 0.0111111
2 0.739844 0.534722 0.0171875 0.0768519
2 0.70625 0.534259 0.0125 0.0666667
2 0.171354 0.584722 0.0166667 0.0712963
2 0.358333 0.568519 0.0135417 0.0537037
2 0.697917 0.540741 0.0104167 0.0703704
2 0.716667 0.521296 0.0104167 0.0518519
2 0.328646 0.570833 0.0114583 0.0527778
2 0.572917 0.549074 0.0083333 0.0388889
2 0.339063 0.56713 0.0083333 0.0453704
2 0.344531 0.566667 0.0088542 0.0425926
2 0.0375 0.57963 0.0135417 0.0685185
