2 0.922917 0.432407 0.0125 0.0666667
2 0.9125 0.42963 0.0114583 0.0833333
2 0.893229 0.434722 0.0166667 0.0768519
2 0.797656 0.441667 0.0130208 0.062963
2 0.786979 0.450463 0.0145833 0.0916667
2 0.763802 0.45463 0.0223958 0.1
2 0.695313 0.452778 0.0208333 0.0740741
2 0.628906 0.445833 0.0151042 0.0564815
2 0.609635 0.440278 0.0088542 0.0361111
2 0.586198 0.44213 0.0098958 0.0361111
2 0.532812 0.435648 0.0072917 0.0194444
2 0.556771 0.436111 0.00625 0.0259259
2 0.570573 0.44213 0.0109375 0.0324074
