2 0.955469 0.519907 0.0317708 0.130556
2 0.807031 0.546759 0.0276042 0.106481
2 0.746094 0.600926 0.0536458 0.194444
2 0.717708 0.584722 0.0416667 0.182407
2 0.6875 0.567593 0.0229167 0.105556
2 0.663021 0.575 0.021875 0.107407
2 0.63099 0.583796 0.0255208 0.156482
2 0.651302 0.576852 0.0244792 0.101852
2 0.598698 0.589352 0.0234375 0.150926
2 0.531771 0.576389 0.01875 0.0972222
2 0.458073 0.575463 0.0223958 0.112037
2 0.394271 0.571759 0.0260417 0.087963
2 0.364323 0.570833 0.0265625 0.102778
2 0.303125 0.573611 0.01875 0.0935185
2 0.291146 0.575 0.025 0.111111
2 0.242448 0.568519 0.0213542 0.101852
2 0.223698 0.550926 0.0130208 0.0574074
2 0.179167 0.55 0.0104167 0.0555556
2 0.165104 0.568519 0.0135417 0.0814815
2 0.120312 0.563889 0.01875 0.0851852
2 0.0148437 0.550926 0.0140625 0.0666667
2 0.264062 0.567593 0.01875 0.0851852
2 0.61849 0.574537 0.0213542 0.106481
2 0.0054687 0.534259 0.0109375 0.062963
2 0.28724 0.57037 0.0130208 0.087037
1 0.383854 0.619907 0.372917 0.025
1 0.877083 0.628241 0.242708 0.141667
0 0.449479 0.274074 0.021875 0.0888889
0 0.542188 0.271296 0.0197917 0.0833333
