2 0.0583333 0.547685 0.0291667 0.139815
2 0.144792 0.534722 0.0364583 0.158333
2 0.161198 0.525 0.0182292 0.109259
2 0.373437 0.4625 0.0114583 0.0435185
2 0.533854 0.441667 0.0083333 0.0351852
2 0.542969 0.454167 0.0078125 0.037963
2 0.638021 0.506019 0.015625 0.0601852
2 0.645312 0.506482 0.0166667 0.0759259
2 0.669792 0.500926 0.0239583 0.0981481
2 0.688281 0.504167 0.0151042 0.0805556
2 0.3625 0.453704 0.0104167 0.0407407
2 0.349479 0.452315 0.009375 0.0416667
2 0.327604 0.45 0.009375 0.0425926
2 0.320573 0.455556 0.0078125 0.037037
2 0.353906 0.449074 0.0067708 0.037037
2 0.382031 0.449074 0.0078125 0.0407407
2 0.566927 0.485185 0.0182292 0.0851852
