0 0.258854 0.0962963 0.0354167 0.146296
0 0.416146 0.105093 0.0302083 0.115741
1 0.298698 0.743981 0.167187 0.147222
1 0.0414062 0.721296 0.0828125 0.109259
2 0.0664062 0.558333 0.0119792 0.0759259
2 0.166667 0.671296 0.120833 0.446296
2 0.261198 0.643982 0.0723958 0.336111
2 0.290104 0.603704 0.0447917 0.309259
2 0.316406 0.60463 0.0192708 0.198148
2 0.340885 0.635648 0.0421875 0.286111
2 0.446615 0.677315 0.165104 0.499074
2 0.685156 0.574537 0.0213542 0.180556
2 0.711979 0.568982 0.05625 0.371296
2 0.741406 0.589815 0.0192708 0.0759259
2 0.39401 0.580093 0.0244792 0.126852
2 0.639323 0.589815 0.0473958 0.251852
2 0.571875 0.65463 0.0875 0.4
2 0.669271 0.573611 0.021875 0.191667
2 0.551042 0.548148 0.0229167 0.116667
2 0.01875 0.585185 0.03125 0.164815
2 0.404687 0.563426 0.0177083 0.0824074
