2 0.120573 0.533796 0.0161458 0.0787037
2 0.135937 0.516204 0.0270833 0.117593
2 0.213802 0.506944 0.0192708 0.0972222
2 0.227083 0.51713 0.0145833 0.0601852
2 0.229948 0.495833 0.0192708 0.0898148
2 0.247396 0.481019 0.0135417 0.0805556
2 0.263021 0.49537 0.0104167 0.0555556
2 0.260156 0.512037 0.0130208 0.0574074
2 0.319531 0.441204 0.0098958 0.0398148
2 0.339583 0.440278 0.0104167 0.0361111
2 0.49401 0.419444 0.0067708 0.0259259
2 0.507813 0.42963 0.00625 0.0296296
2 0.515625 0.441667 0.0072917 0.0314815
2 0.513802 0.472222 0.0119792 0.0518519
2 0.524479 0.475463 0.0135417 0.062037
2 0.548437 0.487963 0.0114583 0.0388889
2 0.557292 0.472222 0.0145833 0.0685185
2 0.578385 0.471296 0.0151042 0.0740741
2 0.598698 0.478241 0.0151042 0.0731481
2 0.613021 0.484722 0.0145833 0.0527778
2 0.791406 0.565278 0.0744792 0.341667
2 0.116146 0.506944 0.0125 0.0861111
2 0.36901 0.444907 0.0078125 0.0361111
2 0.360677 0.447222 0.0098958 0.0407407
2 0.254427 0.4875 0.0130208 0.0768519
2 0.0197917 0.50787 0.025 0.141667
