2 0.921094 0.459259 0.0203125 0.109259
2 0.886719 0.45 0.0140625 0.0703704
2 0.775521 0.455556 0.0166667 0.0925926
2 0.649219 0.442593 0.0119792 0.0444444
2 0.58125 0.439815 0.009375 0.0296296
2 0.742188 0.442593 0.0135417 0.062963
2 0.713802 0.44213 0.0098958 0.0453704
2 0.81276 0.453704 0.0151042 0.0777778
2 0.757813 0.43287 0.0104167 0.0435185
2 0.0825521 0.467593 0.0223958 0.0759259
2 0.703385 0.435185 0.0088542 0.0388889
2 0.724479 0.438889 0.0114583 0.0481481
2 0.0971354 0.451852 0.0119792 0.0518519
