2 0.584635 0.453241 0.0171875 0.113889
2 0.432292 0.460648 0.0239583 0.0916667
2 0.320573 0.468518 0.0213542 0.1
2 0.397396 0.45787 0.0166667 0.0731481
2 0.247396 0.469444 0.0166667 0.0648148
2 0.79349 0.4375 0.0255208 0.0972222
2 0.855469 0.436574 0.0192708 0.0972222
2 0.766667 0.42963 0.0114583 0.0481481
2 0.0606771 0.481944 0.0098958 0.0731481
2 0.601042 0.451852 0.01875 0.0833333
2 0.875781 0.427315 0.0130208 0.0601852
2 0.68776 0.433796 0.0151042 0.0472222
2 0.474219 0.438426 0.0067708 0.025
2 0.813281 0.423611 0.0130208 0.0416667
1 0.510938 0.505556 0.265625 0.0277778
0 0.236719 0.0569444 0.0296875 0.113889
0 0.808073 0.368056 0.0078125 0.0287037
0 0.817708 0.368519 0.0083333 0.0259259
