2 0.254167 0.533796 0.009375 0.0287037
1 0.714844 0.739815 0.546354 0.238889
2 0.535677 0.546759 0.0265625 0.126852
2 0.918229 0.5625 0.034375 0.186111
2 0.868229 0.550926 0.0260417 0.15
2 0.617448 0.539815 0.0192708 0.0944444
2 0.608073 0.534259 0.0151042 0.0814815
2 0.665104 0.548148 0.0229167 0.105556
2 0.852604 0.577315 0.0635417 0.19537
2 0.635156 0.545833 0.0171875 0.0768519
2 0.722396 0.528704 0.0135417 0.087037
2 0.495052 0.527778 0.0140625 0.0722222
2 0.701823 0.525926 0.0182292 0.101852
