2 0.0492187 0.559259 0.0348958 0.166667
2 0.159635 0.525 0.0286458 0.137037
2 0.170052 0.527778 0.0203125 0.118519
2 0.19349 0.544444 0.0161458 0.0814815
2 0.186979 0.515741 0.021875 0.0944444
2 0.20625 0.529167 0.0145833 0.0657407
2 0.528646 0.434722 0.009375 0.0361111
2 0.538281 0.451389 0.0098958 0.037963
2 0.553646 0.480093 0.0177083 0.0768519
2 0.609375 0.501852 0.0125 0.05
2 0.628646 0.480556 0.0208333 0.0962963
2 0.64974 0.491204 0.0213542 0.087963
2 0.664844 0.49537 0.0203125 0.0740741
2 0.625781 0.498611 0.0130208 0.062037
2 0.223438 0.5125 0.0197917 0.0638889
2 0.395573 0.447685 0.0088542 0.037963
2 0.401823 0.433333 0.0088542 0.0314815
2 0.382292 0.452315 0.0083333 0.037963
2 0.373177 0.456944 0.0109375 0.0416667
2 0.0125 0.534259 0.025 0.157407
