2 0.98724 0.570833 0.0255208 0.213889
2 0.978646 0.502315 0.0177083 0.102778
2 0.945052 0.504167 0.0182292 0.087963
2 0.891406 0.527778 0.0255208 0.1
2 0.88151 0.530093 0.0161458 0.0861111
2 0.870573 0.527315 0.0192708 0.0990741
2 0.845573 0.530093 0.0244792 0.102778
2 0.828385 0.583796 0.0505208 0.186111
2 0.805208 0.575 0.0239583 0.133333
2 0.791406 0.590741 0.0338542 0.185185
2 0.774219 0.552315 0.0213542 0.106481
2 0.741406 0.558333 0.0203125 0.101852
2 0.6625 0.575 0.01875 0.0981481
2 0.579948 0.568056 0.0182292 0.0990741
2 0.557292 0.572685 0.0239583 0.110185
2 0.539844 0.572685 0.0307292 0.108333
2 0.509896 0.573148 0.0177083 0.0907407
2 0.251823 0.573148 0.0255208 0.1
2 0.240104 0.568519 0.0125 0.0740741
2 0.222135 0.551852 0.0098958 0.0518519
2 0.180208 0.553241 0.0083333 0.0509259
2 0.167708 0.563426 0.0177083 0.087963
2 0.096875 0.556018 0.021875 0.0935185
2 0.0578125 0.556481 0.015625 0.0796296
2 0.0489583 0.590278 0.021875 0.115741
2 0.0164063 0.551389 0.0130208 0.075
2 0.0065104 0.54213 0.0130208 0.0787037
1 0.43099 0.61713 0.472396 0.0305556
1 0.911458 0.626852 0.145833 0.105556
1 0.733594 0.608333 0.0838542 0.0592593
0 0.449479 0.274074 0.021875 0.0888889
0 0.542188 0.271296 0.0197917 0.0833333
