2 0.601823 0.477315 0.0192708 0.0861111
2 0.573958 0.477778 0.0177083 0.0722222
2 0.558854 0.459722 0.015625 0.0583333
2 0.336458 0.465278 0.009375 0.0435185
2 0.39349 0.446296 0.0078125 0.0351852
2 0.372917 0.45787 0.0114583 0.0472222
2 0.326042 0.463889 0.0114583 0.0444444
2 0.527604 0.450463 0.0072917 0.0398148
2 0.297656 0.47963 0.0182292 0.0777778
2 0.64401 0.471759 0.0098958 0.0675926
2 0.28724 0.46713 0.0098958 0.0601852
2 0.352083 0.453241 0.0083333 0.0453704
2 0.261719 0.47963 0.0151042 0.0759259
2 0.0661458 0.469907 0.0125 0.0824074
