2 0.580729 0.460185 0.03125 0.133333
2 0.477083 0.46713 0.0302083 0.112037
2 0.327865 0.474074 0.0213542 0.122222
2 0.422396 0.461574 0.0260417 0.0824074
2 0.185417 0.47963 0.028125 0.0925926
2 0.892448 0.442593 0.0390625 0.133333
2 0.647656 0.454167 0.0234375 0.0898148
2 0.302865 0.45463 0.0109375 0.0407407
2 0.747396 0.430093 0.015625 0.0416667
2 0.803646 0.432407 0.0114583 0.0481481
2 0.952344 0.435648 0.0171875 0.106481
1 0.529167 0.52037 0.330208 0.0333333
0 0.838281 0.36713 0.0078125 0.0287037
0 0.847656 0.367593 0.0078125 0.0240741
