1 0.332812 0.647222 0.327083 0.0425926
0 0.540885 0.4125 0.0255208 0.0231481
1 0.46901 0.57037 0.0859375 0.012963
2 0.83125 0.567593 0.0197917 0.148148
2 0.292448 0.569907 0.0130208 0.0546296
2 0.774219 0.559259 0.0203125 0.101852
2 0.757292 0.556944 0.0208333 0.106481
2 0.279948 0.568519 0.0088542 0.0462963
2 0.821615 0.572685 0.0171875 0.123148
2 0.84349 0.565741 0.0182292 0.124074
1 0.779688 0.621759 0.217708 0.0527778
2 0.878906 0.543981 0.0161458 0.0898148
2 0.702083 0.547685 0.0114583 0.0490741
2 0.707552 0.543981 0.0098958 0.0509259
2 0.17526 0.568056 0.0098958 0.0342593
