2 0.292448 0.477315 0.0067708 0.0416667
2 0.30026 0.476852 0.0067708 0.0444444
2 0.309115 0.47963 0.0078125 0.0481481
2 0.315885 0.477778 0.0098958 0.05
2 0.40026 0.480556 0.0140625 0.062963
2 0.422135 0.489352 0.0223958 0.139815
2 0.436198 0.499074 0.0411458 0.114815
2 0.565365 0.517593 0.0276042 0.155556
2 0.816667 0.499074 0.01875 0.062963
2 0.796354 0.4875 0.00625 0.0398148
2 0.869271 0.534259 0.0229167 0.17037
2 0.944271 0.501852 0.009375 0.0425926
2 0.982813 0.572222 0.034375 0.224074
0 0.115104 0.259259 0.015625 0.0703704
1 0.247135 0.487963 0.0494792 0.0092593
1 0.413802 0.566667 0.277604 0.116667
1 0.865885 0.660648 0.268229 0.106481
0 0.34974 0.387037 0.0119792 0.0314815
1 0.439063 0.643056 0.219792 0.0453704
