2 0.982813 0.493982 0.0177083 0.0990741
2 0.920052 0.517593 0.0255208 0.1
2 0.909115 0.601852 0.0453125 0.216667
2 0.886458 0.585185 0.0625 0.207407
2 0.815365 0.540278 0.0203125 0.102778
2 0.796875 0.553241 0.015625 0.100926
2 0.777865 0.561111 0.0307292 0.087037
2 0.741406 0.581482 0.0359375 0.174074
2 0.722656 0.586111 0.0223958 0.146296
2 0.702865 0.591667 0.0432292 0.17037
2 0.685938 0.57037 0.025 0.1
2 0.61276 0.575463 0.0223958 0.0972222
2 0.540885 0.573611 0.0265625 0.10463
2 0.467187 0.572222 0.03125 0.114815
2 0.454688 0.573611 0.0260417 0.112037
2 0.290885 0.573148 0.0244792 0.103704
2 0.255469 0.568982 0.0151042 0.075
2 0.219531 0.575926 0.0286458 0.087037
2 0.193229 0.566204 0.0125 0.0805556
2 0.180729 0.553704 0.0125 0.0611111
2 0.142969 0.561111 0.0213542 0.0833333
2 0.0976562 0.561111 0.0223958 0.0814815
2 0.0505208 0.558333 0.0197917 0.0777778
2 0.0148437 0.553704 0.0130208 0.0685185
1 0.43099 0.61713 0.473437 0.0305556
1 0.815885 0.60787 0.117188 0.0712963
1 0.963281 0.634722 0.0734375 0.115741
0 0.449479 0.274074 0.021875 0.0888889
0 0.542188 0.271296 0.0197917 0.0833333
