2 0.95026 0.581944 0.0276042 0.189815
2 0.921094 0.586111 0.0286458 0.175926
2 0.421354 0.563889 0.009375 0.0481481
1 0.535156 0.575926 0.113021 0.012963
0 0.538281 0.472222 0.0140625 0.012963
2 0.609896 0.552315 0.0083333 0.0361111
2 0.295573 0.564352 0.0088542 0.0509259
2 0.26849 0.563889 0.0088542 0.05
2 0.260677 0.567593 0.0119792 0.0518519
2 0.792708 0.542593 0.0135417 0.0703704
2 0.277865 0.564352 0.0098958 0.0546296
2 0.289063 0.563889 0.0083333 0.0462963
2 0.246354 0.568056 0.0114583 0.0509259
2 0.311979 0.5625 0.0104167 0.0398148
2 0.315625 0.560648 0.009375 0.0416667
