2 0.844792 0.605556 0.0635417 0.225926
2 0.713542 0.601852 0.0677083 0.3
2 0.395052 0.542593 0.0244792 0.124074
2 0.351823 0.551389 0.0213542 0.113889
2 0.329948 0.549074 0.0203125 0.12037
2 0.247917 0.555093 0.0260417 0.137963
2 0.219531 0.564352 0.0223958 0.10463
2 0.201302 0.554167 0.0223958 0.123148
2 0.133854 0.544444 0.0260417 0.111111
2 0.0778646 0.544907 0.0192708 0.0972222
1 0.460156 0.820833 0.919271 0.263889
2 0.0322917 0.544907 0.0145833 0.0990741
2 0.985937 0.634722 0.028125 0.267593
2 0.0098958 0.552778 0.0197917 0.138889
