2 0.0710937 0.552315 0.0317708 0.150926
2 0.154948 0.534259 0.0328125 0.137037
2 0.176823 0.52963 0.0223958 0.114815
2 0.199479 0.543519 0.015625 0.0777778
2 0.19375 0.5125 0.0208333 0.0898148
2 0.211458 0.530093 0.0145833 0.0657407
2 0.323958 0.450926 0.0083333 0.0425926
2 0.522396 0.439352 0.0083333 0.0342593
2 0.533594 0.456944 0.0088542 0.037963
2 0.551823 0.484259 0.0182292 0.0777778
2 0.594271 0.507407 0.0125 0.05
2 0.616667 0.485648 0.0197917 0.0916667
2 0.638021 0.49537 0.0197917 0.0888889
2 0.652344 0.503241 0.0182292 0.0675926
2 0.614844 0.5 0.0119792 0.0611111
2 0.221354 0.514352 0.01875 0.0601852
2 0.0299479 0.525463 0.0192708 0.0861111
2 0.567448 0.483333 0.0161458 0.0814815
2 0.389844 0.450463 0.0088542 0.0361111
2 0.0151042 0.524537 0.025 0.165741
2 0.397656 0.436574 0.0078125 0.0305556
