2 0.0640625 0.476852 0.009375 0.05
2 0.335417 0.479167 0.0239583 0.149074
2 0.372396 0.453241 0.0125 0.0435185
2 0.417969 0.443518 0.0067708 0.0222222
2 0.458594 0.463426 0.0286458 0.100926
2 0.546875 0.474537 0.0239583 0.167593
2 0.704948 0.452315 0.0213542 0.0861111
2 0.872135 0.427778 0.0140625 0.0611111
2 0.906771 0.4375 0.0104167 0.0675926
2 0.94375 0.440741 0.015625 0.0685185
2 0.979688 0.4375 0.0125 0.062037
1 0.43151 0.55463 0.697396 0.0666667
0 0.575 0.343982 0.0072917 0.0287037
0 0.864323 0.365278 0.0098958 0.0324074
0 0.87474 0.36713 0.0078125 0.025
