2 0.860156 0.461111 0.0265625 0.107407
2 0.670052 0.456481 0.0140625 0.0574074
2 0.585677 0.444907 0.0088542 0.0287037
2 0.773177 0.45 0.0088542 0.0574074
2 0.958333 0.47037 0.015625 0.111111
2 0.78151 0.443981 0.0130208 0.0601852
2 0.827344 0.440278 0.0088542 0.0546296
2 0.838281 0.438426 0.0140625 0.0657407
2 0.808333 0.447222 0.0135417 0.0851852
2 0.597135 0.444907 0.0088542 0.0287037
2 0.891667 0.453704 0.0177083 0.0759259
2 0.71875 0.436574 0.0104167 0.0490741
2 0.645312 0.450926 0.0135417 0.0574074
2 0.794531 0.435185 0.0130208 0.05
2 0.660417 0.443056 0.009375 0.0416667
2 0.145052 0.456944 0.0088542 0.0435185
