2 0.523958 0.466667 0.0260417 0.0796296
2 0.389844 0.466667 0.0182292 0.0814815
2 0.372135 0.465741 0.0203125 0.0611111
2 0.29974 0.470833 0.0151042 0.0824074
2 0.272917 0.466204 0.0229167 0.0768519
2 0.258333 0.473148 0.0135417 0.0759259
2 0.335417 0.456019 0.0083333 0.0268519
2 0.153125 0.47963 0.0177083 0.0740741
2 0.134896 0.488889 0.021875 0.0888889
2 0.107031 0.488889 0.0130208 0.0796296
2 0.114583 0.485185 0.009375 0.0777778
2 0.0807292 0.490278 0.0114583 0.0712963
2 0.0723958 0.49213 0.0145833 0.0768519
2 0.0390625 0.49537 0.0177083 0.0888889
2 0.015625 0.496296 0.0208333 0.0962963
2 0.197656 0.456019 0.0057292 0.025
1 0.365365 0.507407 0.402604 0.0222222
0 0.258854 0.425 0.00625 0.0185185
0 0.533073 0.391667 0.0067708 0.0203704
0 0.551302 0.393519 0.0067708 0.0222222
