2 0.319531 0.451389 0.0088542 0.037963
2 0.389062 0.440278 0.009375 0.0435185
2 0.410937 0.435648 0.0083333 0.0342593
2 0.51849 0.424537 0.0109375 0.0324074
2 0.619271 0.416204 0.0083333 0.0342593
2 0.908854 0.543518 0.0854167 0.335185
1 0.332031 0.560648 0.0765625 0.0527778
2 0.539583 0.421759 0.0072917 0.0268519
2 0.686979 0.498611 0.0364583 0.15463
2 0.76901 0.481019 0.0234375 0.100926
2 0.976563 0.539815 0.046875 0.274074
2 0.783594 0.476389 0.0234375 0.106481
0 0.417188 0.330556 0.0083333 0.0296296
0 0.4375 0.325 0.0072917 0.0240741
