2 0.759375 0.540741 0.0135417 0.087037
2 0.772917 0.532407 0.01875 0.0888889
2 0.830729 0.535185 0.0239583 0.109259
0 0.510156 0.49213 0.0119792 0.0138889
2 0.272656 0.583333 0.0182292 0.0888889
2 0.591146 0.549537 0.0104167 0.0416667
2 0.888542 0.521759 0.028125 0.126852
2 0.234375 0.589815 0.0177083 0.0888889
2 0.704167 0.563426 0.0302083 0.125
2 0.730729 0.554167 0.04375 0.162037
2 0.0953125 0.590278 0.025 0.087963
2 0.286458 0.572222 0.0104167 0.0537037
2 0.293229 0.573148 0.0072917 0.05
2 0.301302 0.569907 0.0088542 0.0527778
2 0.579948 0.548148 0.0109375 0.0481481
