2 0.936198 0.501852 0.0161458 0.0888889
2 0.907812 0.525 0.0197917 0.109259
2 0.898177 0.526852 0.0244792 0.0944444
2 0.883854 0.522685 0.0166667 0.106481
2 0.853385 0.525463 0.0151042 0.0990741
2 0.838542 0.583796 0.0322917 0.189815
2 0.819531 0.585185 0.0171875 0.161111
2 0.8 0.59537 0.0385417 0.192593
2 0.786719 0.548148 0.0203125 0.112963
2 0.750521 0.561111 0.028125 0.109259
2 0.674479 0.576389 0.025 0.0990741
2 0.588802 0.571759 0.0161458 0.0935185
2 0.57474 0.571759 0.0286458 0.110185
2 0.55599 0.569444 0.0213542 0.109259
2 0.514323 0.574074 0.0213542 0.0907407
2 0.245312 0.571759 0.0229167 0.0972222
2 0.254167 0.549074 0.0083333 0.0444444
2 0.222135 0.550926 0.0109375 0.0537037
2 0.178646 0.550463 0.009375 0.0564815
2 0.159635 0.564352 0.0265625 0.087963
2 0.0872396 0.556018 0.0182292 0.0916667
2 0.0505208 0.581482 0.021875 0.107407
1 0.43099 0.61713 0.472396 0.0305556
1 0.91849 0.630556 0.150521 0.111111
1 0.741146 0.608333 0.0979167 0.0592593
0 0.449479 0.274074 0.021875 0.0888889
0 0.542188 0.271296 0.0197917 0.0833333
