2 0.671615 0.515741 0.0130208 0.062963
2 0.659635 0.5125 0.0151042 0.0731481
2 0.721094 0.514352 0.0109375 0.0527778
0 0.715104 0.392593 0.01875 0.0722222
0 0.603125 0.461574 0.0104167 0.0342593
0 0.557813 0.389352 0.0104167 0.0416667
0 0.527083 0.389815 0.0125 0.0425926
0 0.502083 0.390741 0.0114583 0.0407407
1 0.421875 0.553704 0.096875 0.0185185
2 0.463021 0.51713 0.0166667 0.0509259
2 0.73151 0.511111 0.0088542 0.0444444
0 0.104948 0.475463 0.0088542 0.0342593
0 0.0916667 0.47963 0.009375 0.0351852
