2 0.0132812 0.564352 0.0161458 0.0898148
2 0.0622396 0.562963 0.0130208 0.0814815
2 0.0815104 0.559259 0.0140625 0.0777778
2 0.103125 0.563889 0.0135417 0.0703704
2 0.223177 0.578241 0.0213542 0.100926
2 0.186198 0.638889 0.0994792 0.342593
2 0.309896 0.666204 0.121875 0.412037
2 0.456771 0.593056 0.0197917 0.0824074
2 0.502344 0.5875 0.0213542 0.123148
2 0.545833 0.621759 0.0395833 0.165741
2 0.553646 0.550463 0.01875 0.121296
2 0.660677 0.557407 0.0317708 0.185185
2 0.689844 0.551852 0.0234375 0.144444
2 0.729688 0.556018 0.0583333 0.212037
2 0.801562 0.531482 0.04375 0.283333
2 0.576823 0.706944 0.142188 0.469444
0 0.257031 0.108796 0.0390625 0.126852
0 0.415625 0.106018 0.0322917 0.119444
1 0.0630208 0.733333 0.126042 0.135185
1 0.240104 0.734259 0.053125 0.127778
1 0.502344 0.611111 0.0661458 0.0407407
2 0.411719 0.64213 0.0411458 0.30463
2 0.439583 0.604167 0.0395833 0.273148
2 0.382292 0.599537 0.025 0.186111
