2 0.567187 0.435648 0.0104167 0.0287037
2 0.577604 0.434259 0.0083333 0.0296296
2 0.602865 0.436111 0.0109375 0.0388889
2 0.685156 0.4375 0.0130208 0.062037
2 0.654688 0.444444 0.0177083 0.0574074
2 0.702083 0.446296 0.0177083 0.0685185
2 0.551823 0.43287 0.0067708 0.0231481
2 0.899219 0.42963 0.0182292 0.0666667
2 0.871094 0.421296 0.0171875 0.0666667
2 0.597135 0.431944 0.0088542 0.0324074
2 0.751562 0.428704 0.0114583 0.0537037
2 0.096875 0.464815 0.009375 0.0481481
2 0.980729 0.436111 0.0197917 0.0962963
2 0.85 0.452315 0.0166667 0.0787037
