2 0.628646 0.538889 0.0114583 0.0611111
0 0.530208 0.469444 0.0135417 0.012963
2 0.65026 0.538889 0.0151042 0.0759259
2 0.589844 0.53287 0.0067708 0.0361111
2 0.660937 0.5375 0.0135417 0.0731481
2 0.144531 0.589352 0.0182292 0.0916667
2 0.101042 0.610648 0.021875 0.113889
2 0.117188 0.59537 0.0197917 0.103704
2 0.583333 0.534722 0.0083333 0.037963
2 0.791406 0.509722 0.0130208 0.0675926
2 0.157813 0.59537 0.021875 0.131481
2 0.781771 0.513889 0.0125 0.0666667
2 0.598177 0.534722 0.0067708 0.0342593
2 0.125 0.58287 0.0125 0.0935185
2 0.173177 0.584259 0.0140625 0.0907407
2 0.084375 0.598611 0.01875 0.123148
2 0.132813 0.578704 0.0114583 0.0759259
