2 0.127083 0.584259 0.0291667 0.153704
2 0.160938 0.575926 0.0270833 0.172222
2 0.213802 0.564815 0.0213542 0.15
2 0.101302 0.584259 0.0234375 0.140741
2 0.178646 0.570833 0.0239583 0.160185
2 0.196094 0.575463 0.0255208 0.132407
2 0.881771 0.505556 0.0083333 0.0351852
1 0.317187 0.663426 0.210417 0.0675926
1 0.64375 0.639815 0.0666667 0.062963
1 0.922656 0.611111 0.154687 0.0666667
0 0.633594 0.42037 0.0098958 0.0314815
0 0.667188 0.418056 0.009375 0.0305556
0 0.840885 0.452315 0.0098958 0.037963
