2 0.0557292 0.555093 0.0333333 0.158333
2 0.159635 0.52963 0.0286458 0.137037
2 0.170312 0.52963 0.025 0.118519
2 0.196094 0.543518 0.0161458 0.0814815
2 0.189583 0.515741 0.021875 0.0944444
2 0.207813 0.530093 0.0145833 0.0657407
2 0.528125 0.438426 0.0083333 0.0342593
2 0.538281 0.451389 0.0088542 0.037963
2 0.553646 0.481019 0.0177083 0.0768519
2 0.606771 0.503704 0.0125 0.05
2 0.626042 0.482407 0.0208333 0.0962963
2 0.648438 0.493518 0.0197917 0.087037
2 0.66276 0.49537 0.0192708 0.0703704
2 0.624479 0.501389 0.0114583 0.0583333
2 0.222396 0.515741 0.01875 0.0611111
2 0.395312 0.453241 0.0083333 0.037963
2 0.401302 0.436111 0.0088542 0.0333333
2 0.38151 0.452315 0.0088542 0.0398148
2 0.0132812 0.527778 0.0265625 0.159259
2 0.37474 0.45787 0.0067708 0.0398148
