1 0.577083 0.681018 0.164583 0.0527778
1 0.678646 0.605093 0.160417 0.0490741
2 0.575521 0.585185 0.0166667 0.0981481
2 0.597396 0.587037 0.0125 0.0925926
2 0.607552 0.563426 0.0109375 0.0416667
2 0.616146 0.568982 0.009375 0.0472222
2 0.695313 0.578241 0.0125 0.0546296
2 0.716406 0.584722 0.0140625 0.0787037
2 0.751823 0.585648 0.0182292 0.0768519
2 0.851302 0.586574 0.0130208 0.0657407
2 0.86849 0.586574 0.0140625 0.0712963
2 0.0375 0.523148 0.0104167 0.05
2 0.123958 0.523611 0.0083333 0.0398148
0 0.130208 0.469907 0.0072917 0.0194444
0 0.533333 0.505093 0.00625 0.0212963
1 0.148958 0.647222 0.297917 0.0796296
