2 0.409115 0.541667 0.0098958 0.0314815
1 0.889583 0.660185 0.110417 0.112963
2 0.616146 0.538426 0.0125 0.0583333
2 0.64349 0.533333 0.0098958 0.0648148
1 0.686458 0.658333 0.192708 0.0981481
2 0.682552 0.551389 0.0192708 0.106481
2 0.034375 0.565278 0.0229167 0.113889
2 0.819792 0.526852 0.0166667 0.0851852
2 0.909896 0.555556 0.025 0.135185
2 0.934375 0.542593 0.0208333 0.12037
2 0.73151 0.5375 0.0171875 0.0768519
2 0.723437 0.535648 0.0125 0.0675926
2 0.586979 0.538889 0.015625 0.0777778
2 0.760417 0.551852 0.0177083 0.087037
2 0.81276 0.59537 0.0484375 0.159259
2 0.745833 0.549074 0.0125 0.0666667
2 0.655208 0.535185 0.0125 0.0611111
