0 0.517708 0.416204 0.0114583 0.0398148
0 0.540104 0.416204 0.0104167 0.037963
0 0.567187 0.414815 0.0114583 0.0407407
0 0.686198 0.425926 0.0161458 0.0574074
0 0.14375 0.497222 0.0083333 0.0296296
2 0.919271 0.521759 0.0166667 0.0842593
2 0.642448 0.523148 0.0130208 0.0611111
2 0.692448 0.524074 0.0098958 0.0444444
2 0.992708 0.513426 0.0145833 0.0990741
0 0.607292 0.484722 0.0114583 0.0435185
2 0.651302 0.521759 0.0098958 0.0398148
2 0.155469 0.526852 0.0088542 0.0388889
0 0.159635 0.494444 0.0078125 0.0296296
