2 0.279687 0.501852 0.0177083 0.0833333
2 0.28099 0.459259 0.0098958 0.0481481
2 0.285156 0.466204 0.0109375 0.0453704
2 0.29974 0.47963 0.0078125 0.0314815
2 0.30651 0.473148 0.0098958 0.05
2 0.31849 0.47037 0.0109375 0.05
2 0.334115 0.460648 0.0098958 0.0490741
2 0.364062 0.464352 0.009375 0.0490741
2 0.373177 0.453241 0.0078125 0.0398148
2 0.516667 0.443981 0.0072917 0.0305556
2 0.536979 0.455093 0.009375 0.0398148
2 0.545833 0.475463 0.0125 0.0472222
1 0.330729 0.506482 0.090625 0.0259259
2 0.25625 0.471296 0.0104167 0.0481481
2 0.236719 0.471296 0.0130208 0.0592593
2 0.241146 0.465741 0.0083333 0.0537037
2 0.621094 0.496759 0.0276042 0.139815
