2 0.347396 0.464352 0.0135417 0.0546296
2 0.753385 0.457407 0.0317708 0.118519
2 0.864062 0.448148 0.0239583 0.125926
2 0.902083 0.451389 0.0260417 0.123148
2 0.316406 0.456481 0.0098958 0.0444444
2 0.477865 0.443981 0.0078125 0.0268519
2 0.627083 0.444444 0.0135417 0.062963
2 0.302604 0.464352 0.0083333 0.0546296
2 0.292708 0.472222 0.015625 0.0685185
2 0.309896 0.456019 0.0052083 0.0361111
2 0.642448 0.44213 0.0109375 0.0527778
2 0.98151 0.458796 0.0369792 0.199074
2 0.739062 0.435185 0.0125 0.0666667
2 0.370313 0.449074 0.00625 0.0277778
