2 0.05625 0.546759 0.0291667 0.14537
2 0.139844 0.533333 0.0286458 0.166667
2 0.373437 0.463426 0.0114583 0.0435185
2 0.534635 0.440278 0.0088542 0.0342593
2 0.54349 0.455093 0.0078125 0.037963
2 0.639583 0.506019 0.015625 0.0601852
2 0.648438 0.508333 0.015625 0.0703704
2 0.672396 0.497222 0.0239583 0.0981481
2 0.691927 0.504167 0.0171875 0.0805556
2 0.3625 0.449074 0.0104167 0.0407407
2 0.348437 0.451389 0.009375 0.0416667
2 0.327083 0.448611 0.009375 0.0472222
2 0.320052 0.456481 0.0088542 0.037037
2 0.353646 0.449074 0.0072917 0.0388889
2 0.381771 0.451852 0.0083333 0.0407407
2 0.569271 0.487037 0.0208333 0.0851852
