2 0.896094 0.573148 0.0463542 0.227778
2 0.623177 0.563889 0.0151042 0.0648148
2 0.592448 0.626852 0.0546875 0.224074
2 0.501823 0.610185 0.0536458 0.181481
2 0.339323 0.558333 0.0130208 0.0425926
1 0.54375 0.626389 0.0541667 0.0361111
1 0.635677 0.638889 0.0369792 0.0611111
1 0.31901 0.901852 0.344271 0.0777778
2 0.84375 0.574074 0.0291667 0.161111
2 0.797135 0.615278 0.0755208 0.410185
2 0.776563 0.570833 0.0197917 0.100926
2 0.697917 0.59537 0.0510417 0.301852
2 0.539323 0.547222 0.0088542 0.05
2 0.521875 0.547222 0.009375 0.0518519
