2 0.554688 0.448148 0.01875 0.0703704
2 0.574219 0.45 0.0203125 0.0851852
2 0.111719 0.507407 0.0359375 0.131481
2 0.398958 0.458796 0.015625 0.075
2 0.313021 0.465278 0.01875 0.0787037
2 0.376042 0.456944 0.0166667 0.062037
2 0.705469 0.426852 0.0098958 0.05
2 0.0890625 0.466667 0.009375 0.05
2 0.817969 0.427315 0.0088542 0.0453704
2 0.791667 0.428241 0.0114583 0.0490741
2 0.679688 0.430093 0.0125 0.0398148
1 0.500521 0.488426 0.190625 0.0175926
0 0.278906 0.140741 0.0265625 0.0981481
0 0.532552 0.355556 0.0067708 0.0259259
