2 0.782031 0.44213 0.0140625 0.0731481
2 0.149219 0.431482 0.0213542 0.0722222
2 0.745573 0.437963 0.0203125 0.0648148
2 0.0851563 0.438889 0.0161458 0.0833333
2 0.0963542 0.449074 0.0145833 0.0611111
2 0.114583 0.437963 0.0135417 0.0740741
1 0.489323 0.455093 0.414063 0.025
1 0.47474 0.540741 0.949479 0.0740741
1 0.882031 0.505093 0.205729 0.0435185
0 0.606771 0.247685 0.03125 0.0231481
0 0.54974 0.243056 0.0317708 0.0268519
0 0.167969 0.339815 0.0098958 0.0333333
0 0.723437 0.359259 0.009375 0.0296296
