2 0.0544271 0.559259 0.0151042 0.0796296
2 0.0984375 0.561574 0.0135417 0.0712963
2 0.2125 0.612037 0.0708333 0.262963
2 0.273958 0.65787 0.120833 0.408333
2 0.554948 0.548148 0.0234375 0.12037
2 0.714844 0.548148 0.0255208 0.142593
2 0.815885 0.534259 0.0567708 0.17963
0 0.250781 0.0949074 0.0401042 0.130556
0 0.413021 0.0939815 0.0322917 0.119444
1 0.0864583 0.738889 0.166667 0.146296
2 0.48099 0.643982 0.0421875 0.287963
2 0.420052 0.621296 0.0380208 0.238889
2 0.382552 0.618981 0.0359375 0.226852
2 0.74401 0.55463 0.0307292 0.153704
2 0.690625 0.584722 0.04375 0.143518
2 0.0125 0.555093 0.0177083 0.0916667
2 0.354688 0.563889 0.0135417 0.087037
2 0.455208 0.580556 0.015625 0.101852
2 0.516146 0.634259 0.065625 0.285185
2 0.579687 0.676389 0.146875 0.413889
