2 0.342969 0.538426 0.0098958 0.0305556
1 0.93151 0.685648 0.110937 0.128704
2 0.566146 0.535648 0.0135417 0.062037
1 0.682292 0.689352 0.302083 0.158333
2 0.629167 0.551389 0.025 0.121296
2 0.926302 0.559259 0.0296875 0.161111
2 0.913802 0.543056 0.0244792 0.139815
2 0.692448 0.540741 0.0182292 0.0888889
2 0.682292 0.536111 0.0145833 0.0777778
2 0.73151 0.547685 0.0213542 0.0990741
2 0.860417 0.585648 0.0583333 0.180556
2 0.708333 0.551389 0.0166667 0.0694444
2 0.610156 0.53287 0.0130208 0.0657407
2 0.0601563 0.543518 0.0161458 0.0555556
2 0.788021 0.530093 0.0125 0.0805556
