2 0.589583 0.476852 0.0145833 0.0703704
2 0.703646 0.54213 0.0625 0.241667
2 0.570313 0.474074 0.015625 0.0685185
2 0.549219 0.486574 0.0109375 0.0324074
2 0.524219 0.473611 0.0130208 0.0527778
2 0.511719 0.473611 0.0130208 0.0546296
2 0.513281 0.441667 0.0088542 0.0314815
2 0.505469 0.431482 0.0067708 0.0333333
2 0.338021 0.443518 0.0104167 0.037037
2 0.270833 0.511574 0.015625 0.0638889
2 0.245833 0.496759 0.0197917 0.0898148
2 0.238542 0.516667 0.0166667 0.0648148
2 0.228385 0.504167 0.0171875 0.0898148
2 0.175781 0.517593 0.0265625 0.0907407
2 0.161198 0.518519 0.0234375 0.109259
2 0.111198 0.511574 0.0182292 0.0861111
2 0.603385 0.486111 0.0119792 0.05
2 0.492188 0.41713 0.00625 0.0231481
2 0.319271 0.4375 0.0083333 0.0324074
2 0.555729 0.472222 0.0135417 0.0611111
2 0.257292 0.486574 0.0135417 0.0712963
2 0.132552 0.521759 0.0109375 0.0675926
2 0.267969 0.491667 0.0098958 0.0388889
2 0.360156 0.445833 0.0067708 0.0398148
