2 0.738281 0.526852 0.0411458 0.2
2 0.713802 0.530093 0.0421875 0.236111
2 0.630208 0.491204 0.0197917 0.106481
2 0.28724 0.481481 0.0151042 0.0740741
2 0.263281 0.484722 0.0088542 0.075
2 0.232292 0.482407 0.01875 0.0759259
2 0.134375 0.488426 0.015625 0.0694444
2 0.0864583 0.48287 0.021875 0.0861111
2 0.205208 0.491204 0.0177083 0.0898148
1 0.0669271 0.494907 0.0203125 0.0101852
1 0.479688 0.715741 0.959375 0.355556
2 0.109896 0.489352 0.0135417 0.0675926
2 0.120573 0.4875 0.0119792 0.0638889
2 0.840625 0.502315 0.0114583 0.0731481
2 0.869271 0.497222 0.0104167 0.0574074
2 0.254167 0.484722 0.0125 0.0787037
2 0.686719 0.476852 0.0078125 0.037037
0 0.168229 0.368982 0.0125 0.037963
