1 0.241406 0.5875 0.164063 0.0212963
1 0.0549479 0.598611 0.0651042 0.0287037
2 0.0554687 0.560185 0.0192708 0.0907407
2 0.233333 0.55 0.0125 0.0648148
2 0.247135 0.55 0.0130208 0.0703704
2 0.357812 0.552315 0.0177083 0.075
2 0.407031 0.547685 0.0130208 0.0583333
2 0.41224 0.537037 0.0119792 0.0611111
2 0.42526 0.539352 0.0109375 0.0601852
2 0.546875 0.555556 0.025 0.087037
2 0.569792 0.552778 0.021875 0.0944444
2 0.583854 0.526852 0.0104167 0.0481481
2 0.896354 0.523148 0.0083333 0.0333333
1 0.939844 0.553241 0.120312 0.0138889
2 0.928125 0.523148 0.0072917 0.0333333
