0 0.15651 0.484259 0.0057292 0.0166667
0 0.222396 0.121296 0.0645833 0.0537037
2 0.117969 0.533333 0.0098958 0.0462963
2 0.164583 0.5375 0.0072917 0.0287037
2 0.158073 0.537037 0.0067708 0.0296296
1 0.205469 0.622222 0.171354 0.037037
2 0.59974 0.573148 0.0109375 0.0481481
2 0.608073 0.568056 0.0067708 0.037963
2 0.682031 0.578241 0.0088542 0.0527778
2 0.721615 0.575926 0.0109375 0.0777778
2 0.785677 0.581019 0.0130208 0.0564815
2 0.800521 0.581944 0.0145833 0.062037
2 0.0598958 0.52963 0.0114583 0.0555556
2 0.566667 0.582407 0.0125 0.0703704
