2 0.472656 0.475 0.0223958 0.0722222
2 0.401823 0.480556 0.0161458 0.0907407
2 0.378906 0.47963 0.0244792 0.105556
2 0.352083 0.469444 0.01875 0.0962963
2 0.267708 0.484722 0.015625 0.0805556
2 0.155469 0.494444 0.0161458 0.0796296
2 0.22526 0.471296 0.0088542 0.0333333
2 0.117969 0.503704 0.0151042 0.0796296
2 0.110417 0.498611 0.0125 0.075
2 0.0903646 0.481019 0.0057292 0.0287037
2 0.0835937 0.484722 0.0078125 0.0361111
2 0.0716146 0.508796 0.0151042 0.0990741
2 0.0330729 0.508796 0.0171875 0.0805556
2 0.336979 0.4625 0.00625 0.0231481
2 0.285417 0.465278 0.0104167 0.0416667
1 0.38776 0.529167 0.594271 0.0342593
0 0.32474 0.430093 0.0057292 0.0175926
0 0.613802 0.395833 0.0067708 0.0231481
0 0.632552 0.394907 0.0078125 0.025
