2 0.599219 0.474537 0.0130208 0.0509259
2 0.519531 0.47037 0.0161458 0.0537037
2 0.479427 0.470833 0.0171875 0.0564815
2 0.432552 0.471296 0.0130208 0.0537037
2 0.37474 0.473611 0.0130208 0.0509259
2 0.340885 0.471296 0.0119792 0.0518519
2 0.307031 0.474537 0.0109375 0.0564815
2 0.223958 0.476852 0.0135417 0.0555556
2 0.209635 0.480556 0.0130208 0.0555556
2 0.158854 0.483333 0.0125 0.0518519
2 0.14349 0.485185 0.0109375 0.0518519
2 0.13125 0.483796 0.0114583 0.0527778
2 0.121615 0.483796 0.0098958 0.0527778
2 0.113281 0.484259 0.0098958 0.0518519
2 0.107813 0.484259 0.009375 0.0462963
2 0.0903646 0.474074 0.0067708 0.0351852
2 0.0833333 0.478241 0.0083333 0.0398148
2 0.0971354 0.485648 0.0088542 0.0453704
2 0.0666667 0.491667 0.0125 0.0648148
0 0.273958 0.435648 0.00625 0.0175926
0 0.522656 0.406018 0.0067708 0.0194444
