2 0.707812 0.525926 0.0125 0.0759259
2 0.693229 0.526389 0.0197917 0.0842593
0 0.775 0.366667 0.025 0.0962963
0 0.605208 0.466667 0.0114583 0.0388889
0 0.552344 0.381944 0.0119792 0.0490741
0 0.517187 0.382407 0.0135417 0.0462963
0 0.488021 0.381944 0.0135417 0.0472222
1 0.414063 0.578704 0.059375 0.0277778
1 0.919792 0.5875 0.159375 0.0342593
1 0.617188 0.581944 0.0760417 0.0305556
2 0.769271 0.525463 0.0125 0.062037
1 0.258073 0.577778 0.0588542 0.0296296
0 0.034375 0.478704 0.009375 0.0314815
0 0.0416667 0.475463 0.0104167 0.0361111
