2 0.857292 0.53287 0.0208333 0.100926
2 0.822135 0.60463 0.0536458 0.2
2 0.796875 0.594444 0.0635417 0.211111
2 0.764844 0.556481 0.0286458 0.101852
2 0.732813 0.559722 0.01875 0.10463
2 0.720312 0.57037 0.01875 0.109259
2 0.701563 0.577778 0.0239583 0.0944444
2 0.678125 0.585648 0.0291667 0.167593
2 0.66276 0.573148 0.0255208 0.107407
2 0.645573 0.588889 0.0359375 0.166667
2 0.567969 0.577315 0.0182292 0.100926
2 0.496354 0.575926 0.0239583 0.112963
2 0.426562 0.572685 0.0270833 0.087963
2 0.370052 0.574537 0.0286458 0.115741
2 0.329948 0.572222 0.0234375 0.105556
2 0.27526 0.568519 0.0182292 0.0759259
2 0.261979 0.578241 0.0270833 0.0935185
2 0.248698 0.549537 0.0088542 0.0472222
2 0.232552 0.568519 0.0192708 0.0833333
2 0.222396 0.552315 0.0114583 0.0601852
2 0.198437 0.573148 0.0291667 0.0944444
2 0.179427 0.552315 0.0109375 0.0601852
2 0.134635 0.561574 0.0171875 0.0898148
2 0.0893229 0.559259 0.0182292 0.0833333
2 0.0151042 0.554167 0.0145833 0.0731481
2 0.00625 0.538889 0.0125 0.0703704
2 0.189063 0.549537 0.0083333 0.0546296
2 0.295052 0.544907 0.0067708 0.0287037
1 0.41276 0.620833 0.432813 0.0231481
1 0.915365 0.627778 0.168229 0.142593
0 0.449479 0.274074 0.021875 0.0888889
0 0.542188 0.271296 0.0197917 0.0833333
