0 0.156771 0.48287 0.0052083 0.0157407
0 0.223438 0.122685 0.0645833 0.0527778
2 0.117969 0.53287 0.0098958 0.0453704
2 0.165885 0.5375 0.0067708 0.0287037
2 0.158594 0.537037 0.0067708 0.0296296
1 0.202083 0.616667 0.1625 0.0277778
2 0.59974 0.572222 0.0109375 0.0481481
2 0.608073 0.567593 0.0067708 0.0388889
2 0.682031 0.577778 0.0088542 0.0537037
2 0.721094 0.575463 0.0109375 0.0768519
2 0.785156 0.580093 0.0130208 0.0564815
2 0.8 0.581944 0.0145833 0.062037
2 0.0604167 0.528704 0.0114583 0.0555556
2 0.566667 0.581944 0.0125 0.0694444
