2 0.817969 0.563889 0.0255208 0.114815
2 0.756771 0.568519 0.0208333 0.107407
2 0.661198 0.575463 0.0161458 0.0824074
2 0.64974 0.585185 0.0151042 0.109259
2 0.25026 0.560648 0.0130208 0.0509259
2 0.19401 0.577315 0.0151042 0.0712963
2 0.109115 0.559722 0.0151042 0.075
2 0.0515625 0.56713 0.01875 0.0935185
2 0.0434896 0.580556 0.0203125 0.0981481
2 0.215365 0.561111 0.0140625 0.0555556
2 0.169531 0.564352 0.0130208 0.0564815
2 0.859375 0.616204 0.0708333 0.249074
2 0.958854 0.519907 0.028125 0.126852
2 0.76849 0.568056 0.0244792 0.100926
2 0.905729 0.525926 0.0229167 0.101852
2 0.15026 0.574537 0.0161458 0.0935185
2 0.141667 0.569907 0.01875 0.106481
1 0.770833 0.610648 0.110417 0.0787037
1 0.440104 0.634722 0.513542 0.0324074
1 0.957031 0.660185 0.0796875 0.12963
0 0.450521 0.269907 0.0229167 0.0935185
0 0.548437 0.26713 0.0208333 0.087963
