2 0.788802 0.437037 0.0161458 0.0796296
2 0.725781 0.423148 0.0213542 0.0722222
2 0.0856771 0.425463 0.0151042 0.0787037
2 0.0768229 0.439352 0.0119792 0.0564815
2 0.0690104 0.426852 0.0161458 0.0814815
2 0.0591146 0.40787 0.0098958 0.0490741
1 0.479427 0.449537 0.476563 0.0287037
1 0.49974 0.569907 0.997396 0.100926
1 0.908594 0.51713 0.170312 0.0564815
0 0.627344 0.224537 0.0338542 0.025
0 0.566146 0.218982 0.034375 0.0287037
0 0.146094 0.318056 0.0109375 0.0361111
0 0.754948 0.347685 0.0098958 0.0324074
