2 0.413281 0.543056 0.0098958 0.0324074
1 0.853906 0.65463 0.0994792 0.103704
2 0.615104 0.538889 0.0125 0.0574074
2 0.64375 0.536574 0.0135417 0.0675926
1 0.670052 0.648148 0.165104 0.0796296
2 0.680729 0.556944 0.01875 0.106481
2 0.0528646 0.564815 0.0223958 0.111111
2 0.814323 0.534722 0.0151042 0.075
2 0.889063 0.556481 0.0239583 0.12963
2 0.92526 0.544907 0.0192708 0.112037
2 0.726563 0.537963 0.0135417 0.0722222
2 0.720312 0.539815 0.0125 0.0685185
2 0.586458 0.540278 0.0145833 0.0731481
2 0.751042 0.545833 0.0166667 0.0768519
2 0.779167 0.596296 0.0479167 0.159259
2 0.989844 0.556944 0.0192708 0.158333
2 0.964583 0.557407 0.0375 0.155556
2 0.739844 0.553704 0.0119792 0.062963
2 0.652865 0.535185 0.0119792 0.0592593
