2 0.175521 0.436111 0.0125 0.062963
2 0.149219 0.435648 0.0171875 0.0675926
2 0.158854 0.443981 0.0104167 0.0509259
2 0.0799479 0.424074 0.0088542 0.0314815
2 0.0070313 0.455093 0.0140625 0.112037
2 0.757813 0.438426 0.0114583 0.0657407
2 0.422396 0.419907 0.0135417 0.0657407
2 0.727083 0.433333 0.0114583 0.0611111
1 0.44401 0.494907 0.772396 0.0416667
1 0.346354 0.448611 0.090625 0.012037
1 0.558073 0.449537 0.207813 0.0157407
0 0.594792 0.269907 0.028125 0.0212963
0 0.544271 0.265278 0.028125 0.0231481
0 0.220052 0.351852 0.0088542 0.0296296
0 0.69401 0.367593 0.0078125 0.0259259
