2 0.221354 0.419907 0.0125 0.0527778
2 0.198958 0.42037 0.0145833 0.0611111
2 0.207813 0.428241 0.009375 0.0435185
2 0.175781 0.406944 0.0088542 0.037963
2 0.103385 0.424537 0.0151042 0.0953704
2 0.159375 0.411111 0.009375 0.037037
2 0.150521 0.409722 0.0083333 0.0416667
2 0.725521 0.428704 0.0104167 0.0555556
2 0.55625 0.415741 0.0104167 0.0518519
1 0.617448 0.465278 0.259896 0.0361111
1 0.471875 0.437037 0.120833 0.0092593
1 0.258073 0.465741 0.214062 0.0277778
0 0.582031 0.281482 0.0255208 0.0185185
0 0.5375 0.277778 0.025 0.0203704
0 0.258073 0.352315 0.0078125 0.0287037
