2 0.792708 0.435185 0.0166667 0.0814815
2 0.73724 0.424537 0.0161458 0.0731481
2 0.0885417 0.423611 0.0145833 0.0768519
2 0.0765625 0.437037 0.0125 0.0574074
2 0.0674479 0.426852 0.0161458 0.0833333
2 0.0598958 0.406018 0.0104167 0.0509259
1 0.484375 0.44537 0.478125 0.0277778
1 0.50026 0.565741 0.998438 0.0981481
1 0.911719 0.512037 0.176563 0.0666667
0 0.626302 0.223611 0.0338542 0.025
0 0.565104 0.21713 0.034375 0.0287037
0 0.148177 0.315278 0.0109375 0.0361111
0 0.752344 0.34537 0.0098958 0.0314815
