2 0.722917 0.569907 0.0145833 0.0824074
2 0.740365 0.574537 0.0130208 0.062037
2 0.796094 0.573611 0.0130208 0.0583333
1 0.201042 0.605556 0.138542 0.0351852
0 0.228646 0.123148 0.0604167 0.0481481
2 0.0734375 0.526852 0.0114583 0.0462963
2 0.113021 0.526389 0.0114583 0.0435185
2 0.782292 0.572222 0.0125 0.0574074
2 0.611458 0.56713 0.0104167 0.0546296
2 0.598177 0.5625 0.0098958 0.0453704
0 0.158854 0.477315 0.0052083 0.0157407
2 0.171615 0.530093 0.0078125 0.0305556
2 0.163542 0.531018 0.0072917 0.0287037
