2 0.933333 0.503241 0.0177083 0.0842593
2 0.919531 0.519444 0.0255208 0.116667
2 0.909635 0.524537 0.0151042 0.0990741
2 0.891146 0.524074 0.0239583 0.103704
2 0.860417 0.522222 0.0166667 0.107407
2 0.85026 0.581482 0.0255208 0.188889
2 0.83099 0.585185 0.0255208 0.159259
2 0.817708 0.593982 0.0270833 0.191667
2 0.795052 0.549074 0.0171875 0.107407
2 0.752604 0.55787 0.025 0.102778
2 0.675781 0.575926 0.0317708 0.1
2 0.591927 0.558333 0.0151042 0.0796296
2 0.584115 0.57037 0.0265625 0.101852
2 0.563281 0.57037 0.0276042 0.105556
2 0.520312 0.573148 0.0208333 0.087037
2 0.236719 0.572685 0.0223958 0.108333
2 0.254167 0.546759 0.0104167 0.0435185
2 0.222396 0.55 0.0114583 0.0537037
2 0.179427 0.549537 0.0109375 0.0583333
2 0.15625 0.564352 0.021875 0.0898148
2 0.084375 0.55787 0.0208333 0.087963
2 0.0533854 0.585648 0.0203125 0.0953704
2 0.0145833 0.55 0.0135417 0.0592593
2 0.0067708 0.539815 0.0114583 0.0685185
1 0.43099 0.61713 0.472396 0.0305556
1 0.928906 0.631482 0.129688 0.112963
1 0.748958 0.608796 0.114583 0.062037
0 0.449479 0.274074 0.021875 0.0888889
0 0.542188 0.271296 0.0197917 0.0833333
