2 0.671875 0.516204 0.0125 0.062037
2 0.660417 0.513889 0.015625 0.0740741
2 0.722656 0.516667 0.0109375 0.0518519
0 0.716146 0.393519 0.01875 0.0722222
0 0.603125 0.463426 0.0104167 0.0342593
0 0.557292 0.390278 0.0104167 0.0416667
0 0.526563 0.390741 0.0125 0.0425926
0 0.501562 0.391667 0.0114583 0.0407407
1 0.421875 0.555556 0.0947917 0.0185185
2 0.46276 0.518982 0.0161458 0.0509259
2 0.732031 0.512963 0.0088542 0.0444444
1 0.802865 0.558796 0.0536458 0.0212963
0 0.103385 0.476852 0.0088542 0.0333333
0 0.0901042 0.480093 0.009375 0.0342593
