2 0.0716146 0.672222 0.100521 0.501852
2 0.194792 0.564352 0.0208333 0.100926
2 0.232031 0.570833 0.0213542 0.087963
2 0.289844 0.571296 0.0390625 0.111111
2 0.394271 0.58287 0.03125 0.143518
2 0.449479 0.630556 0.09375 0.303704
2 0.599479 0.651389 0.0541667 0.341667
2 0.651042 0.648148 0.0510417 0.3
2 0.71901 0.669907 0.0848958 0.380556
2 0.866667 0.688426 0.09375 0.437963
2 0.936458 0.597222 0.0802083 0.448148
1 0.23151 0.822685 0.454688 0.25463
2 0.754948 0.560185 0.0348958 0.174074
2 0.245052 0.568056 0.0213542 0.0898148
2 0.527083 0.541667 0.009375 0.05
1 0.538281 0.613889 0.0796875 0.0462963
2 0.739844 0.549537 0.0234375 0.102778
2 0.559115 0.564815 0.0192708 0.0944444
2 0.5125 0.567593 0.0145833 0.0833333
2 0.0309896 0.556018 0.0171875 0.0842593
2 0.827344 0.548611 0.0338542 0.199074
0 0.43151 0.0231481 0.0390625 0.0462963
0 0.232292 0.0305556 0.0364583 0.0611111
