2 0.394792 0.539815 0.009375 0.0296296
1 0.913021 0.667593 0.121875 0.116667
2 0.607292 0.537963 0.0125 0.0574074
1 0.69375 0.667593 0.223958 0.112963
2 0.674479 0.55 0.0229167 0.109259
2 0.921615 0.552778 0.0265625 0.142593
2 0.936198 0.538426 0.0213542 0.123148
2 0.726042 0.5375 0.0177083 0.0787037
2 0.717448 0.535185 0.0130208 0.0703704
2 0.759115 0.547222 0.0203125 0.0944444
2 0.834896 0.588889 0.053125 0.164815
2 0.742188 0.550926 0.015625 0.0648148
2 0.647917 0.532407 0.0125 0.062963
2 0.136458 0.539815 0.0114583 0.0481481
