2 0.753906 0.652315 0.0567708 0.286111
2 0.498177 0.700926 0.126563 0.414815
2 0.470052 0.623148 0.0307292 0.22037
2 0.442187 0.655093 0.0354167 0.206482
2 0.311979 0.575 0.021875 0.087037
2 0.290625 0.569907 0.0177083 0.087963
2 0.132813 0.630556 0.0927083 0.331481
2 0.0893229 0.563426 0.0140625 0.0731481
2 0.0395833 0.560185 0.015625 0.0814815
1 0.0427083 0.725 0.0854167 0.105556
1 0.315625 0.783333 0.230208 0.185185
0 0.2375 0.0805556 0.0333333 0.12963
0 0.407292 0.074537 0.0322917 0.121296
2 0.688281 0.662037 0.0911458 0.381481
2 0.255729 0.599537 0.0552083 0.189815
2 0.651042 0.612963 0.0697917 0.32037
2 0.801823 0.616667 0.0484375 0.316667
2 0.444531 0.625 0.0411458 0.237037
2 0.590625 0.660185 0.0489583 0.32037
2 0.55651 0.552778 0.0203125 0.131481
