2 0.102344 0.565278 0.0255208 0.100926
2 0.636979 0.580093 0.0385417 0.221296
2 0.796354 0.676852 0.084375 0.42963
2 0.836979 0.6375 0.0572917 0.321296
2 0.934635 0.680093 0.109896 0.489815
2 0.575 0.690741 0.101042 0.503704
1 0.24349 0.831019 0.486979 0.221296
2 0.136458 0.57037 0.0229167 0.111111
2 0.692969 0.59537 0.0401042 0.262963
2 0.33724 0.558333 0.0161458 0.0574074
2 0.482031 0.588889 0.0453125 0.153704
2 0.736198 0.564815 0.0234375 0.12963
2 0.650521 0.57963 0.015625 0.187037
2 0.747396 0.558333 0.01875 0.1
2 0.609115 0.564815 0.0130208 0.0648148
2 0.816927 0.684259 0.0453125 0.390741
2 0.532812 0.594444 0.0322917 0.151852
