2 0.207031 0.471296 0.0078125 0.0537037
2 0.215104 0.471296 0.009375 0.0574074
2 0.225781 0.473148 0.0109375 0.0574074
2 0.233333 0.469907 0.0114583 0.0564815
2 0.270312 0.476852 0.0270833 0.114815
2 0.275521 0.481481 0.0333333 0.101852
2 0.547396 0.532407 0.046875 0.222222
2 0.807552 0.486111 0.0161458 0.0722222
2 0.908594 0.54537 0.0296875 0.222222
0 0.0106771 0.231481 0.0171875 0.0759259
1 0.169531 0.480556 0.0494792 0.0092593
1 0.369531 0.599074 0.517187 0.194444
2 0.93099 0.487963 0.0119792 0.0592593
2 0.597656 0.503241 0.0192708 0.15463
2 0.336198 0.473148 0.0151042 0.0611111
1 0.584375 0.746759 0.827083 0.187963
2 0.375781 0.473148 0.0130208 0.0574074
2 0.974219 0.494907 0.0140625 0.0768519
2 0.452344 0.468056 0.0119792 0.0509259
2 0.323177 0.466204 0.0140625 0.062037
2 0.614844 0.5 0.0265625 0.151852
0 0.267448 0.37037 0.0130208 0.0351852
