2 0.839583 0.490278 0.0114583 0.0527778
2 0.867188 0.495833 0.0125 0.0675926
2 0.77474 0.538889 0.0515625 0.224074
2 0.74401 0.538426 0.0536458 0.206482
2 0.67526 0.476389 0.0109375 0.0416667
2 0.648438 0.499074 0.0270833 0.114815
2 0.26276 0.485185 0.0140625 0.0814815
2 0.242448 0.488426 0.0182292 0.075
2 0.209115 0.485185 0.0182292 0.0740741
2 0.0822917 0.490741 0.009375 0.0574074
2 0.0901042 0.491667 0.0125 0.0685185
2 0.105208 0.487037 0.0114583 0.0722222
2 0.111719 0.489815 0.0171875 0.0666667
2 0.0614583 0.4875 0.0197917 0.0638889
1 0.49401 0.713889 0.988021 0.374074
2 0.182812 0.498148 0.0197917 0.0907407
0 0.146615 0.368519 0.0130208 0.0388889
