2 0.771615 0.435648 0.0119792 0.0675926
2 0.259635 0.418981 0.0182292 0.0824074
2 0.745833 0.43287 0.0135417 0.0712963
2 0.0606771 0.425463 0.0088542 0.0398148
2 0.103385 0.433333 0.0151042 0.0740741
2 0.114323 0.441667 0.0130208 0.0592593
2 0.133073 0.431482 0.0130208 0.0703704
1 0.488021 0.448148 0.394792 0.0240741
1 0.447135 0.516204 0.894271 0.062037
1 0.895833 0.500926 0.122917 0.0296296
0 0.600521 0.249074 0.0302083 0.0222222
0 0.546094 0.24537 0.0307292 0.0259259
0 0.183854 0.338426 0.009375 0.0324074
0 0.711198 0.356481 0.0088542 0.0277778
