2 0.942708 0.425 0.0229167 0.112963
2 0.924479 0.480093 0.0260417 0.136111
2 0.904167 0.487037 0.021875 0.0981481
2 0.85599 0.456019 0.0244792 0.169444
2 0.795052 0.425 0.0234375 0.137037
2 0.782031 0.422222 0.0171875 0.0944444
2 0.636458 0.422222 0.0125 0.0796296
2 0.648438 0.404167 0.0104167 0.0435185
2 0.609896 0.410185 0.015625 0.0518519
2 0.58724 0.413426 0.0088542 0.0564815
2 0.59375 0.415741 0.0114583 0.0648148
2 0.546354 0.4125 0.0125 0.0453704
2 0.354948 0.422685 0.0109375 0.0546296
2 0.342969 0.423611 0.0088542 0.0435185
1 0.382292 0.441667 0.111458 0.0148148
1 0.532552 0.436111 0.0505208 0.0092593
0 0.523958 0.344444 0.0072917 0.0296296
0 0.547396 0.376389 0.0083333 0.0212963
