2 0.965365 0.49213 0.0140625 0.0824074
2 0.966146 0.598611 0.0270833 0.215741
2 0.93099 0.581019 0.0515625 0.219444
2 0.84375 0.534259 0.0135417 0.0907407
2 0.827344 0.547222 0.0255208 0.0962963
2 0.809635 0.535648 0.0213542 0.0990741
2 0.78099 0.585185 0.0348958 0.181481
2 0.757813 0.587963 0.0177083 0.15
2 0.742448 0.590741 0.0255208 0.174074
2 0.710417 0.567593 0.0333333 0.101852
2 0.638542 0.577315 0.0302083 0.0953704
2 0.558854 0.574537 0.0270833 0.0972222
2 0.516146 0.573148 0.0208333 0.107407
2 0.495573 0.572685 0.0213542 0.106481
2 0.482292 0.571296 0.01875 0.0907407
2 0.271615 0.572685 0.0255208 0.100926
2 0.249219 0.569444 0.0130208 0.0740741
2 0.222396 0.551389 0.0104167 0.0490741
2 0.194792 0.577315 0.0208333 0.0861111
2 0.173698 0.5625 0.0119792 0.0694444
2 0.120833 0.562963 0.0197917 0.0833333
2 0.078125 0.5625 0.0177083 0.0694444
2 0.0401042 0.584259 0.021875 0.0981481
2 0.0151042 0.548148 0.0114583 0.0592593
1 0.430729 0.61713 0.472917 0.0305556
1 0.854688 0.613889 0.13125 0.101852
0 0.449479 0.274074 0.021875 0.0888889
0 0.542188 0.271296 0.0197917 0.0833333
