2 0.35625 0.484259 0.0333333 0.172222
2 0.432031 0.450926 0.0151042 0.0481481
2 0.48776 0.464352 0.0203125 0.108333
2 0.495573 0.487037 0.0536458 0.209259
2 0.750521 0.45787 0.0229167 0.102778
2 0.938281 0.436111 0.0151042 0.0666667
2 0.62474 0.479167 0.0442708 0.169444
2 0.97526 0.440741 0.0151042 0.0740741
2 0.967708 0.434259 0.015625 0.0666667
2 0.461979 0.443981 0.009375 0.0324074
1 0.428125 0.581482 0.842708 0.0851852
0 0.579427 0.343518 0.0078125 0.0296296
0 0.88099 0.364352 0.0098958 0.0324074
0 0.890885 0.36713 0.0078125 0.025
