2 0.717188 0.47963 0.015625 0.0814815
2 0.654427 0.48287 0.0296875 0.0990741
2 0.584375 0.476389 0.0270833 0.0824074
2 0.530208 0.48287 0.0270833 0.106481
2 0.483854 0.465741 0.0114583 0.0351852
2 0.466927 0.463426 0.0078125 0.0305556
2 0.426823 0.468056 0.0088542 0.0287037
2 0.439583 0.490741 0.0260417 0.0833333
2 0.366146 0.491667 0.0260417 0.0851852
2 0.319792 0.499074 0.01875 0.0888889
2 0.311198 0.49537 0.0203125 0.0851852
2 0.273698 0.482407 0.0088542 0.05
2 0.267448 0.481019 0.0078125 0.0453704
2 0.25651 0.499074 0.0151042 0.0777778
2 0.248177 0.493519 0.0098958 0.0796296
2 0.244792 0.497685 0.0208333 0.0916667
2 0.227604 0.488426 0.0114583 0.0472222
2 0.210677 0.50463 0.0203125 0.087037
2 0.159635 0.5125 0.0140625 0.0842593
2 0.140625 0.512963 0.028125 0.112963
2 0.0484375 0.516667 0.0239583 0.0962963
2 0.930208 0.469907 0.0083333 0.0342593
1 0.595833 0.531018 0.701042 0.025
1 0.0575521 0.544444 0.115104 0.0425926
0 0.524479 0.425926 0.0072917 0.0166667
0 0.81849 0.396759 0.0078125 0.025
0 0.83724 0.397685 0.0078125 0.0268519
