2 0.0572917 0.560185 0.0125 0.0796296
2 0.0994792 0.562963 0.0135417 0.0703704
2 0.204688 0.619907 0.0760417 0.282407
2 0.283594 0.651852 0.121354 0.392593
2 0.554688 0.55 0.0229167 0.118519
2 0.665885 0.583796 0.0348958 0.206482
2 0.707812 0.550926 0.0270833 0.15
2 0.796094 0.543981 0.0567708 0.206482
2 0.577604 0.68287 0.145833 0.419444
0 0.252604 0.099537 0.0395833 0.128704
0 0.413542 0.0986111 0.0322917 0.119444
1 0.0807292 0.738426 0.161458 0.14537
1 0.526823 0.611111 0.0244792 0.0407407
2 0.46875 0.656482 0.0666667 0.266667
2 0.50651 0.6125 0.0640625 0.284259
2 0.410156 0.624074 0.0546875 0.237037
2 0.37474 0.616204 0.0276042 0.223148
2 0.735937 0.554167 0.03125 0.15463
2 0.427083 0.578704 0.0145833 0.0814815
2 0.68099 0.588426 0.0432292 0.141667
2 0.692969 0.553704 0.0161458 0.157407
2 0.483854 0.654167 0.0614583 0.339815
