2 0.205729 0.500926 0.0166667 0.0814815
2 0.574479 0.43287 0.0072917 0.0268519
2 0.590104 0.44213 0.0072917 0.0287037
2 0.588281 0.503241 0.0213542 0.0805556
2 0.641146 0.501852 0.0229167 0.118519
2 0.690104 0.484259 0.0208333 0.0944444
2 0.801823 0.486574 0.0244792 0.128704
2 0.451042 0.480556 0.015625 0.0444444
2 0.421094 0.481944 0.0130208 0.0546296
2 0.461458 0.474074 0.0104167 0.0481481
2 0.29375 0.491204 0.015625 0.0435185
2 0.191927 0.493519 0.0119792 0.062963
1 0.432813 0.561111 0.0572917 0.0314815
