2 0.882813 0.513889 0.0208333 0.125926
2 0.75026 0.523611 0.0213542 0.106481
2 0.707031 0.492593 0.0130208 0.0574074
2 0.698177 0.500926 0.0140625 0.0537037
2 0.654167 0.513889 0.01875 0.0833333
2 0.636458 0.518056 0.0197917 0.0805556
2 0.607031 0.519907 0.0171875 0.0861111
2 0.576042 0.494907 0.015625 0.0472222
1 0.75599 0.550926 0.198437 0.0537037
0 0.426302 0.468518 0.0057292 0.0148148
0 0.4375 0.468056 0.0072917 0.0101852
2 0.910937 0.496296 0.0239583 0.0907407
2 0.621094 0.496759 0.0098958 0.0361111
2 0.177604 0.510648 0.0145833 0.0657407
