0 0.258854 0.0962963 0.0354167 0.146296
0 0.416146 0.105093 0.0302083 0.115741
1 0.322917 0.740741 0.219792 0.133333
1 0.0486979 0.720833 0.0973958 0.108333
2 0.0367188 0.58287 0.0390625 0.158333
2 0.0674479 0.558333 0.0119792 0.0759259
2 0.166406 0.671296 0.121354 0.448148
2 0.201823 0.636111 0.0526042 0.325926
2 0.244531 0.601389 0.0630208 0.297222
2 0.289844 0.613426 0.0411458 0.225
2 0.321354 0.636111 0.0583333 0.288889
2 0.392969 0.662963 0.0588542 0.272222
2 0.49349 0.614815 0.0432292 0.224074
2 0.521615 0.672222 0.177604 0.522222
2 0.658854 0.627315 0.0583333 0.286111
2 0.693229 0.57963 0.05625 0.351852
2 0.741406 0.589815 0.0192708 0.0759259
2 0.0138021 0.577778 0.0276042 0.172222
2 0.376563 0.594907 0.028125 0.113889
2 0.415104 0.546759 0.01875 0.0583333
2 0.447917 0.583333 0.021875 0.111111
2 0.464844 0.551852 0.0140625 0.0537037
2 0.613281 0.600463 0.0442708 0.271296
