0 0.542708 0.489815 0.0072917 0.0185185
0 0.0916667 0.448148 0.00625 0.0148148
1 0.438542 0.810185 0.85625 0.283333
1 0.772656 0.62037 0.236979 0.0759259
2 0.509896 0.55 0.0125 0.0537037
2 0.64375 0.589815 0.0291667 0.15
2 0.986198 0.597222 0.0151042 0.0851852
2 0.964063 0.589815 0.0166667 0.0888889
1 0.679948 0.602778 0.0265625 0.127778
2 0.603125 0.557407 0.0104167 0.0388889
2 0.723177 0.573611 0.0130208 0.0712963
2 0.751562 0.57963 0.0177083 0.0907407
2 0.791667 0.589815 0.0208333 0.0981481
2 0.0653646 0.506019 0.0098958 0.0509259
2 0.620313 0.563426 0.009375 0.0583333
2 0.47526 0.542593 0.0088542 0.0351852
2 0.459375 0.543981 0.015625 0.0601852
