2 0.90651 0.533333 0.0651042 0.324074
2 0.591146 0.469444 0.0177083 0.0796296
2 0.567187 0.472222 0.0166667 0.0685185
2 0.553646 0.452778 0.0145833 0.0537037
2 0.201302 0.485185 0.0119792 0.0518519
2 0.211458 0.476389 0.0135417 0.0731481
2 0.148698 0.470833 0.0161458 0.0842593
2 0.161719 0.477315 0.0171875 0.0768519
2 0.233854 0.472222 0.01875 0.0851852
2 0.339583 0.458333 0.009375 0.0425926
2 0.391927 0.440278 0.0078125 0.0342593
2 0.37474 0.45 0.0098958 0.0407407
2 0.948177 0.529167 0.0567708 0.308333
2 0.329688 0.456944 0.0114583 0.0435185
2 0.009375 0.490278 0.01875 0.126852
2 0.355208 0.45 0.0104167 0.0444444
