2 0.98099 0.516667 0.0307292 0.138889
2 0.90026 0.569444 0.0390625 0.248148
2 0.890104 0.615278 0.0333333 0.147222
2 0.771094 0.506019 0.0171875 0.0824074
2 0.763542 0.50787 0.0145833 0.0657407
2 0.451302 0.52963 0.0234375 0.111111
2 0.436458 0.503704 0.0145833 0.0481481
0 0.422656 0.465741 0.0067708 0.0092593
1 0.846354 0.591667 0.304167 0.114815
2 0.473177 0.521296 0.0161458 0.112963
2 0.523698 0.512963 0.0203125 0.118519
2 0.509635 0.51713 0.0161458 0.112037
2 0.483854 0.525926 0.0239583 0.107407
2 0.0783854 0.515278 0.0203125 0.0916667
