0 0.364323 0.430556 0.0390625 0.037037
1 0.123698 0.774537 0.246354 0.0601852
1 0.623698 0.764352 0.377604 0.0601852
2 0.6875 0.681018 0.0208333 0.0898148
2 0.672656 0.690278 0.0140625 0.0805556
2 0.672135 0.680556 0.0151042 0.0944444
2 0.463281 0.668518 0.0119792 0.0592593
2 0.454427 0.668981 0.0119792 0.0583333
2 0.905469 0.663426 0.0130208 0.0564815
2 0.548177 0.664352 0.0130208 0.0601852
2 0.533594 0.661111 0.0130208 0.0592593
2 0.472135 0.668518 0.0057292 0.0407407
2 0.507292 0.668981 0.015625 0.0583333
