2 0.950521 0.512037 0.0208333 0.112963
2 0.914844 0.514352 0.0265625 0.102778
2 0.882031 0.510648 0.0140625 0.0861111
2 0.886979 0.578241 0.0302083 0.193519
2 0.869271 0.57963 0.0260417 0.159259
2 0.853125 0.586111 0.0239583 0.2
2 0.817969 0.540741 0.0223958 0.109259
2 0.775 0.547685 0.0229167 0.0990741
2 0.696615 0.573148 0.0265625 0.103704
2 0.610937 0.57037 0.028125 0.105556
2 0.591146 0.571759 0.03125 0.102778
2 0.5375 0.571759 0.0197917 0.0953704
2 0.255208 0.55 0.009375 0.0481481
2 0.232552 0.575 0.0130208 0.0888889
2 0.221354 0.572222 0.021875 0.1
2 0.177865 0.551852 0.0109375 0.0574074
2 0.13724 0.560648 0.0140625 0.0898148
2 0.0575521 0.589815 0.0192708 0.0888889
2 0.0674479 0.554167 0.0182292 0.0898148
2 0.0338542 0.556018 0.0114583 0.0787037
2 0.0148437 0.553241 0.0130208 0.0712963
2 0.00625 0.541204 0.0125 0.0805556
1 0.430729 0.61713 0.471875 0.0305556
1 0.947917 0.62963 0.1 0.109259
1 0.773177 0.611574 0.133854 0.0675926
0 0.449479 0.274074 0.021875 0.0888889
0 0.542188 0.271296 0.0197917 0.0833333
