2 0.858594 0.526852 0.0328125 0.159259
2 0.814323 0.490278 0.0119792 0.062037
2 0.448698 0.474537 0.0140625 0.0657407
2 0.426302 0.473148 0.0140625 0.0574074
2 0.341667 0.473611 0.0104167 0.0509259
2 0.319792 0.474074 0.0083333 0.05
2 0.326562 0.472222 0.0083333 0.0481481
2 0.334375 0.473148 0.0072917 0.0537037
0 0.148698 0.266667 0.0151042 0.0685185
1 0.282813 0.484722 0.028125 0.0101852
1 0.402604 0.565741 0.19375 0.125926
1 0.85 0.6375 0.2875 0.0842593
1 0.901302 0.910185 0.192188 0.101852
2 0.495052 0.502778 0.0296875 0.168518
2 0.79974 0.481944 0.0109375 0.037963
2 0.984375 0.562963 0.0291667 0.192593
2 0.514844 0.513426 0.0328125 0.14537
2 0.975 0.49537 0.0135417 0.0592593
2 0.960938 0.500463 0.0104167 0.0472222
0 0.376042 0.387037 0.0114583 0.0296296
