2 0.933854 0.503241 0.021875 0.0842593
2 0.9125 0.53287 0.0270833 0.0916667
2 0.889323 0.522685 0.0203125 0.100926
2 0.85651 0.523611 0.0151042 0.100926
2 0.844792 0.580093 0.025 0.187963
2 0.826302 0.581944 0.0182292 0.158333
2 0.80651 0.59213 0.0276042 0.187963
2 0.791667 0.54537 0.0145833 0.111111
2 0.75026 0.559259 0.0255208 0.105556
2 0.677865 0.576389 0.0296875 0.100926
2 0.588021 0.568056 0.0197917 0.0935185
2 0.579427 0.570833 0.0338542 0.110185
2 0.557813 0.569907 0.0197917 0.113889
2 0.516927 0.574537 0.0203125 0.0898148
2 0.238281 0.573611 0.0203125 0.106481
2 0.253646 0.548148 0.0104167 0.0444444
2 0.222396 0.550463 0.0114583 0.0546296
2 0.178646 0.550463 0.0114583 0.0583333
2 0.159115 0.563426 0.0276042 0.0861111
2 0.0854167 0.556481 0.0197917 0.0907407
2 0.0502604 0.578704 0.0192708 0.116667
2 0.0140625 0.547685 0.0125 0.0546296
1 0.43099 0.61713 0.472396 0.0305556
1 0.923958 0.630556 0.139583 0.111111
1 0.741406 0.608796 0.0984375 0.0601852
0 0.449479 0.274074 0.021875 0.0888889
0 0.542188 0.271296 0.0197917 0.0833333
