2 0.663021 0.510185 0.0114583 0.0462963
2 0.652344 0.508796 0.0161458 0.0657407
2 0.708073 0.512037 0.0098958 0.0481481
0 0.700521 0.401852 0.0166667 0.0648148
0 0.603646 0.4625 0.009375 0.0324074
0 0.560677 0.393982 0.0098958 0.0398148
0 0.53151 0.394444 0.0119792 0.0407407
0 0.507552 0.394444 0.0109375 0.0388889
1 0.377344 0.548148 0.0296875 0.0185185
2 0.459896 0.518519 0.0145833 0.0462963
0 0.127083 0.475926 0.0083333 0.0314815
2 0.129948 0.5125 0.0109375 0.0453704
0 0.1125 0.47963 0.009375 0.0333333
