0 0.517708 0.416204 0.0114583 0.0398148
0 0.540104 0.416667 0.0104167 0.0388889
0 0.567187 0.415741 0.0114583 0.0407407
0 0.686719 0.426852 0.0161458 0.0574074
0 0.143229 0.498148 0.0083333 0.0296296
2 0.921875 0.522222 0.0166667 0.0833333
2 0.642969 0.523148 0.0130208 0.0611111
2 0.693229 0.523611 0.0104167 0.0453704
0 0.607292 0.483333 0.0104167 0.0388889
2 0.994271 0.521296 0.0114583 0.0907407
2 0.651823 0.521759 0.0098958 0.0398148
2 0.702865 0.526852 0.0088542 0.0314815
2 0.15651 0.528241 0.0088542 0.0398148
0 0.159635 0.494907 0.0078125 0.0305556
