2 0.0481771 0.590278 0.0609375 0.241667
2 0.13125 0.565278 0.0322917 0.191667
2 0.170052 0.571759 0.0463542 0.221296
2 0.209635 0.575 0.0630208 0.261111
2 0.245052 0.550463 0.0484375 0.223148
2 0.315365 0.576852 0.0515625 0.222222
2 0.322917 0.523611 0.034375 0.141667
2 0.469271 0.511574 0.025 0.0657407
1 0.622917 0.583796 0.265625 0.087963
1 0.958594 0.6375 0.0692708 0.150926
2 0.75651 0.516204 0.0276042 0.112037
2 0.279687 0.50787 0.0135417 0.0398148
2 0.778385 0.507407 0.0203125 0.125926
0 0.284115 0.471296 0.0088542 0.0111111
0 0.272917 0.472222 0.00625 0.0092593
