2 0.879427 0.612037 0.0661458 0.235185
2 0.784375 0.633796 0.090625 0.376852
2 0.347656 0.542593 0.0255208 0.127778
2 0.302865 0.551852 0.0223958 0.118519
2 0.278646 0.553704 0.021875 0.133333
2 0.194271 0.555093 0.0270833 0.137963
2 0.165625 0.566204 0.0197917 0.108333
2 0.145313 0.556018 0.0229167 0.126852
2 0.08125 0.543518 0.021875 0.116667
1 0.467969 0.826389 0.933854 0.221296
2 0.0083333 0.547685 0.0166667 0.119444
2 0.989062 0.636111 0.021875 0.240741
2 0.0375 0.539352 0.0135417 0.0972222
2 0.0145833 0.547685 0.0114583 0.100926
