2 0.140885 0.602778 0.0296875 0.124074
2 0.903906 0.526389 0.0203125 0.0935185
2 0.872135 0.5125 0.0171875 0.0861111
2 0.855729 0.515741 0.0145833 0.087037
2 0.685677 0.549537 0.0151042 0.0861111
2 0.696354 0.548611 0.0166667 0.0898148
2 0.647135 0.544907 0.0140625 0.0675926
0 0.528125 0.471759 0.0135417 0.012037
2 0.0914062 0.599074 0.0182292 0.101852
2 0.107552 0.591667 0.0161458 0.111111
2 0.11875 0.585185 0.0177083 0.109259
2 0.0567708 0.600926 0.0197917 0.118519
2 0.028125 0.611574 0.0208333 0.126852
2 0.0773438 0.600463 0.0223958 0.113889
2 0.183073 0.574537 0.0109375 0.0583333
2 0.0403646 0.598148 0.0182292 0.118519
2 0.152083 0.6 0.0197917 0.12963
2 0.333854 0.560185 0.0083333 0.0444444
2 0.340104 0.560185 0.009375 0.0444444
2 0.0098958 0.640278 0.0197917 0.162037
