2 0.851042 0.522222 0.0239583 0.142593
2 0.822135 0.481944 0.0057292 0.0287037
2 0.815365 0.4875 0.0088542 0.0361111
2 0.805729 0.493519 0.0083333 0.0481481
2 0.476823 0.481944 0.0109375 0.0527778
2 0.453646 0.475926 0.0135417 0.0518519
2 0.370573 0.475463 0.0088542 0.0435185
2 0.348177 0.475926 0.0078125 0.0481481
2 0.35599 0.474537 0.0078125 0.0453704
2 0.363281 0.474537 0.0067708 0.0490741
0 0.186979 0.276389 0.0145833 0.0657407
1 0.311979 0.486111 0.028125 0.0092593
1 0.408594 0.550463 0.149479 0.0972222
1 0.841146 0.627315 0.317708 0.0861111
1 0.496875 0.830556 0.991667 0.164815
0 0.404948 0.39213 0.0109375 0.0287037
