2 0.188021 0.472685 0.009375 0.037963
2 0.196615 0.474074 0.0067708 0.0333333
2 0.136458 0.475463 0.009375 0.0490741
2 0.0908854 0.475 0.0088542 0.0481481
2 0.456771 0.464815 0.009375 0.0388889
2 0.360417 0.468982 0.0083333 0.0398148
2 0.48151 0.4625 0.0088542 0.0435185
2 0.0703125 0.476389 0.009375 0.0435185
2 0.145052 0.472685 0.0067708 0.025
2 0.151302 0.472685 0.0067708 0.0268519
2 0.1625 0.475 0.00625 0.037037
2 0.170052 0.475 0.0067708 0.0333333
2 0.176563 0.474537 0.0083333 0.0361111
2 0.39349 0.464815 0.0098958 0.0481481
2 0.506771 0.468982 0.0083333 0.0416667
2 0.259635 0.463889 0.0078125 0.0314815
2 0.232812 0.464352 0.00625 0.0231481
0 0.015625 0.244907 0.0177083 0.0824074
