2 0.133854 0.559722 0.0145833 0.0768519
2 0.144271 0.575 0.0166667 0.0814815
2 0.183594 0.559722 0.0098958 0.062037
2 0.229948 0.556944 0.0119792 0.0583333
2 0.69349 0.563889 0.0213542 0.101852
2 0.914063 0.514815 0.025 0.0962963
2 0.938542 0.550463 0.028125 0.139815
2 0.880208 0.549537 0.0291667 0.119444
2 0.86875 0.552315 0.0302083 0.134259
2 0.754687 0.606019 0.065625 0.202778
2 0.0544271 0.577315 0.0244792 0.123148
2 0.0700521 0.573611 0.0213542 0.108333
2 0.192969 0.563426 0.0119792 0.0583333
2 0.0966146 0.55463 0.0119792 0.05
2 0.739583 0.583333 0.0208333 0.107407
1 0.410156 0.648148 0.633854 0.0388889
1 0.899219 0.649537 0.200521 0.132407
0 0.445052 0.218056 0.0265625 0.108333
0 0.560417 0.217593 0.0260417 0.101852
