2 0.122396 0.474074 0.034375 0.131481
2 0.140365 0.473148 0.0286458 0.137037
2 0.486719 0.412037 0.0119792 0.0425926
2 0.558073 0.406944 0.0109375 0.0416667
2 0.571354 0.416667 0.0114583 0.0611111
2 0.586458 0.423611 0.0072917 0.0398148
2 0.592188 0.424537 0.0114583 0.0416667
2 0.603125 0.418056 0.0145833 0.0768519
2 0.646615 0.421759 0.0171875 0.0694444
2 0.700781 0.414352 0.0203125 0.102778
2 0.730469 0.416204 0.0192708 0.106481
2 0.796875 0.419907 0.0260417 0.0898148
1 0.474219 0.669444 0.948438 0.209259
0 0.478385 0.358333 0.0067708 0.0222222
