2 0.951302 0.372685 0.0182292 0.0805556
2 0.939323 0.366204 0.0182292 0.0953704
2 0.90599 0.385648 0.0223958 0.119444
2 0.870313 0.374074 0.0197917 0.1
2 0.279427 0.4375 0.0265625 0.115741
2 0.258594 0.428704 0.0244792 0.153704
2 0.0942708 0.41713 0.01875 0.102778
2 0.0755208 0.413889 0.0260417 0.103704
2 0.0192708 0.487037 0.0385417 0.292593
2 0.274219 0.456019 0.0171875 0.0805556
2 0.383073 0.380556 0.0098958 0.0518519
1 0.821615 0.497685 0.275521 0.0601852
1 0.26849 0.505556 0.371354 0.0851852
