2 0.272135 0.498611 0.0161458 0.0824074
2 0.280729 0.512963 0.0125 0.0555556
2 0.304948 0.490278 0.0151042 0.0675926
2 0.536458 0.476389 0.0125 0.062037
2 0.529688 0.473148 0.0114583 0.0592593
2 0.302083 0.508796 0.0135417 0.0546296
2 0.523958 0.45 0.0083333 0.0351852
2 0.513281 0.442593 0.0098958 0.0351852
2 0.203125 0.499074 0.0208333 0.105556
2 0.565365 0.476852 0.0130208 0.062963
2 0.601823 0.512963 0.0338542 0.116667
2 0.181771 0.515278 0.0145833 0.062037
2 0.344792 0.439815 0.009375 0.0296296
2 0.576563 0.486111 0.0114583 0.0425926
