2 0.682552 0.511111 0.0161458 0.0666667
2 0.667969 0.511111 0.0171875 0.0814815
2 0.738542 0.511574 0.0125 0.0564815
0 0.734375 0.378241 0.0208333 0.0805556
0 0.605729 0.456481 0.0104167 0.0351852
0 0.558073 0.381018 0.0109375 0.0435185
0 0.525781 0.380556 0.0130208 0.0444444
0 0.499219 0.381481 0.0119792 0.0425926
1 0.426302 0.556018 0.0734375 0.0212963
2 0.461458 0.5125 0.0114583 0.0509259
1 0.8375 0.558333 0.0927083 0.0259259
0 0.0742188 0.474074 0.0088542 0.0296296
0 0.0859375 0.47037 0.009375 0.0351852
