2 0.345573 0.465741 0.0140625 0.0592593
2 0.772135 0.463426 0.0286458 0.126852
2 0.877865 0.452315 0.0255208 0.130556
2 0.921094 0.452778 0.0276042 0.12963
2 0.315625 0.458796 0.0083333 0.0472222
2 0.479427 0.446296 0.0078125 0.0277778
2 0.630729 0.447222 0.0135417 0.062963
2 0.301042 0.465741 0.0083333 0.0555556
2 0.290365 0.475463 0.0161458 0.0694444
2 0.308854 0.457407 0.0052083 0.037037
2 0.648177 0.443518 0.0130208 0.0537037
2 0.747135 0.436574 0.0130208 0.0694444
2 0.370313 0.45 0.00625 0.0277778
2 0.759115 0.447685 0.0182292 0.087963
