2 0.973437 0.536111 0.0166667 0.0851852
2 0.805208 0.541667 0.015625 0.0703704
2 0.789583 0.550463 0.01875 0.087963
2 0.7625 0.532407 0.0135417 0.062963
0 0.616927 0.331019 0.0390625 0.0324074
2 0.8375 0.547222 0.0145833 0.0833333
2 0.747135 0.534722 0.0130208 0.0675926
2 0.148958 0.560648 0.0145833 0.0657407
2 0.135417 0.5625 0.0114583 0.0472222
2 0.851563 0.537037 0.0114583 0.0666667
1 0.641667 0.562037 0.05625 0.0092593
2 0.653125 0.535648 0.0072917 0.0361111
2 0.391146 0.544444 0.0083333 0.0388889
