2 0.071875 0.688426 0.1 0.469444
2 0.0854167 0.567593 0.0354167 0.114815
2 0.202865 0.566667 0.0296875 0.0981481
2 0.238021 0.571296 0.021875 0.0907407
2 0.288802 0.574537 0.0359375 0.113889
2 0.379948 0.581482 0.0296875 0.135185
2 0.452344 0.6625 0.0973958 0.363889
2 0.583854 0.649537 0.0510417 0.323148
2 0.633333 0.648611 0.0489583 0.287963
2 0.682552 0.660648 0.0557292 0.365741
2 0.829948 0.684722 0.0817708 0.432407
2 0.958073 0.682407 0.0723958 0.412963
2 0.908073 0.598611 0.0713542 0.430556
1 0.23151 0.822685 0.454688 0.25463
2 0.74375 0.564352 0.0322917 0.160185
2 0.25 0.56713 0.021875 0.0953704
2 0.524479 0.544444 0.009375 0.05
1 0.538802 0.6125 0.0484375 0.0490741
2 0.713542 0.556481 0.0229167 0.109259
2 0.555208 0.569444 0.01875 0.0925926
2 0.507292 0.569907 0.0145833 0.0842593
0 0.431771 0.0319444 0.0375 0.0638889
