0 0.548437 0.377778 0.0072917 0.0222222
0 0.527604 0.347685 0.0083333 0.0268519
2 0.53724 0.412963 0.0109375 0.0481481
2 0.571615 0.4125 0.0109375 0.0527778
2 0.582292 0.411111 0.0114583 0.0518519
2 0.790365 0.429167 0.0265625 0.126852
2 0.958333 0.456019 0.0447917 0.163889
1 0.413542 0.430556 0.0625 0.0111111
1 0.529948 0.429167 0.0536458 0.0101852
2 0.610417 0.413889 0.0145833 0.0685185
2 0.824219 0.4125 0.0171875 0.0694444
2 0.375521 0.415278 0.0104167 0.0435185
2 0.594531 0.409259 0.0119792 0.0425926
