2 0.827083 0.541204 0.0541667 0.323148
2 0.796094 0.527315 0.0359375 0.225
2 0.765365 0.526852 0.0442708 0.222222
2 0.579427 0.474074 0.0130208 0.0648148
2 0.555729 0.480093 0.0145833 0.0601852
2 0.546354 0.461574 0.0104167 0.0472222
2 0.303906 0.471296 0.0119792 0.0555556
2 0.283073 0.480556 0.0151042 0.062963
2 0.321875 0.475463 0.0125 0.0694444
2 0.0276042 0.496296 0.0291667 0.135185
1 0.294271 0.534259 0.0458333 0.0314815
2 0.0945312 0.496296 0.0203125 0.0981481
2 0.25026 0.474074 0.0119792 0.0611111
2 0.258073 0.485185 0.0130208 0.0648148
2 0.270312 0.491667 0.0104167 0.0407407
2 0.0908854 0.52963 0.0317708 0.122222
