     0/299     2.05G    0.1232   0.03241   0.01973    0.1754        90       480    0.7716   0.08571   0.06541   0.01533    0.1047   0.03233   0.01221
     1/299     2.08G    0.1023   0.03095  0.006124    0.1393        60       480    0.3578    0.3198    0.2471   0.05826   0.08943     0.031  0.002548
     2/299     2.08G   0.09237   0.02996  0.003022    0.1254        44       480    0.4793    0.4253    0.3741    0.1239   0.08139   0.02958  0.001921
     3/299     2.08G   0.08431   0.02956  0.002332    0.1162        71       480    0.7107    0.5519    0.5829    0.2165   0.07412    0.0282  0.001473
     4/299     2.08G   0.07927   0.02899  0.001903    0.1102       100       480    0.7982    0.5902    0.6736    0.2914   0.06771   0.02714  0.001359
     5/299     2.08G   0.07572   0.02823  0.001592    0.1055       118       480    0.7763    0.6752    0.7256    0.3329   0.06567   0.02647  0.001144
     6/299     2.08G   0.07363   0.02742  0.001486    0.1025       123       480    0.8322    0.6709    0.7463    0.3532   0.06448   0.02581  0.001279
     7/299     2.08G   0.07187   0.02712  0.001385    0.1004       108       480    0.8661    0.6979    0.7805    0.3782   0.06208   0.02533  0.001019
     8/299     2.08G   0.07033   0.02666   0.00126   0.09825        98       480     0.858    0.7216    0.7906    0.3898   0.06078   0.02467  0.000958
     9/299     2.08G   0.06928    0.0263  0.001216   0.09679        73       480    0.8659    0.7269    0.7984    0.3991   0.06013   0.02466 0.0009343
    10/299     2.08G    0.0685   0.02551  0.001142   0.09515        54       480    0.8635    0.7249    0.7965    0.4078   0.05936   0.02433 0.0008961
    11/299     2.08G   0.06762   0.02561  0.001152   0.09438       114       480    0.8882    0.7402    0.8203    0.4355   0.05829     0.024 0.0008619
    12/299     2.08G   0.06658   0.02562  0.001101   0.09331       124       480    0.8838    0.7611    0.8278    0.4379    0.0575   0.02363  0.000834
    13/299     2.08G   0.06614    0.0253  0.001051   0.09249        63       480    0.8852    0.7648    0.8285    0.4431   0.05734   0.02336   0.00081
    14/299     2.08G   0.06578   0.02497  0.001076   0.09182        81       480    0.8908    0.7642    0.8328    0.4505   0.05673   0.02336 0.0007478
    15/299     2.08G   0.06483   0.02477  0.001003   0.09061        53       480    0.9118    0.7644    0.8436    0.4604   0.05591   0.02306 0.0007298
    16/299     2.08G   0.06451   0.02465 0.0009901   0.09015        65       480    0.9017    0.7819    0.8534    0.4667   0.05556   0.02291 0.0007632
    17/299     2.08G   0.06412   0.02464  0.000954   0.08972        88       480    0.8954    0.7931    0.8545    0.4771   0.05493   0.02278 0.0007139
    18/299     2.08G   0.06353   0.02445 0.0009264   0.08891        96       480    0.9053    0.8025     0.863    0.4829   0.05456   0.02269 0.0007015
    19/299     2.08G   0.06315   0.02443 0.0008927   0.08847       137       480    0.9114    0.7989    0.8666    0.4944    0.0541   0.02251 0.0006704
    20/299     2.08G   0.06304   0.02412 0.0009114   0.08807        64       480     0.906    0.7979    0.8661    0.4921   0.05376   0.02241 0.0006743
    21/299     2.08G   0.06241   0.02414 0.0009098   0.08746        82       480    0.9141    0.8031    0.8675    0.4927   0.05346   0.02232 0.0006735
    22/299     2.08G    0.0623   0.02416  0.000859   0.08732       121       480    0.9148    0.8028    0.8734    0.5027   0.05332   0.02223 0.0006627
    23/299     2.08G   0.06208    0.0239 0.0009109   0.08689        79       480    0.9164     0.811    0.8767    0.5145   0.05276   0.02201 0.0006571
    24/299     2.08G   0.06158   0.02364 0.0008625   0.08609        87       480    0.9207    0.8143    0.8773    0.5105   0.05266   0.02178 0.0006489
    25/299     2.08G   0.06159   0.02387 0.0008105   0.08628       107       480    0.9099    0.8148    0.8727    0.5096   0.05235   0.02185 0.0006344
    26/299     2.08G   0.06139   0.02354 0.0008412   0.08578       101       480    0.9091     0.829    0.8862    0.5207   0.05183   0.02163 0.0006129
    27/299     2.08G    0.0607   0.02343 0.0008114   0.08494        80       480    0.9189    0.8236    0.8813    0.5185   0.05175    0.0216 0.0006286
    28/299     2.08G   0.06088   0.02329 0.0008102   0.08497        86       480    0.9231    0.8305    0.8883    0.5292   0.05144   0.02146 0.0006182
    29/299     2.08G   0.06059   0.02332 0.0008096   0.08473        73       480    0.9172    0.8306    0.8877    0.5344    0.0509   0.02141 0.0005921
    30/299     2.08G    0.0601   0.02308 0.0007741   0.08395        66       480     0.915    0.8343    0.8885    0.5282   0.05118   0.02142 0.0005877
    31/299     2.08G   0.06004     0.023 0.0007997   0.08384        85       480    0.9208     0.837    0.8899    0.5422   0.05059   0.02126  0.000593
    32/299     2.08G    0.0597   0.02307 0.0007438   0.08352        44       480    0.9282    0.8285    0.8872    0.5451   0.05043   0.02119 0.0005771
    33/299     2.08G    0.0595   0.02311 0.0007484   0.08336        87       480    0.9328    0.8364    0.8962    0.5502   0.05015   0.02101 0.0005715
    34/299     2.08G   0.05925   0.02268 0.0007567   0.08269       169       480    0.9266    0.8326    0.8922    0.5444   0.05013   0.02107  0.000571
    35/299     2.08G   0.05951   0.02289  0.000761   0.08316        77       480    0.9346    0.8394    0.8998    0.5523   0.04992   0.02096 0.0005865
    36/299     2.08G    0.0591   0.02282 0.0007694    0.0827       103       480    0.9374    0.8393    0.8939    0.5547   0.04955   0.02088 0.0005722
    37/299     2.08G   0.05888   0.02265 0.0007681   0.08231       114       480    0.9349    0.8409    0.9006    0.5592   0.04939   0.02082  0.000569
    38/299     2.08G    0.0588   0.02294 0.0007262   0.08247        64       480    0.9316    0.8454    0.8992    0.5642   0.04935   0.02072 0.0005551
    39/299     2.08G    0.0588   0.02243  0.000743   0.08197        81       480    0.9146     0.856    0.9002    0.5614   0.04925   0.02074 0.0005605
    40/299     2.08G   0.05853   0.02236 0.0007259   0.08162        98       480    0.9312    0.8458    0.8989    0.5664   0.04899   0.02065 0.0005593
    41/299     2.08G   0.05852   0.02253 0.0007519   0.08181        94       480    0.9268    0.8491    0.9011    0.5681   0.04913   0.02063 0.0005731
    42/299     2.08G   0.05828   0.02234 0.0007454   0.08136       100       480    0.9361    0.8496     0.906    0.5717   0.04869   0.02049 0.0005622
    43/299     2.08G   0.05812   0.02253 0.0007116   0.08137       101       480    0.9277    0.8587    0.9088    0.5728   0.04854   0.02049 0.0005606
    44/299     2.08G   0.05778    0.0223 0.0006998   0.08078        69       480    0.9378    0.8496    0.9071    0.5781   0.04836   0.02046 0.0005379
    45/299     2.08G   0.05798   0.02238 0.0006928   0.08104       119       480    0.9241    0.8598    0.9081    0.5778   0.04819    0.0204 0.0005507
    46/299     2.08G   0.05791   0.02257 0.0006973   0.08118       116       480    0.9374    0.8552    0.9074    0.5794   0.04804   0.02034 0.0005349
    47/299     2.08G    0.0575   0.02218 0.0006965   0.08038        90       480    0.9281    0.8585    0.9085    0.5804   0.04788   0.02029 0.0005393
    48/299     2.08G   0.05752   0.02207 0.0007018   0.08029        61       480    0.9264    0.8615    0.9094    0.5825   0.04778   0.02017 0.0005363
    49/299     2.08G   0.05759   0.02223 0.0006874    0.0805        68       480    0.9313    0.8601    0.9098    0.5854   0.04751   0.02009  0.000536
    50/299     2.08G   0.05764   0.02223 0.0006627   0.08054       120       480    0.9297    0.8637    0.9112    0.5902   0.04735   0.02011  0.000536
    51/299     2.08G   0.05735   0.02224 0.0006788   0.08026        65       480     0.939    0.8632    0.9124    0.5907    0.0473   0.02009 0.0005306
    52/299     2.08G   0.05742    0.0222 0.0006939   0.08031        96       480    0.9299    0.8659    0.9122     0.593   0.04727   0.02006 0.0005397
    53/299     2.08G   0.05705   0.02195 0.0006778   0.07968        37       480    0.9329    0.8648    0.9128    0.5955   0.04713      0.02 0.0005443
    54/299     2.08G   0.05665   0.02181 0.0007299   0.07919        69       480    0.9377    0.8665    0.9159    0.5996   0.04691   0.01992 0.0005377
    55/299     2.08G    0.0568   0.02179 0.0006565   0.07925        44       480    0.9369    0.8685    0.9164    0.5999   0.04684   0.01995  0.000532
    56/299     2.08G   0.05684   0.02209  0.000721   0.07965       100       480    0.9395    0.8667    0.9169    0.6039   0.04661   0.01987 0.0005453
    57/299     2.08G   0.05668   0.02202 0.0006762   0.07938        79       480    0.9375    0.8706    0.9187    0.6063   0.04658   0.01983 0.0005466
    58/299     2.08G   0.05664   0.02178 0.0006725    0.0791       111       480    0.9352    0.8713    0.9156    0.6051   0.04648   0.01981 0.0005388
    59/299     2.08G   0.05641   0.02153 0.0006863   0.07863        80       480     0.938    0.8706    0.9184    0.6073   0.04642   0.01977 0.0005248
    60/299     2.08G   0.05659   0.02166 0.0006466   0.07889        98       480    0.9486    0.8616    0.9169     0.609   0.04625   0.01978   0.00052
    61/299     2.08G     0.056   0.02176 0.0006577   0.07842        79       480    0.9427     0.866     0.918      0.61   0.04609   0.01972 0.0005133
    62/299     2.08G   0.05606   0.02181 0.0006581   0.07853       100       480    0.9396    0.8702    0.9188    0.6123   0.04592    0.0197 0.0005103
    63/299     2.08G   0.05593   0.02168 0.0006656   0.07827       125       480    0.9411    0.8685    0.9183    0.6116   0.04585   0.01965 0.0005106
    64/299     2.08G   0.05585   0.02163  0.000651   0.07813        80       480    0.9408    0.8714    0.9176    0.6126   0.04579   0.01963 0.0005109
    65/299     2.08G   0.05583   0.02143 0.0006579   0.07792        73       480    0.9441    0.8693    0.9208    0.6141   0.04575   0.01958 0.0005059
    66/299     2.08G   0.05596    0.0216 0.0006484   0.07821       109       480    0.9387    0.8752    0.9188    0.6159   0.04567   0.01957 0.0005048
    67/299     2.08G   0.05616    0.0217 0.0006638   0.07853        81       480    0.9404    0.8756    0.9222    0.6167   0.04555   0.01953 0.0005031
    68/299     2.08G    0.0558   0.02138 0.0006306   0.07781       118       480    0.9349    0.8788    0.9227    0.6177   0.04542   0.01948 0.0005024
    69/299     2.08G   0.05598   0.02178 0.0006647   0.07842       106       480    0.9342    0.8799     0.922    0.6191   0.04545   0.01947 0.0005094
    70/299     2.08G   0.05552   0.02151 0.0006613   0.07769        84       480    0.9309    0.8844    0.9229    0.6216   0.04533   0.01946 0.0005104
    71/299     2.08G   0.05551   0.02144 0.0006199   0.07757        66       480    0.9413    0.8773    0.9228    0.6227   0.04522   0.01939 0.0005075
    72/299     2.08G    0.0554   0.02136 0.0006403    0.0774        83       480    0.9438    0.8767    0.9236    0.6237   0.04513   0.01932 0.0005126
    73/299     2.08G   0.05545   0.02128 0.0006306   0.07736        99       480    0.9433    0.8751    0.9236    0.6246   0.04504   0.01929 0.0005129
    74/299     2.08G   0.05522   0.02149 0.0006274   0.07734       110       480    0.9455    0.8732    0.9236     0.624   0.04497    0.0193  0.000509
    75/299     2.08G   0.05523   0.02138 0.0006462   0.07726       114       480    0.9387    0.8781    0.9241    0.6258   0.04492   0.01927 0.0005059
    76/299     2.08G   0.05519   0.02139 0.0006418   0.07721        90       480    0.9447    0.8734    0.9251    0.6271   0.04484   0.01926 0.0005059
    77/299     2.08G   0.05521   0.02116 0.0006294   0.07699        86       480    0.9322    0.8835    0.9251    0.6276   0.04482   0.01924  0.000504
    78/299     2.08G   0.05521   0.02144 0.0006578   0.07731       103       480    0.9346     0.887    0.9257    0.6276    0.0448   0.01924    0.0005
    79/299     2.08G   0.05491   0.02117 0.0005992   0.07668       110       480    0.9448    0.8772    0.9256    0.6288   0.04475   0.01922 0.0004969
    80/299     2.08G   0.05516    0.0213 0.0006342    0.0771        67       480    0.9407    0.8807    0.9254    0.6288   0.04472   0.01922 0.0004988
    81/299     2.08G   0.05489   0.02127 0.0006356   0.07679       128       480    0.9367    0.8821    0.9248    0.6305   0.04468   0.01919 0.0004996
    82/299     2.08G   0.05504    0.0213  0.000632   0.07697        87       480    0.9338     0.884    0.9246    0.6307   0.04464   0.01918  0.000498
    83/299     2.08G   0.05482   0.02111 0.0006052   0.07654       100       480    0.9395    0.8814    0.9254    0.6317   0.04461   0.01917 0.0004971
    84/299     2.08G   0.05472   0.02118 0.0006151   0.07651       134       480    0.9403    0.8811    0.9257    0.6325   0.04457   0.01918 0.0004957
    85/299     2.08G    0.0548   0.02115 0.0006394   0.07659        89       480    0.9368    0.8837    0.9257    0.6334   0.04453   0.01916 0.0004927
    86/299     2.08G   0.05439   0.02104 0.0006068   0.07604        57       480    0.9328    0.8888     0.926    0.6342   0.04448   0.01915 0.0004921
    87/299     2.08G   0.05464    0.0212 0.0006365   0.07647       120       480    0.9342    0.8871    0.9259    0.6344   0.04442   0.01914 0.0004912
    88/299     2.08G   0.05457   0.02096  0.000618   0.07615        85       480     0.935    0.8867    0.9259    0.6361   0.04439   0.01912 0.0004898
    89/299     2.08G   0.05444    0.0211 0.0006117   0.07616        93       480    0.9315      0.89    0.9258    0.6364   0.04435   0.01911 0.0004874
    90/299     2.08G   0.05449   0.02102 0.0006168   0.07613       151       480    0.9331      0.89    0.9261    0.6371   0.04431    0.0191 0.0004856
    91/299     2.08G   0.05447     0.021 0.0006464   0.07612        81       480    0.9342    0.8903    0.9259    0.6375   0.04427   0.01908 0.0004858
    92/299     2.08G   0.05429   0.02099 0.0005953   0.07587        77       480    0.9367    0.8891    0.9266    0.6374   0.04424   0.01906 0.0004859
    93/299     2.08G   0.05406   0.02112 0.0005691   0.07574        86       480    0.9424    0.8843    0.9264    0.6385   0.04419   0.01906 0.0004858
    94/299     2.08G   0.05394   0.02072 0.0005865   0.07525        97       480    0.9425    0.8837    0.9268    0.6388   0.04416   0.01904 0.0004857
    95/299     2.08G    0.0539   0.02075 0.0005922   0.07524        67       480    0.9399    0.8867    0.9271    0.6395   0.04414   0.01903 0.0004856
    96/299     2.08G   0.05393   0.02084 0.0006087   0.07538       100       480      0.94     0.887     0.927    0.6397    0.0441   0.01902 0.0004862
    97/299     2.08G   0.05381   0.02069 0.0005763   0.07508        99       480    0.9455    0.8825     0.927    0.6402   0.04407   0.01902 0.0004865
    98/299     2.08G   0.05364   0.02079 0.0006045   0.07503       111       480    0.9439     0.884    0.9269    0.6409   0.04403     0.019 0.0004858
    99/299     2.08G   0.05368   0.02063 0.0005883    0.0749        85       480    0.9414    0.8862    0.9276    0.6411   0.04399   0.01899 0.0004846
   100/299     2.08G   0.05364   0.02062 0.0005834   0.07485        71       480    0.9434    0.8848    0.9276    0.6421   0.04395   0.01899 0.0004836
   101/299     2.08G   0.05363   0.02085 0.0006194   0.07509        94       480    0.9416    0.8871    0.9275    0.6433   0.04393   0.01898 0.0004835
   102/299     2.08G   0.05385   0.02093 0.0006064   0.07538       103       480    0.9409    0.8876    0.9274    0.6428   0.04391   0.01896 0.0004833
   103/299     2.08G   0.05363   0.02076 0.0005929   0.07498       122       480    0.9417    0.8869    0.9277    0.6433   0.04388   0.01896 0.0004825
   104/299     2.08G   0.05346    0.0205 0.0005858   0.07454        99       480    0.9415    0.8867    0.9275    0.6439   0.04385   0.01894 0.0004826
   105/299     2.08G   0.05347   0.02061 0.0005896   0.07467       111       480    0.9316     0.895    0.9273     0.644   0.04382   0.01894 0.0004828
   106/299     2.08G   0.05337   0.02077 0.0005929   0.07474       109       480    0.9327     0.894    0.9276     0.645   0.04379   0.01893 0.0004831
   107/299     2.08G   0.05341   0.02058 0.0005949   0.07458       133       480    0.9353    0.8913    0.9274    0.6451   0.04376   0.01892 0.0004833
   108/299     2.08G   0.05334   0.02061 0.0005722   0.07452       104       480    0.9353    0.8924     0.928    0.6452   0.04374   0.01891 0.0004834
   109/299     2.08G   0.05345    0.0207 0.0005852   0.07473        99       480    0.9332    0.8945    0.9281    0.6455   0.04372   0.01891 0.0004836
   110/299     2.08G   0.05317   0.02039 0.0005888   0.07416        82       480    0.9326    0.8945    0.9282    0.6461   0.04369    0.0189 0.0004828
   111/299     2.08G   0.05315   0.02065 0.0005833   0.07438       144       480    0.9334    0.8943    0.9285    0.6463   0.04367   0.01889 0.0004824
   112/299     2.08G   0.05286   0.02052 0.0005792   0.07395       102       480    0.9341    0.8944    0.9288    0.6469   0.04365   0.01889 0.0004821
   113/299     2.08G   0.05299   0.02045 0.0005839   0.07402        74       480    0.9355    0.8931    0.9288    0.6474   0.04363   0.01888 0.0004815
   114/299     2.08G   0.05277   0.02045  0.000594   0.07381        87       480    0.9344    0.8951    0.9291    0.6475   0.04361   0.01886 0.0004806
   115/299     2.08G   0.05287   0.02045 0.0005785   0.07389       110       480    0.9358    0.8936    0.9291    0.6475   0.04359   0.01886 0.0004799
   116/299     2.08G   0.05336   0.02046 0.0005884   0.07441       127       480    0.9362    0.8935    0.9291    0.6479   0.04357   0.01885 0.0004794
   117/299     2.08G   0.05285   0.02039 0.0005623    0.0738        59       480    0.9362    0.8945    0.9293    0.6481   0.04355   0.01884 0.0004792
   118/299     2.08G    0.0527   0.02035 0.0005713   0.07362        67       480    0.9376    0.8936    0.9295    0.6481   0.04353   0.01883 0.0004791
   119/299     2.08G   0.05288   0.02043 0.0005709   0.07388        58       480    0.9376    0.8939    0.9297    0.6487   0.04351   0.01883  0.000479
   120/299     2.08G   0.05249   0.02005 0.0005451   0.07308        99       480    0.9373    0.8942    0.9295    0.6487    0.0435   0.01883 0.0004788
   121/299     2.08G   0.05254   0.02046 0.0005635   0.07357        94       480    0.9371    0.8949    0.9299    0.6488   0.04348   0.01882 0.0004784
   122/299     2.08G   0.05267   0.02047 0.0005539   0.07369       142       480    0.9389     0.893    0.9298    0.6496   0.04346   0.01881 0.0004781
   123/299     2.08G   0.05263   0.02062 0.0005735   0.07382       178       480    0.9333    0.8981    0.9298    0.6494   0.04344   0.01881 0.0004784
   124/299     2.08G   0.05226   0.02013 0.0005465   0.07294       109       480    0.9362    0.8962    0.9298    0.6496   0.04343    0.0188 0.0004782
   125/299     2.08G   0.05248   0.02029 0.0005611   0.07333        92       480    0.9382    0.8946    0.9297    0.6496   0.04341    0.0188 0.0004783
   126/299     2.08G    0.0526   0.02049 0.0005842   0.07367       132       480    0.9387    0.8946    0.9298    0.6494    0.0434   0.01879 0.0004783
   127/299     2.08G   0.05226   0.02013 0.0005601   0.07295       113       480    0.9403    0.8934    0.9298    0.6495   0.04338   0.01878 0.0004782
   128/299     2.08G   0.05231   0.02016 0.0005582   0.07302        91       480    0.9393    0.8941    0.9299    0.6499   0.04337   0.01878 0.0004783
   129/299     2.08G   0.05216   0.02003 0.0005307   0.07273       135       480      0.94    0.8937      0.93    0.6504   0.04335   0.01877  0.000478
   130/299     2.08G   0.05232   0.02013  0.000577   0.07303        84       480      0.94    0.8938    0.9301    0.6504   0.04333   0.01877 0.0004777
   131/299     2.08G   0.05206   0.02013 0.0005589   0.07275        74       480    0.9402    0.8942    0.9302    0.6507   0.04332   0.01876 0.0004774
   132/299     2.08G   0.05199   0.02021 0.0005281   0.07273        68       480    0.9426    0.8928    0.9302    0.6511    0.0433   0.01876  0.000477
   133/299     2.08G   0.05171   0.01985 0.0005359    0.0721       139       480    0.9432    0.8919    0.9303    0.6513   0.04328   0.01875 0.0004768
   134/299     2.08G   0.05179   0.02005 0.0005525   0.07239       108       480    0.9433    0.8923    0.9303    0.6515   0.04327   0.01875 0.0004768
   135/299     2.08G    0.0517      0.02 0.0005656   0.07226        76       480    0.9429    0.8924    0.9303    0.6521   0.04325   0.01874 0.0004763
   136/299     2.08G   0.05169   0.01979 0.0005586   0.07203       100       480    0.9399     0.895    0.9304    0.6524   0.04323   0.01873 0.0004757
   137/299     2.08G   0.05217   0.02025 0.0005408   0.07297        53       480    0.9425    0.8923    0.9304    0.6529   0.04321   0.01873 0.0004753
   138/299     2.08G    0.0515   0.01967 0.0005326    0.0717       101       480    0.9421    0.8927    0.9303    0.6527    0.0432   0.01872  0.000475
   139/299     2.08G   0.05187   0.02019 0.0005498   0.07261       115       480    0.9437    0.8923    0.9304    0.6531   0.04318   0.01872 0.0004748
   140/299     2.08G   0.05158   0.01997 0.0005654   0.07211        68       480    0.9428    0.8936    0.9304    0.6533   0.04317   0.01871 0.0004743
   141/299     2.08G    0.0513   0.01982 0.0005494   0.07167        69       480    0.9436    0.8931    0.9304    0.6531   0.04315    0.0187 0.0004738
   142/299     2.08G   0.05167   0.01987 0.0005318   0.07208        93       480    0.9433    0.8934    0.9305    0.6533   0.04313    0.0187 0.0004732
   143/299     2.08G   0.05163   0.01995 0.0005402   0.07211        85       480     0.944    0.8928    0.9304    0.6534   0.04312   0.01869 0.0004727
   144/299     2.08G   0.05112   0.01961 0.0005271   0.07126        71       480    0.9439    0.8933    0.9301    0.6536    0.0431   0.01869 0.0004722
   145/299     2.08G   0.05151   0.01995 0.0005362     0.072        81       480    0.9456    0.8917    0.9301    0.6539   0.04308   0.01869 0.0004715
   146/299     2.08G   0.05147   0.01966  0.000511   0.07164        71       480    0.9464    0.8916    0.9304    0.6542   0.04307   0.01868 0.0004709
   147/299     2.08G   0.05153   0.01987 0.0005551   0.07195        77       480    0.9455    0.8919    0.9303    0.6543   0.04305   0.01867 0.0004702
   148/299     2.08G   0.05115   0.01971  0.000522   0.07138        83       480    0.9427    0.8942    0.9306    0.6547   0.04303   0.01866 0.0004697
   149/299     2.08G   0.05124   0.01975 0.0005293   0.07152       101       480    0.9426     0.894    0.9304    0.6546   0.04301   0.01866 0.0004695
   150/299     2.08G   0.05118   0.01988 0.0005185   0.07159        62       480    0.9431    0.8932    0.9304     0.655   0.04299   0.01866 0.0004691
   151/299     2.08G   0.05128    0.0197 0.0005339   0.07152       110       480    0.9448    0.8922    0.9305    0.6552   0.04298   0.01866 0.0004688
   152/299     2.08G   0.05113    0.0196 0.0005123   0.07124       106       480    0.9427    0.8946    0.9307    0.6553   0.04296   0.01864 0.0004685
   153/299     2.08G   0.05093    0.0195  0.000513   0.07095        63       480    0.9431     0.894    0.9305    0.6555   0.04295   0.01864 0.0004682
   154/299     2.08G   0.05117   0.01955 0.0005247   0.07125       143       480    0.9436    0.8938    0.9307    0.6558   0.04293   0.01864  0.000468
   155/299     2.08G   0.05094   0.01963 0.0005108   0.07108        91       480    0.9436     0.894    0.9309    0.6561   0.04292   0.01862 0.0004678
   156/299     2.08G   0.05097   0.01956 0.0005385   0.07107       148       480     0.944    0.8942    0.9311    0.6563    0.0429   0.01862 0.0004675
   157/299     2.08G   0.05076    0.0196 0.0005309   0.07089        99       480    0.9437    0.8945    0.9314    0.6564   0.04288   0.01862 0.0004672
   158/299     2.08G   0.05093   0.01972 0.0005053   0.07115        84       480    0.9459    0.8926    0.9313    0.6568   0.04287   0.01861 0.0004668
   159/299     2.08G   0.05087   0.01948 0.0005258   0.07088        95       480    0.9438    0.8939    0.9316    0.6571   0.04285   0.01861 0.0004665
   160/299     2.08G   0.05078   0.01945 0.0005171   0.07074       107       480    0.9434    0.8943    0.9314     0.657   0.04284    0.0186 0.0004662
   161/299     2.08G   0.05052   0.01951  0.000497   0.07053        80       480    0.9452    0.8929    0.9317    0.6571   0.04282   0.01859 0.0004658
   162/299     2.08G   0.05076   0.01979 0.0005242   0.07107        86       480    0.9456    0.8933    0.9316    0.6575   0.04281   0.01858 0.0004657
   163/299     2.08G   0.05064   0.01936 0.0005188   0.07052       100       480    0.9445    0.8943    0.9318    0.6578   0.04279   0.01858 0.0004654
   164/299     2.08G   0.05048   0.01956 0.0005149   0.07056       136       480    0.9468    0.8928    0.9317    0.6581   0.04277   0.01857 0.0004651
   165/299     2.08G   0.05063    0.0196 0.0005147   0.07075       141       480    0.9451    0.8941    0.9317    0.6582   0.04275   0.01856 0.0004647
   166/299     2.08G   0.05059   0.01949 0.0005341   0.07061        87       480    0.9444    0.8947    0.9318    0.6586   0.04274   0.01856 0.0004648
   167/299     2.08G    0.0505   0.01945 0.0005143   0.07047       112       480    0.9389    0.8991    0.9319    0.6588   0.04272   0.01855 0.0004645
   168/299     2.08G   0.05022   0.01937 0.0005107    0.0701       163       480    0.9398    0.8986    0.9318     0.659    0.0427   0.01854 0.0004642
   169/299     2.08G    0.0504   0.01949 0.0005094    0.0704        88       480    0.9395    0.8991    0.9321    0.6592   0.04269   0.01854  0.000464
   170/299     2.08G   0.05018   0.01946 0.0005176   0.07015        85       480    0.9392    0.8992    0.9319    0.6597   0.04267   0.01852 0.0004637
   171/299     2.08G   0.05005    0.0194 0.0005218   0.06996        88       480    0.9387    0.8994    0.9319    0.6599   0.04265   0.01851 0.0004635
   172/299     2.08G   0.05027   0.01934 0.0005094   0.07012        98       480    0.9386    0.8996    0.9319    0.6604   0.04263   0.01851 0.0004631
   173/299     2.08G   0.05004   0.01936 0.0005206   0.06992        84       480    0.9441    0.8951    0.9318    0.6607   0.04262    0.0185 0.0004627
   174/299     2.08G   0.05042   0.01938 0.0005077   0.07031        90       480     0.947    0.8934    0.9321    0.6607    0.0426   0.01849 0.0004624
   175/299     2.08G   0.04985   0.01918 0.0005164   0.06954        72       480    0.9472    0.8937    0.9327    0.6611   0.04258   0.01848 0.0004621
   176/299     2.08G   0.04992   0.01916 0.0004874   0.06957        77       480    0.9464    0.8945    0.9323    0.6613   0.04257   0.01847 0.0004619
   177/299     2.08G    0.0498   0.01907 0.0004801   0.06934        95       480    0.9462    0.8946    0.9323    0.6614   0.04255   0.01846 0.0004617
   178/299     2.08G   0.05019   0.01921 0.0004942   0.06989        89       480    0.9467     0.895    0.9327    0.6615   0.04254   0.01846 0.0004615
   179/299     2.08G   0.04972   0.01907 0.0005129    0.0693        54       480    0.9487    0.8931    0.9327    0.6616   0.04252   0.01844  0.000461
   180/299     2.08G   0.04993   0.01928 0.0005127   0.06972        62       480    0.9488    0.8932    0.9327    0.6623    0.0425   0.01844 0.0004606
   181/299     2.08G   0.04972   0.01901 0.0005035   0.06923        77       480    0.9448    0.8967    0.9327    0.6628   0.04249   0.01842 0.0004603
   182/299     2.08G   0.04967   0.01898 0.0004993   0.06915        35       480    0.9476    0.8944    0.9324    0.6627   0.04247   0.01842   0.00046
   183/299     2.08G   0.04916   0.01876 0.0005034   0.06842        65       480    0.9488    0.8941    0.9323    0.6629   0.04245   0.01841 0.0004595
   184/299     2.08G   0.04945   0.01888 0.0004812   0.06881       105       480    0.9474    0.8955    0.9328    0.6631   0.04244   0.01839 0.0004592
   185/299     2.08G   0.04922   0.01877 0.0004798   0.06846        75       480    0.9482     0.895    0.9328    0.6633   0.04242   0.01838 0.0004588
   186/299     2.08G   0.04974   0.01896 0.0005016    0.0692        59       480    0.9485    0.8953    0.9332    0.6638    0.0424   0.01838 0.0004584
   187/299     2.08G   0.04955   0.01905 0.0004899   0.06909       109       480    0.9478    0.8962    0.9333    0.6643   0.04238   0.01837  0.000458
   188/299     2.08G   0.04937   0.01885 0.0004904    0.0687        72       480    0.9472    0.8966    0.9334    0.6646   0.04237   0.01836 0.0004579
   189/299     2.08G   0.04934   0.01886 0.0004982   0.06869       103       480    0.9469    0.8974    0.9334    0.6649   0.04235   0.01835 0.0004577
   190/299     2.08G   0.04943   0.01878  0.000482   0.06869       112       480    0.9454    0.8989    0.9333    0.6652   0.04233   0.01833 0.0004577
   191/299     2.08G   0.04933   0.01881 0.0004906   0.06862        45       480    0.9451    0.8992    0.9338    0.6657   0.04232   0.01832 0.0004576
   192/299     2.08G   0.04925   0.01875 0.0004764   0.06848        86       480    0.9454    0.8992     0.934    0.6656    0.0423   0.01831 0.0004574
   193/299     2.08G   0.04909   0.01863 0.0004547   0.06818        80       480    0.9451    0.8994    0.9341    0.6661   0.04228   0.01831 0.0004572
   194/299     2.08G    0.0493   0.01893 0.0004691    0.0687       119       480     0.945    0.8997    0.9342    0.6664   0.04226    0.0183  0.000457
   195/299     2.08G   0.04913   0.01889  0.000485    0.0685        80       480    0.9475    0.8979    0.9343    0.6668   0.04224   0.01829 0.0004568
   196/299     2.08G   0.04895   0.01874 0.0004675   0.06816        52       480    0.9438    0.9014    0.9343    0.6668   0.04223   0.01828 0.0004566
   197/299     2.08G   0.04925   0.01899 0.0004766   0.06871        78       480    0.9471    0.8989    0.9343     0.667   0.04221   0.01827 0.0004562
   198/299     2.08G   0.04867   0.01859 0.0004739   0.06773        94       480    0.9466    0.8994     0.934    0.6673   0.04219   0.01827 0.0004559
   199/299     2.08G   0.04879   0.01867 0.0004476   0.06791       103       480     0.947     0.899    0.9341    0.6676   0.04218   0.01825 0.0004555
   200/299     2.08G    0.0487   0.01862 0.0004343   0.06775       101       480    0.9442    0.9015     0.934    0.6676   0.04216   0.01824 0.0004549
   201/299     2.08G   0.04916   0.01875   0.00046   0.06837        78       480    0.9483    0.8986    0.9341    0.6682   0.04215   0.01824 0.0004544
   202/299     2.08G    0.0488   0.01884 0.0004771   0.06812       103       480    0.9483    0.8991    0.9342    0.6684   0.04213   0.01822 0.0004539
   203/299     2.08G   0.04867   0.01855 0.0004656   0.06769       138       480    0.9482    0.8992    0.9343     0.669   0.04212   0.01822 0.0004535
   204/299     2.08G   0.04858   0.01848 0.0004575   0.06752       110       480    0.9476    0.9002    0.9343    0.6689    0.0421   0.01821 0.0004529
   205/299     2.08G   0.04899    0.0187 0.0004611   0.06815       148       480    0.9486    0.8997    0.9344    0.6692   0.04208    0.0182 0.0004523
   206/299     2.08G   0.04858   0.01862 0.0004644   0.06767       112       480    0.9485    0.9002    0.9347    0.6693   0.04207   0.01818 0.0004519
   207/299     2.08G   0.04864   0.01848 0.0004763    0.0676        91       480    0.9499    0.8997    0.9348    0.6697   0.04205   0.01818 0.0004515
   208/299     2.08G   0.04859   0.01851 0.0004605   0.06757        89       480    0.9493    0.9003    0.9348    0.6698   0.04204   0.01817 0.0004511
   209/299     2.08G   0.04874    0.0186 0.0004555   0.06779       121       480    0.9493    0.9002    0.9348    0.6699   0.04202   0.01816 0.0004505
   210/299     2.08G    0.0486   0.01862 0.0004582   0.06768       138       480    0.9496    0.9001    0.9348    0.6703   0.04201   0.01815 0.0004502
   211/299     2.08G   0.04842   0.01851 0.0004572   0.06739        97       480    0.9494    0.8998    0.9346    0.6704   0.04199   0.01814   0.00045
   212/299     2.08G   0.04811   0.01849 0.0004589   0.06706       107       480    0.9515     0.898    0.9347    0.6705   0.04198   0.01813 0.0004498
   213/299     2.08G   0.04874   0.01846 0.0004434   0.06764        99       480    0.9512    0.8985    0.9349    0.6709   0.04196   0.01813 0.0004493
   214/299     2.08G   0.04866   0.01852 0.0004582   0.06764       109       480    0.9508    0.8988    0.9349    0.6712   0.04195   0.01811 0.0004487
   215/299     2.08G   0.04818   0.01829 0.0004693   0.06694        64       480    0.9507     0.899    0.9351    0.6714   0.04193   0.01811 0.0004482
   216/299     2.08G   0.04828    0.0184 0.0004399   0.06712       160       480     0.951    0.8992     0.935    0.6715   0.04192   0.01809 0.0004477
   217/299     2.08G   0.04827   0.01823 0.0004543   0.06695       110       480    0.9521    0.8983     0.935    0.6718    0.0419    0.0181 0.0004473
   218/299     2.08G    0.0478   0.01814  0.000453   0.06639       126       480    0.9501    0.9003    0.9351    0.6718   0.04189   0.01809 0.0004468
   219/299     2.08G   0.04838   0.01844 0.0004502   0.06727        98       480    0.9504    0.9002    0.9352     0.672   0.04187   0.01807 0.0004465
   220/299     2.08G   0.04819   0.01838 0.0004669   0.06703        88       480    0.9494    0.9009    0.9353    0.6721   0.04186   0.01806 0.0004458
   221/299     2.08G   0.04815   0.01819 0.0004401   0.06678       125       480    0.9497     0.901    0.9352    0.6725   0.04185   0.01806 0.0004453
   222/299     2.08G   0.04798   0.01809 0.0004555   0.06653        63       480    0.9498    0.9009    0.9356    0.6726   0.04183   0.01805 0.0004449
   223/299     2.08G   0.04781   0.01831 0.0004451   0.06657        81       480    0.9474    0.9033    0.9354    0.6728   0.04182   0.01804 0.0004444
   224/299     2.08G   0.04814   0.01834 0.0004535   0.06693       118       480    0.9476     0.903    0.9359    0.6731   0.04181   0.01803  0.000444
   225/299     2.08G   0.04794   0.01823 0.0004348    0.0666       106       480    0.9528    0.8988    0.9357    0.6735   0.04179   0.01802 0.0004435
   226/299     2.08G   0.04794   0.01815 0.0004602   0.06654       150       480    0.9528    0.8986    0.9356    0.6738   0.04178   0.01802 0.0004433
   227/299     2.08G   0.04781   0.01806 0.0004447   0.06631        65       480    0.9517    0.8999    0.9357    0.6745   0.04176   0.01801  0.000443
   228/299     2.08G   0.04777   0.01839 0.0004626   0.06663        72       480    0.9503    0.9011    0.9357    0.6745   0.04175     0.018 0.0004429
   229/299     2.08G   0.04772    0.0183 0.0004471   0.06646        88       480    0.9504    0.9012    0.9356    0.6748   0.04173     0.018 0.0004428
   230/299     2.08G   0.04772   0.01825 0.0004504   0.06642        94       480    0.9512    0.9008    0.9355     0.675   0.04172   0.01799 0.0004426
   231/299     2.08G   0.04789   0.01825 0.0004253   0.06656       108       480     0.951     0.901    0.9355    0.6753   0.04171   0.01798 0.0004421
   232/299     2.08G   0.04766   0.01829  0.000442    0.0664        96       480    0.9507    0.9015    0.9355    0.6755   0.04169   0.01797 0.0004413
   233/299     2.08G   0.04755   0.01819 0.0004228   0.06616       110       480    0.9515     0.901    0.9354    0.6762   0.04168   0.01796 0.0004407
   234/299     2.08G   0.04733   0.01797 0.0004406   0.06575       114       480    0.9515    0.9012    0.9354    0.6762   0.04166   0.01795   0.00044
   235/299     2.08G   0.04762   0.01826 0.0004459   0.06633        83       480    0.9515    0.9016    0.9355    0.6765   0.04165   0.01794 0.0004394
   236/299     2.08G   0.04717   0.01789 0.0004585   0.06552        40       480    0.9515     0.902    0.9355    0.6768   0.04163   0.01793  0.000439
   237/299     2.08G    0.0477   0.01829 0.0004524   0.06644        87       480    0.9514     0.902    0.9354    0.6771   0.04162   0.01793 0.0004388
   238/299     2.08G    0.0473   0.01831 0.0004494   0.06606       104       480     0.952    0.9015    0.9355    0.6774   0.04161   0.01792 0.0004385
   239/299     2.08G   0.04739   0.01803 0.0004553   0.06588        98       480     0.951    0.9019    0.9356    0.6775   0.04159   0.01792  0.000438
   240/299     2.08G   0.04738   0.01794 0.0004166   0.06573       100       480    0.9522    0.9011    0.9358    0.6778   0.04158   0.01791 0.0004376
   241/299     2.08G   0.04756   0.01806 0.0004305   0.06605        80       480    0.9497    0.9035     0.936    0.6781   0.04157   0.01789  0.000437
   242/299     2.08G   0.04712   0.01793 0.0004449   0.06549        91       480    0.9529    0.9011    0.9359    0.6782   0.04155   0.01788 0.0004366
   243/299     2.08G   0.04719   0.01792 0.0004469   0.06556       110       480    0.9527    0.9014    0.9362    0.6787   0.04153   0.01787  0.000436
   244/299     2.08G   0.04736     0.018 0.0004415   0.06579       124       480    0.9527    0.9015    0.9362    0.6785   0.04152   0.01787 0.0004355
   245/299     2.08G   0.04672   0.01778 0.0004517   0.06495        50       480    0.9534    0.9009    0.9361    0.6788    0.0415   0.01786  0.000435
   246/299     2.08G   0.04709   0.01793 0.0004156   0.06543       101       480    0.9529    0.9013    0.9361    0.6788   0.04149   0.01785 0.0004347
   247/299     2.08G   0.04729   0.01791 0.0004517   0.06565        66       480     0.953    0.9008    0.9361     0.679   0.04147   0.01784 0.0004343
   248/299     2.08G   0.04696   0.01801 0.0004349    0.0654        71       480    0.9526    0.9012    0.9361    0.6792   0.04146   0.01783 0.0004339
   249/299     2.08G   0.04722   0.01807 0.0004361   0.06572        85       480    0.9498    0.9036    0.9363    0.6793   0.04145   0.01782 0.0004335
   250/299     2.08G   0.04678   0.01788 0.0004134   0.06507       113       480      0.95    0.9038    0.9363    0.6798   0.04143   0.01782 0.0004333
   251/299     2.08G   0.04697   0.01803 0.0004505   0.06545       107       480    0.9512    0.9025    0.9361    0.6798   0.04141   0.01781  0.000433
   252/299     2.08G   0.04686   0.01795  0.000421   0.06523        80       480    0.9535    0.9008    0.9363    0.6804    0.0414    0.0178 0.0004325
   253/299     2.08G   0.04694   0.01783  0.000425   0.06519        95       480    0.9524    0.9015    0.9362    0.6806   0.04138    0.0178 0.0004322
   254/299     2.08G   0.04683   0.01788 0.0004305   0.06514       100       480    0.9484    0.9046    0.9361    0.6806   0.04137   0.01779 0.0004319
   255/299     2.08G   0.04673   0.01781 0.0004224   0.06496        85       480     0.956     0.898    0.9363    0.6811   0.04136   0.01778 0.0004317
   256/299     2.08G   0.04682   0.01796 0.0004394   0.06522        87       480    0.9545    0.8994    0.9363    0.6816   0.04134   0.01777 0.0004312
   257/299     2.08G   0.04664   0.01762 0.0004091   0.06467        62       480    0.9544    0.8989    0.9361    0.6822   0.04132   0.01776 0.0004307
   258/299     2.08G   0.04646   0.01753 0.0004232   0.06441       145       480    0.9531    0.9003    0.9362    0.6826    0.0413   0.01775 0.0004302
   259/299     2.08G   0.04683   0.01768 0.0004089   0.06492        66       480    0.9532    0.9006     0.936    0.6832   0.04129   0.01775 0.0004298
   260/299     2.08G    0.0468   0.01785 0.0004206   0.06507        78       480    0.9534    0.9006    0.9361    0.6832   0.04127   0.01774 0.0004293
   261/299     2.08G   0.04653   0.01753 0.0003987   0.06447        66       480    0.9518    0.9018    0.9362    0.6835   0.04126   0.01773 0.0004288
   262/299     2.08G    0.0466   0.01762 0.0004174   0.06464       122       480    0.9521    0.9021    0.9363    0.6836   0.04125   0.01773 0.0004284
   263/299     2.08G   0.04647   0.01767  0.000388   0.06453       129       480    0.9523    0.9019    0.9364    0.6841   0.04123   0.01772 0.0004277
   264/299     2.08G   0.04647   0.01763 0.0004248   0.06452       127       480    0.9544    0.8997    0.9364    0.6843   0.04122   0.01771 0.0004273
   265/299     2.08G    0.0466   0.01758 0.0004136   0.06459        56       480    0.9549    0.8995    0.9365    0.6843   0.04121   0.01771 0.0004271
   266/299     2.08G   0.04659   0.01763 0.0004133   0.06463        74       480     0.957    0.8979    0.9365    0.6845   0.04119    0.0177 0.0004268
   267/299     2.08G   0.04656   0.01744 0.0004105   0.06441        62       480    0.9538    0.9007    0.9364    0.6846   0.04118   0.01769 0.0004265
   268/299     2.08G   0.04637   0.01755 0.0004163   0.06434       115       480    0.9554    0.8994    0.9365    0.6848   0.04117   0.01768 0.0004263
   269/299     2.08G   0.04661   0.01755  0.000411   0.06457        96       480    0.9554       0.9    0.9367    0.6851   0.04115   0.01767  0.000426
   270/299     2.08G    0.0466   0.01757  0.000423   0.06459        50       480    0.9553    0.9002    0.9366    0.6853   0.04114   0.01767 0.0004256
   271/299     2.08G   0.04615   0.01733 0.0004025   0.06388        65       480     0.955    0.9009    0.9367    0.6856   0.04113   0.01766 0.0004253
   272/299     2.08G   0.04657   0.01757 0.0004104   0.06454        96       480    0.9561    0.9004    0.9366    0.6856   0.04111   0.01765 0.0004249
   273/299     2.08G   0.04617   0.01758 0.0004051   0.06415       101       480     0.955    0.9014    0.9367    0.6861    0.0411   0.01765 0.0004245
   274/299     2.08G    0.0463   0.01726 0.0003846   0.06394        80       480    0.9575    0.8994    0.9378    0.6862   0.04108   0.01764 0.0004239
   275/299     2.08G   0.04641   0.01757 0.0004071   0.06438        75       480    0.9551    0.9015    0.9377    0.6862   0.04107   0.01764 0.0004234
   276/299     2.08G   0.04625   0.01757 0.0003943   0.06421       113       480    0.9577    0.8994    0.9378    0.6868   0.04105   0.01763 0.0004229
   277/299     2.08G   0.04624   0.01765 0.0004229   0.06431        81       480    0.9561    0.9008    0.9379     0.687   0.04104   0.01762 0.0004225
   278/299     2.08G   0.04651   0.01755 0.0004358   0.06449       151       480    0.9563    0.9008    0.9379    0.6874   0.04103   0.01761  0.000422
   279/299     2.08G   0.04635   0.01759 0.0004149   0.06435        86       480    0.9559    0.9014     0.938    0.6876   0.04101    0.0176 0.0004217
   280/299     2.08G   0.04605    0.0173 0.0004149   0.06377       142       480    0.9568     0.901     0.938    0.6879     0.041    0.0176 0.0004215
   281/299     2.08G   0.04627   0.01747 0.0004045   0.06415        79       480    0.9566    0.9012    0.9381    0.6882   0.04099   0.01759 0.0004214
   282/299     2.08G   0.04634   0.01729 0.0003937   0.06402        92       480    0.9561    0.9013    0.9381    0.6882   0.04098   0.01758  0.000421
   283/299     2.08G   0.04632   0.01757  0.000388   0.06428       100       480    0.9568    0.9009    0.9381    0.6883   0.04096   0.01758 0.0004208
   284/299     2.08G   0.04614   0.01748 0.0003991   0.06402        95       480    0.9551    0.9023    0.9382    0.6883   0.04095   0.01757 0.0004206
   285/299     2.08G   0.04625   0.01746   0.00041   0.06412       142       480    0.9555    0.9019    0.9382    0.6887   0.04094   0.01756 0.0004204
   286/299     2.08G   0.04616   0.01729 0.0004144   0.06387        99       480    0.9557    0.9023    0.9383    0.6889   0.04093   0.01756 0.0004202
   287/299     2.08G   0.04616   0.01742 0.0004262     0.064       100       480    0.9556    0.9022    0.9383    0.6892   0.04091   0.01755 0.0004198
   288/299     2.08G   0.04596   0.01718 0.0004068   0.06354        84       480    0.9558     0.903    0.9387    0.6894    0.0409   0.01755 0.0004195
   289/299     2.08G   0.04607   0.01748 0.0004021   0.06396        92       480    0.9552    0.9037    0.9387    0.6894   0.04089   0.01754 0.0004192
   290/299     2.08G   0.04613    0.0174 0.0004278   0.06396        89       480    0.9535    0.9052    0.9388    0.6899   0.04087   0.01754 0.0004189
   291/299     2.08G   0.04573   0.01721 0.0004008   0.06334        84       480    0.9555    0.9034    0.9388    0.6901   0.04086   0.01753 0.0004183
   292/299     2.08G   0.04596   0.01726 0.0003864   0.06361        84       480    0.9563    0.9031     0.939    0.6903   0.04085   0.01753 0.0004179
   293/299     2.08G   0.04628   0.01739 0.0003926   0.06407        68       480    0.9565    0.9031     0.939    0.6905   0.04084   0.01753 0.0004175
   294/299     2.08G   0.04607   0.01747 0.0003981   0.06394        88       480    0.9569    0.9029    0.9398     0.691   0.04083   0.01751 0.0004172
   295/299     2.08G   0.04584   0.01734 0.0003838   0.06357        88       480    0.9573    0.9031    0.9392    0.6909   0.04082   0.01751  0.000417
   296/299     2.08G   0.04611   0.01756  0.000408   0.06408       105       480    0.9558    0.9043    0.9392    0.6906   0.04081    0.0175 0.0004169
   297/299     2.08G    0.0462   0.01752 0.0004142   0.06414       123       480    0.9579     0.902    0.9399    0.6911    0.0408   0.01749 0.0004169
   298/299     2.08G   0.04605   0.01742 0.0004069   0.06387        87       480    0.9569    0.9031    0.9399    0.6912   0.04078   0.01749 0.0004167
   299/299     2.08G    0.0461    0.0173 0.0004094    0.0638       136       480    0.9575    0.9024    0.9402    0.6913   0.04078   0.01749 0.0004166
