2 0.8622396 0.5314815 0.0213542 0.1055556
2 0.8208333 0.6060185 0.0562500 0.2009259
2 0.8000000 0.5935185 0.0614583 0.2037037
2 0.7679687 0.5560185 0.0296875 0.0990741
2 0.7382812 0.5587963 0.0223958 0.0990741
2 0.7247396 0.5712963 0.0286458 0.1055556
2 0.7052083 0.5782407 0.0229167 0.0990741
2 0.6830729 0.5837963 0.0317708 0.1712963
2 0.6664062 0.5736111 0.0203125 0.1064815
2 0.6520833 0.5884259 0.0406250 0.1657407
2 0.5710937 0.5750000 0.0182292 0.1055556
2 0.4979167 0.5754630 0.0218750 0.1101852
2 0.4273438 0.5740741 0.0265625 0.0870370
2 0.3786458 0.5745370 0.0218750 0.1157407
2 0.3270833 0.5708333 0.0281250 0.1046296
2 0.2716146 0.5685185 0.0161458 0.0777778
2 0.2604167 0.5745370 0.0270833 0.0861111
2 0.2955729 0.5481481 0.0078125 0.0351852
2 0.2486979 0.5504630 0.0088542 0.0453704
2 0.2213542 0.5513889 0.0093750 0.0546296
2 0.2286458 0.5685185 0.0145833 0.0833333
2 0.1958333 0.5745370 0.0239583 0.0953704
2 0.1791667 0.5523148 0.0093750 0.0583333
2 0.1315104 0.5592593 0.0151042 0.0888889
2 0.0864583 0.5601852 0.0156250 0.0833333
2 0.0151042 0.5462963 0.0125000 0.0537037
2 0.0070313 0.5388889 0.0130208 0.0703704
1 0.4161458 0.6208333 0.4416667 0.0231481
1 0.9190104 0.6277778 0.1619792 0.1444444
1 0.7565104 0.5986111 0.0755208 0.0750000
0 0.4494792 0.2740741 0.0218750 0.0888889
0 0.5421875 0.2712963 0.0197917 0.0833333